Selection	View	Channel	Begin Time (s)	End Time (s)	Low Freq (Hz)	High Freq (Hz)	Annotation
1	Waveform 1	1	3.012861068	3.616333987	0.000	22050.000	
1	Spectrogram 1	1	3.012861068	3.616333987	0.000	22050.000	
2	Waveform 1	1	3.859524567	4.336898667	0.000	22050.000	
2	Spectrogram 1	1	3.859524567	4.336898667	0.000	22050.000	
3	Waveform 1	1	7.840644424	8.376564404	0.000	22050.000	
3	Spectrogram 1	1	7.840644424	8.376564404	0.000	22050.000	
4	Waveform 1	1	12.398216024	12.681938367	0.000	22050.000	
4	Spectrogram 1	1	12.398216024	12.681938367	0.000	22050.000	
5	Waveform 1	1	12.699952484	13.051227766	0.000	22050.000	
5	Spectrogram 1	1	12.699952484	13.051227766	0.000	22050.000	
6	Waveform 1	1	17.284545260	17.838479358	0.000	22050.000	
6	Spectrogram 1	1	17.284545260	17.838479358	0.000	22050.000	
7	Waveform 1	1	21.409778053	22.067293323	0.000	22050.000	
7	Spectrogram 1	1	21.409778053	22.067293323	0.000	22050.000	
8	Waveform 1	1	22.567185070	22.936474469	0.000	22050.000	
8	Spectrogram 1	1	22.567185070	22.936474469	0.000	22050.000	
9	Waveform 1	1	23.510263981	23.728400592	0.000	22050.000	
9	Spectrogram 1	1	23.510263981	23.728400592	0.000	22050.000	
10	Waveform 1	1	23.753876400	24.473567992	0.000	22050.000	
10	Spectrogram 1	1	23.753876400	24.473567992	0.000	22050.000	
11	Waveform 1	1	24.557956608	25.016521163	0.000	22050.000	
11	Spectrogram 1	1	24.557956608	25.016521163	0.000	22050.000	
12	Waveform 1	1	25.045181447	25.360444578	0.000	22050.000	
12	Spectrogram 1	1	25.045181447	25.360444578	0.000	22050.000	
13	Waveform 1	1	25.657767920	25.819894973	0.000	22050.000	
13	Spectrogram 1	1	25.657767920	25.819894973	0.000	22050.000	
14	Waveform 1	1	25.948245557	26.229716135	0.000	22050.000	
14	Spectrogram 1	1	25.948245557	26.229716135	0.000	22050.000	
15	Waveform 1	1	26.599005533	26.797160820	0.000	22050.000	
15	Spectrogram 1	1	26.599005533	26.797160820	0.000	22050.000	
16	Waveform 1	1	27.218240805	27.461431384	0.000	22050.000	
16	Spectrogram 1	1	27.218240805	27.461431384	0.000	22050.000	
17	Waveform 1	1	27.781181961	28.001854894	0.000	22050.000	
17	Spectrogram 1	1	27.781181961	28.001854894	0.000	22050.000	
18	Waveform 1	1	28.022120776	28.220276063	0.000	22050.000	
18	Spectrogram 1	1	28.022120776	28.220276063	0.000	22050.000	
19	Waveform 1	1	33.390832654	33.624823230	0.000	22050.000	
19	Spectrogram 1	1	33.390832654	33.624823230	0.000	22050.000	
20	Waveform 1	1	33.653063471	33.822504923	0.000	22050.000	
20	Spectrogram 1	1	33.653063471	33.822504923	0.000	22050.000	
21	Waveform 1	1	33.846710844	34.036323896	0.000	22050.000	
21	Spectrogram 1	1	33.846710844	34.036323896	0.000	22050.000	
22	Waveform 1	1	34.189628066	34.423618642	0.000	22050.000	
22	Spectrogram 1	1	34.189628066	34.423618642	0.000	22050.000	
23	Waveform 1	1	34.798810426	35.065075563	0.000	22050.000	
23	Spectrogram 1	1	34.798810426	35.065075563	0.000	22050.000	
24	Waveform 1	1	35.420095746	35.722669766	0.000	22050.000	
24	Spectrogram 1	1	35.420095746	35.722669766	0.000	22050.000	
25	Waveform 1	1	37.602663009	37.965751832	0.000	22050.000	
25	Spectrogram 1	1	37.602663009	37.965751832	0.000	22050.000	
26	Waveform 1	1	38.046438237	38.530556669	0.000	22050.000	
26	Spectrogram 1	1	38.046438237	38.530556669	0.000	22050.000	
27	Waveform 1	1	38.966263257	39.357592323	0.000	22050.000	
27	Spectrogram 1	1	38.966263257	39.357592323	0.000	22050.000	
28	Waveform 1	1	39.393901205	39.720681146	0.000	22050.000	
28	Spectrogram 1	1	39.393901205	39.720681146	0.000	22050.000	
29	Waveform 1	1	40.346000787	40.688918009	0.000	22050.000	
29	Spectrogram 1	1	40.346000787	40.688918009	0.000	22050.000	
30	Waveform 1	1	40.777673055	40.983423389	0.000	22050.000	
30	Spectrogram 1	1	40.777673055	40.983423389	0.000	22050.000	
31	Waveform 1	1	41.447370219	41.584537108	0.000	22050.000	
31	Spectrogram 1	1	41.447370219	41.584537108	0.000	22050.000	
32	Waveform 1	1	44.509419298	44.682895069	0.000	22050.000	
32	Spectrogram 1	1	44.509419298	44.682895069	0.000	22050.000	
33	Waveform 1	1	44.723238272	44.981434769	0.000	22050.000	
33	Spectrogram 1	1	44.723238272	44.981434769	0.000	22050.000	
34	Waveform 1	1	79.886373681	80.176844740	0.000	22050.000	
34	Spectrogram 1	1	79.886373681	80.176844740	0.000	22050.000	
35	Waveform 1	1	80.197016341	80.503624681	0.000	22050.000	
35	Spectrogram 1	1	80.197016341	80.503624681	0.000	22050.000	
36	Waveform 1	1	80.515727642	80.721477975	0.000	22050.000	
36	Spectrogram 1	1	80.515727642	80.721477975	0.000	22050.000	
37	Waveform 1	1	80.798130060	81.145081603	0.000	22050.000	
37	Spectrogram 1	1	80.798130060	81.145081603	0.000	22050.000	
39	Waveform 1	1	91.250678655	91.476041577	0.000	22050.000	
39	Spectrogram 1	1	91.250678655	91.476041577	0.000	22050.000	
40	Waveform 1	1	91.490305053	91.670024851	0.000	22050.000	
40	Spectrogram 1	1	91.490305053	91.670024851	0.000	22050.000	
41	Waveform 1	1	91.709962584	91.906798554	0.000	22050.000	
41	Spectrogram 1	1	91.709962584	91.906798554	0.000	22050.000	
42	Waveform 1	1	92.919505356	93.047876640	0.000	22050.000	
42	Spectrogram 1	1	92.919505356	93.047876640	0.000	22050.000	
43	Waveform 1	1	93.062140116	93.199069487	0.000	22050.000	
43	Spectrogram 1	1	93.062140116	93.199069487	0.000	22050.000	
44	Waveform 1	1	93.278944953	93.458664751	0.000	22050.000	
44	Spectrogram 1	1	93.278944953	93.458664751	0.000	22050.000	
45	Waveform 1	1	93.820957044	94.034909185	0.000	22050.000	
45	Spectrogram 1	1	93.820957044	94.034909185	0.000	22050.000	
46	Waveform 1	1	94.052025356	94.197512812	0.000	22050.000	
46	Spectrogram 1	1	94.052025356	94.197512812	0.000	22050.000	
47	Waveform 1	1	95.666650848	95.880602989	0.000	22050.000	
47	Spectrogram 1	1	95.666650848	95.880602989	0.000	22050.000	
48	Waveform 1	1	96.536722889	96.767791201	0.000	22050.000	
48	Spectrogram 1	1	96.536722889	96.767791201	0.000	22050.000	
49	Waveform 1	1	100.681689036	100.907051958	0.000	22050.000	
49	Spectrogram 1	1	100.681689036	100.907051958	0.000	22050.000	
50	Waveform 1	1	100.918462739	100.984074729	0.000	22050.000	
50	Spectrogram 1	1	100.918462739	100.984074729	0.000	22050.000	
51	Waveform 1	1	101.112446014	101.457622135	0.000	22050.000	
51	Spectrogram 1	1	101.112446014	101.457622135	0.000	22050.000	
52	Waveform 1	1	103.702693269	103.888118458	0.000	22050.000	
52	Spectrogram 1	1	103.702693269	103.888118458	0.000	22050.000	
53	Waveform 1	1	103.925203496	104.122039466	0.000	22050.000	
53	Spectrogram 1	1	103.925203496	104.122039466	0.000	22050.000	
54	Waveform 1	1	104.829507879	105.106219315	0.000	22050.000	
54	Spectrogram 1	1	104.829507879	105.106219315	0.000	22050.000	
55	Waveform 1	1	105.163273219	105.365814579	0.000	22050.000	
55	Spectrogram 1	1	105.163273219	105.365814579	0.000	22050.000	
56	Waveform 1	1	107.308500021	107.588064152	0.000	22050.000	
56	Spectrogram 1	1	107.308500021	107.588064152	0.000	22050.000	
57	Waveform 1	1	107.676497704	107.896155235	0.000	22050.000	
57	Spectrogram 1	1	107.676497704	107.896155235	0.000	22050.000	
58	Waveform 1	1	109.602066974	109.804608334	0.000	22050.000	
58	Spectrogram 1	1	109.602066974	109.804608334	0.000	22050.000	
59	Waveform 1	1	109.844546067	110.061350904	0.000	22050.000	
59	Spectrogram 1	1	109.844546067	110.061350904	0.000	22050.000	
60	Waveform 1	1	110.574836042	110.777377403	0.000	22050.000	
60	Spectrogram 1	1	110.574836042	110.777377403	0.000	22050.000	
61	Waveform 1	1	111.889928537	112.189461534	0.000	22050.000	
61	Spectrogram 1	1	111.889928537	112.189461534	0.000	22050.000	
62	Waveform 1	1	112.306422038	112.477583751	0.000	22050.000	
62	Spectrogram 1	1	112.306422038	112.477583751	0.000	22050.000	
63	Waveform 1	1	112.623071207	112.885519167	0.000	22050.000	
63	Spectrogram 1	1	112.623071207	112.885519167	0.000	22050.000	
64	Waveform 1	1	112.996774280	113.222137202	0.000	22050.000	
64	Spectrogram 1	1	112.996774280	113.222137202	0.000	22050.000	
65	Waveform 1	1	113.998070301	114.249107479	0.000	22050.000	
65	Spectrogram 1	1	113.998070301	114.249107479	0.000	22050.000	
66	Waveform 1	1	114.890963903	115.250403500	0.000	22050.000	
66	Spectrogram 1	1	114.890963903	115.250403500	0.000	22050.000	
67	Waveform 1	1	115.330278966	115.601285011	0.000	22050.000	
67	Spectrogram 1	1	115.330278966	115.601285011	0.000	22050.000	
68	Waveform 1	1	117.683752519	117.934789697	0.000	22050.000	
68	Spectrogram 1	1	117.683752519	117.934789697	0.000	22050.000	
69	Waveform 1	1	118.633700025	118.916116851	0.000	22050.000	
69	Spectrogram 1	1	118.633700025	118.916116851	0.000	22050.000	
70	Waveform 1	1	118.938938413	119.229913325	0.000	22050.000	
70	Spectrogram 1	1	118.938938413	119.229913325	0.000	22050.000	
71	Waveform 1	1	119.269851058	119.560825970	0.000	22050.000	
71	Spectrogram 1	1	119.269851058	119.560825970	0.000	22050.000	
72	Waveform 1	1	120.131365013	120.419487230	0.000	22050.000	
72	Spectrogram 1	1	120.131365013	120.419487230	0.000	22050.000	
73	Waveform 1	1	120.470835744	120.710462142	0.000	22050.000	
73	Spectrogram 1	1	120.470835744	120.710462142	0.000	22050.000	
74	Waveform 1	1	120.758957960	120.895887331	0.000	22050.000	
74	Spectrogram 1	1	120.758957960	120.895887331	0.000	22050.000	
75	Waveform 1	1	120.924414283	121.166893376	0.000	22050.000	
75	Spectrogram 1	1	120.924414283	121.166893376	0.000	22050.000	
76	Waveform 1	1	121.192567633	121.346613175	0.000	22050.000	
76	Spectrogram 1	1	121.192567633	121.346613175	0.000	22050.000	
77	Waveform 1	1	121.366582041	121.691789296	0.000	22050.000	
77	Spectrogram 1	1	121.366582041	121.691789296	0.000	22050.000	
78	Waveform 1	1	121.726021638	122.016996550	0.000	22050.000	
78	Spectrogram 1	1	121.726021638	122.016996550	0.000	22050.000	
79	Waveform 1	1	122.038391764	122.245212168	0.000	22050.000	
79	Spectrogram 1	1	122.038391764	122.245212168	0.000	22050.000	
80	Waveform 1	1	122.252343906	122.453458918	0.000	22050.000	
80	Spectrogram 1	1	122.252343906	122.453458918	0.000	22050.000	
81	Waveform 1	1	122.463443352	122.704496097	0.000	22050.000	
81	Spectrogram 1	1	122.463443352	122.704496097	0.000	22050.000	
82	Waveform 1	1	122.721612268	122.952680581	0.000	22050.000	
82	Spectrogram 1	1	122.721612268	122.952680581	0.000	22050.000	
83	Waveform 1	1	123.182322546	123.461886677	0.000	22050.000	
83	Spectrogram 1	1	123.182322546	123.461886677	0.000	22050.000	
84	Waveform 1	1	123.534630405	123.881232873	0.000	22050.000	
84	Spectrogram 1	1	123.534630405	123.881232873	0.000	22050.000	
85	Waveform 1	1	124.145107181	124.410407836	0.000	22050.000	
85	Spectrogram 1	1	124.145107181	124.410407836	0.000	22050.000	
86	Waveform 1	1	124.453198264	124.681413881	0.000	22050.000	
86	Spectrogram 1	1	124.453198264	124.681413881	0.000	22050.000	
87	Waveform 1	1	124.749878566	124.948140884	0.000	22050.000	
87	Spectrogram 1	1	124.749878566	124.948140884	0.000	22050.000	
88	Waveform 1	1	124.968109750	125.284758919	0.000	22050.000	
88	Spectrogram 1	1	124.968109750	125.284758919	0.000	22050.000	
89	Waveform 1	1	126.907942497	127.143289852	0.000	22050.000	
89	Spectrogram 1	1	126.907942497	127.143289852	0.000	22050.000	
90	Waveform 1	1	127.157553328	127.391474336	0.000	22050.000	
90	Spectrogram 1	1	127.157553328	127.391474336	0.000	22050.000	
91	Waveform 1	1	127.402885117	127.576899525	0.000	22050.000	
91	Spectrogram 1	1	127.402885117	127.576899525	0.000	22050.000	
92	Waveform 1	1	127.591163001	127.856463656	0.000	22050.000	
92	Spectrogram 1	1	127.591163001	127.856463656	0.000	22050.000	
93	Waveform 1	1	127.880711565	128.131748744	0.000	22050.000	
93	Spectrogram 1	1	127.880711565	128.131748744	0.000	22050.000	
94	Waveform 1	1	129.341291515	129.538127485	0.000	22050.000	
94	Spectrogram 1	1	129.341291515	129.538127485	0.000	22050.000	
95	Waveform 1	1	129.603739475	129.820544311	0.000	22050.000	
95	Spectrogram 1	1	129.603739475	129.820544311	0.000	22050.000	
96	Waveform 1	1	129.934652120	130.169999475	0.000	22050.000	
96	Spectrogram 1	1	129.934652120	130.169999475	0.000	22050.000	
97	Waveform 1	1	130.269843808	130.532291768	0.000	22050.000	
97	Spectrogram 1	1	130.269843808	130.532291768	0.000	22050.000	
98	Waveform 1	1	130.560818720	130.713437914	0.000	22050.000	
98	Spectrogram 1	1	130.560818720	130.713437914	0.000	22050.000	
99	Waveform 1	1	130.744817561	130.947358921	0.000	22050.000	
99	Spectrogram 1	1	130.744817561	130.947358921	0.000	22050.000	
100	Waveform 1	1	130.957343355	131.196969753	0.000	22050.000	
100	Spectrogram 1	1	130.957343355	131.196969753	0.000	22050.000	
101	Waveform 1	1	131.219791314	131.472254841	0.000	22050.000	
101	Spectrogram 1	1	131.219791314	131.472254841	0.000	22050.000	
102	Waveform 1	1	131.517897964	131.761803405	0.000	22050.000	
102	Spectrogram 1	1	131.517897964	131.761803405	0.000	22050.000	
103	Waveform 1	1	132.668960484	132.925703053	0.000	22050.000	
103	Spectrogram 1	1	132.668960484	132.925703053	0.000	22050.000	
104	Waveform 1	1	132.944245572	133.155345018	0.000	22050.000	
104	Spectrogram 1	1	132.944245572	133.155345018	0.000	22050.000	
105	Waveform 1	1	133.163903104	133.369297159	0.000	22050.000	
105	Spectrogram 1	1	133.163903104	133.369297159	0.000	22050.000	
106	Waveform 1	1	134.078191920	134.269322499	0.000	22050.000	
106	Spectrogram 1	1	134.078191920	134.269322499	0.000	22050.000	
107	Waveform 1	1	134.326376404	134.564576454	0.000	22050.000	
107	Spectrogram 1	1	134.326376404	134.564576454	0.000	22050.000	
108	Waveform 1	1	134.838435195	135.099456807	0.000	22050.000	
108	Spectrogram 1	1	134.838435195	135.099456807	0.000	22050.000	
109	Waveform 1	1	135.126557412	135.421811366	0.000	22050.000	
109	Spectrogram 1	1	135.126557412	135.421811366	0.000	22050.000	
110	Waveform 1	1	135.515950308	135.684259326	0.000	22050.000	
110	Spectrogram 1	1	135.515950308	135.684259326	0.000	22050.000	
111	Waveform 1	1	138.730937816	138.939184567	0.000	22050.000	
111	Spectrogram 1	1	138.730937816	138.939184567	0.000	22050.000	
112	Waveform 1	1	139.031897161	139.305755902	0.000	22050.000	
112	Spectrogram 1	1	139.031897161	139.305755902	0.000	22050.000	
113	Waveform 1	1	139.334282854	139.548234995	0.000	22050.000	
113	Spectrogram 1	1	139.334282854	139.548234995	0.000	22050.000	
114	Waveform 1	1	142.482232024	142.683347037	0.000	22050.000	
114	Spectrogram 1	1	142.482232024	142.683347037	0.000	22050.000	
115	Waveform 1	1	142.710447641	142.910136306	0.000	22050.000	
115	Spectrogram 1	1	142.710447641	142.910136306	0.000	22050.000	
116	Waveform 1	1	142.935810563	143.178289656	0.000	22050.000	
116	Spectrogram 1	1	142.935810563	143.178289656	0.000	22050.000	
117	Waveform 1	1	143.502070563	143.763092176	0.000	22050.000	
117	Spectrogram 1	1	143.502070563	143.763092176	0.000	22050.000	
118	Waveform 1	1	143.835835903	144.006997616	0.000	22050.000	
118	Spectrogram 1	1	143.835835903	144.006997616	0.000	22050.000	
119	Waveform 1	1	144.094004820	144.384979732	0.000	22050.000	
119	Spectrogram 1	1	144.094004820	144.384979732	0.000	22050.000	
120	Waveform 1	1	144.449165375	144.715892377	0.000	22050.000	
120	Spectrogram 1	1	144.449165375	144.715892377	0.000	22050.000	
121	Waveform 1	1	145.772815955	146.073775300	0.000	22050.000	
121	Spectrogram 1	1	145.772815955	146.073775300	0.000	22050.000	
122	Waveform 1	1	146.530206534	146.739879633	0.000	22050.000	
122	Spectrogram 1	1	146.530206534	146.739879633	0.000	22050.000	
123	Waveform 1	1	146.959537164	147.167783915	0.000	22050.000	
123	Spectrogram 1	1	146.959537164	147.167783915	0.000	22050.000	
124	Waveform 1	1	147.202016257	147.410263008	0.000	22050.000	
124	Spectrogram 1	1	147.202016257	147.410263008	0.000	22050.000	
125	Waveform 1	1	153.050041448	153.278257066	0.000	22050.000	
125	Spectrogram 1	1	153.050041448	153.278257066	0.000	22050.000	
126	Waveform 1	1	153.875896713	154.146902759	0.000	22050.000	
126	Spectrogram 1	1	153.875896713	154.146902759	0.000	22050.000	
127	Waveform 1	1	154.172577016	154.362281247	0.000	22050.000	
127	Spectrogram 1	1	154.172577016	154.362281247	0.000	22050.000	
130	Waveform 1	1	154.461412406	154.725286714	0.000	22050.000	
130	Spectrogram 1	1	154.461412406	154.725286714	0.000	22050.000	
131	Waveform 1	1	154.810867570	154.987734673	0.000	22050.000	
131	Spectrogram 1	1	154.810867570	154.987734673	0.000	22050.000	
132	Waveform 1	1	156.329927772	156.606639208	0.000	22050.000	
132	Spectrogram 1	1	156.329927772	156.606639208	0.000	22050.000	
133	Waveform 1	1	157.212836941	157.365456135	0.000	22050.000	
133	Spectrogram 1	1	157.212836941	157.365456135	0.000	22050.000	
134	Waveform 1	1	158.804623991	158.998271364	0.000	22050.000	
134	Spectrogram 1	1	158.804623991	158.998271364	0.000	22050.000	
135	Waveform 1	1	159.914062064	160.192430162	0.000	22050.000	
135	Spectrogram 1	1	159.914062064	160.192430162	0.000	22050.000	
136	Waveform 1	1	160.232773364	160.515175783	0.000	22050.000	
136	Spectrogram 1	1	160.232773364	160.515175783	0.000	22050.000	
137	Waveform 1	1	161.330108476	161.560064731	0.000	22050.000	
137	Spectrogram 1	1	161.330108476	161.560064731	0.000	22050.000	
138	Waveform 1	1	163.827352718	164.061343293	0.000	22050.000	
138	Spectrogram 1	1	163.827352718	164.061343293	0.000	22050.000	
139	Waveform 1	1	164.081514895	164.343745712	0.000	22050.000	
139	Spectrogram 1	1	164.081514895	164.343745712	0.000	22050.000	
140	Waveform 1	1	164.367951633	164.686662934	0.000	22050.000	
140	Spectrogram 1	1	164.367951633	164.686662934	0.000	22050.000	
141	Waveform 1	1	166.332665601	166.602965059	0.000	22050.000	
141	Spectrogram 1	1	166.332665601	166.602965059	0.000	22050.000	
142	Waveform 1	1	167.672059928	167.958496667	0.000	22050.000	
142	Spectrogram 1	1	167.672059928	167.958496667	0.000	22050.000	
143	Waveform 1	1	167.994805550	168.224761804	0.000	22050.000	
143	Spectrogram 1	1	167.994805550	168.224761804	0.000	22050.000	
144	Waveform 1	1	168.281242288	168.591884948	0.000	22050.000	
144	Spectrogram 1	1	168.281242288	168.591884948	0.000	22050.000	
145	Waveform 1	1	170.302436740	170.552564596	0.000	22050.000	
145	Spectrogram 1	1	170.302436740	170.552564596	0.000	22050.000	
146	Waveform 1	1	170.576770518	170.859172936	0.000	22050.000	
146	Spectrogram 1	1	170.576770518	170.859172936	0.000	22050.000	
147	Waveform 1	1	171.298913845	171.549041701	0.000	22050.000	
147	Spectrogram 1	1	171.298913845	171.549041701	0.000	22050.000	
148	Waveform 1	1	173.635793857	173.850621411	0.000	22050.000	
148	Spectrogram 1	1	173.635793857	173.850621411	0.000	22050.000	
149	Waveform 1	1	173.903067574	174.167315551	0.000	22050.000	
149	Spectrogram 1	1	173.903067574	174.167315551	0.000	22050.000	
150	Waveform 1	1	180.032208633	180.245019027	0.000	22050.000	
150	Spectrogram 1	1	180.032208633	180.245019027	0.000	22050.000	
151	Waveform 1	1	181.350422779	181.608619276	0.000	22050.000	
151	Spectrogram 1	1	181.350422779	181.608619276	0.000	22050.000	
152	Waveform 1	1	185.845664131	186.068560326	0.000	22050.000	
152	Spectrogram 1	1	185.845664131	186.068560326	0.000	22050.000	
153	Waveform 1	1	187.556215923	187.808360939	0.000	22050.000	
153	Spectrogram 1	1	187.556215923	187.808360939	0.000	22050.000	
154	Waveform 1	1	193.360594201	193.546172933	0.000	22050.000	
154	Spectrogram 1	1	193.360594201	193.546172933	0.000	22050.000	
155	Waveform 1	1	196.022236994	196.259253309	0.000	22050.000	
155	Spectrogram 1	1	196.022236994	196.259253309	0.000	22050.000	
156	Waveform 1	1	196.286484971	196.479123764	0.000	22050.000	
156	Spectrogram 1	1	196.286484971	196.479123764	0.000	22050.000	
157	Waveform 1	1	196.500303945	196.656633855	0.000	22050.000	
157	Spectrogram 1	1	196.500303945	196.656633855	0.000	22050.000	
158	Waveform 1	1	196.701011378	196.916847512	0.000	22050.000	
158	Spectrogram 1	1	196.701011378	196.916847512	0.000	22050.000	
159	Waveform 1	1	197.176052589	197.329356759	0.000	22050.000	
159	Spectrogram 1	1	197.176052589	197.329356759	0.000	22050.000	
160	Waveform 1	1	197.377768602	197.595621896	0.000	22050.000	
160	Spectrogram 1	1	197.377768602	197.595621896	0.000	22050.000	
161	Waveform 1	1	197.617810658	197.779183468	0.000	22050.000	
161	Spectrogram 1	1	197.617810658	197.779183468	0.000	22050.000	
162	Waveform 1	1	197.795320749	197.974848001	0.000	22050.000	
162	Spectrogram 1	1	197.795320749	197.974848001	0.000	22050.000	
163	Waveform 1	1	198.025277004	198.138237972	0.000	22050.000	
163	Spectrogram 1	1	198.025277004	198.138237972	0.000	22050.000	
164	Waveform 1	1	198.463000753	198.660682446	0.000	22050.000	
164	Spectrogram 1	1	198.463000753	198.660682446	0.000	22050.000	
165	Waveform 1	1	198.686905527	198.884587220	0.000	22050.000	
165	Spectrogram 1	1	198.686905527	198.884587220	0.000	22050.000	
166	Waveform 1	1	198.922913263	199.078234593	0.000	22050.000	
166	Spectrogram 1	1	198.922913263	199.078234593	0.000	22050.000	
167	Waveform 1	1	199.086303233	199.241624563	0.000	22050.000	
167	Spectrogram 1	1	199.086303233	199.241624563	0.000	22050.000	
168	Waveform 1	1	199.283984926	199.489735260	0.000	22050.000	
168	Spectrogram 1	1	199.283984926	199.489735260	0.000	22050.000	
169	Waveform 1	1	199.532095622	199.711622874	0.000	22050.000	
169	Spectrogram 1	1	199.532095622	199.711622874	0.000	22050.000	
170	Waveform 1	1	200.359131276	200.534624208	0.000	22050.000	
170	Spectrogram 1	1	200.359131276	200.534624208	0.000	22050.000	
171	Waveform 1	1	201.752988927	201.976893701	0.000	22050.000	
171	Spectrogram 1	1	201.752988927	201.976893701	0.000	22050.000	
172	Waveform 1	1	202.039425665	202.233073038	0.000	22050.000	
172	Spectrogram 1	1	202.039425665	202.233073038	0.000	22050.000	
173	Waveform 1	1	202.886632921	203.056074372	0.000	22050.000	
173	Spectrogram 1	1	202.886632921	203.056074372	0.000	22050.000	
174	Waveform 1	1	203.082297453	203.253756065	0.000	22050.000	
174	Spectrogram 1	1	203.082297453	203.253756065	0.000	22050.000	
175	Waveform 1	1	203.300150748	203.544227123	0.000	22050.000	
175	Spectrogram 1	1	203.300150748	203.544227123	0.000	22050.000	
176	Waveform 1	1	203.584570326	203.709634254	0.000	22050.000	
176	Spectrogram 1	1	203.584570326	203.709634254	0.000	22050.000	
177	Waveform 1	1	203.768131898	203.955727790	0.000	22050.000	
177	Spectrogram 1	1	203.768131898	203.955727790	0.000	22050.000	
178	Waveform 1	1	204.258301810	204.393451539	0.000	22050.000	
178	Spectrogram 1	1	204.258301810	204.393451539	0.000	22050.000	
179	Waveform 1	1	204.815038006	205.016754019	0.000	22050.000	
179	Spectrogram 1	1	204.815038006	205.016754019	0.000	22050.000	
180	Waveform 1	1	205.067183023	205.254778915	0.000	22050.000	
180	Spectrogram 1	1	205.067183023	205.254778915	0.000	22050.000	
181	Waveform 1	1	205.283019157	205.460529248	0.000	22050.000	
181	Spectrogram 1	1	205.283019157	205.460529248	0.000	22050.000	
182	Waveform 1	1	205.674348222	205.870012755	0.000	22050.000	
182	Spectrogram 1	1	205.674348222	205.870012755	0.000	22050.000	
183	Waveform 1	1	205.904304477	206.120140611	0.000	22050.000	
183	Spectrogram 1	1	205.904304477	206.120140611	0.000	22050.000	
184	Waveform 1	1	208.084854579	208.262364671	0.000	22050.000	
184	Spectrogram 1	1	208.084854579	208.262364671	0.000	22050.000	
185	Waveform 1	1	209.129743527	209.287082017	0.000	22050.000	
185	Spectrogram 1	1	209.129743527	209.287082017	0.000	22050.000	
186	Waveform 1	1	209.297167818	209.458540628	0.000	22050.000	
186	Spectrogram 1	1	209.297167818	209.458540628	0.000	22050.000	
187	Waveform 1	1	209.519055432	209.730857246	0.000	22050.000	
187	Spectrogram 1	1	209.519055432	209.730857246	0.000	22050.000	
188	Waveform 1	1	210.999650969	211.235658704	0.000	22050.000	
188	Spectrogram 1	1	210.999650969	211.235658704	0.000	22050.000	
189	Waveform 1	1	211.271967586	211.467632119	0.000	22050.000	
189	Spectrogram 1	1	211.271967586	211.467632119	0.000	22050.000	
190	Waveform 1	1	211.677416773	211.854926864	0.000	22050.000	
190	Spectrogram 1	1	211.677416773	211.854926864	0.000	22050.000	
191	Waveform 1	1	211.891235747	212.088917440	0.000	22050.000	
191	Spectrogram 1	1	211.891235747	212.088917440	0.000	22050.000	
192	Waveform 1	1	214.719294251	215.011782470	0.000	22050.000	
192	Spectrogram 1	1	214.719294251	215.011782470	0.000	22050.000	
193	Waveform 1	1	215.155000839	215.322425130	0.000	22050.000	
193	Spectrogram 1	1	215.155000839	215.322425130	0.000	22050.000	
194	Waveform 1	1	215.756114558	215.949761931	0.000	22050.000	
194	Spectrogram 1	1	215.756114558	215.949761931	0.000	22050.000	
195	Waveform 1	1	215.978002173	216.167615225	0.000	22050.000	
195	Spectrogram 1	1	215.978002173	216.167615225	0.000	22050.000	
196	Waveform 1	1	216.185769666	216.359245438	0.000	22050.000	
196	Spectrogram 1	1	216.185769666	216.359245438	0.000	22050.000	
197	Waveform 1	1	216.710231300	216.849415349	0.000	22050.000	
197	Spectrogram 1	1	216.710231300	216.849415349	0.000	22050.000	
198	Waveform 1	1	216.871604111	217.059200003	0.000	22050.000	
198	Spectrogram 1	1	216.871604111	217.059200003	0.000	22050.000	
199	Waveform 1	1	220.314896455	220.526698269	0.000	22050.000	
199	Spectrogram 1	1	220.314896455	220.526698269	0.000	22050.000	
200	Waveform 1	1	223.633124871	223.998230855	0.000	22050.000	
200	Spectrogram 1	1	223.633124871	223.998230855	0.000	22050.000	
201	Waveform 1	1	228.734522843	229.002805141	0.000	22050.000	
201	Spectrogram 1	1	228.734522843	229.002805141	0.000	22050.000	
202	Waveform 1	1	229.035079703	229.384048405	0.000	22050.000	
202	Spectrogram 1	1	229.035079703	229.384048405	0.000	22050.000	
203	Waveform 1	1	236.040676839	236.222221250	0.000	22050.000	
203	Spectrogram 1	1	236.040676839	236.222221250	0.000	22050.000	
204	Waveform 1	1	236.262564453	236.407799983	0.000	22050.000	
204	Spectrogram 1	1	236.262564453	236.407799983	0.000	22050.000	
205	Waveform 1	1	236.444108865	236.595395875	0.000	22050.000	
205	Spectrogram 1	1	236.444108865	236.595395875	0.000	22050.000	
206	Waveform 1	1	236.605481675	236.899987055	0.000	22050.000	
206	Spectrogram 1	1	236.605481675	236.899987055	0.000	22050.000	
207	Waveform 1	1	236.934278777	237.152132071	0.000	22050.000	
207	Spectrogram 1	1	236.934278777	237.152132071	0.000	22050.000	
208	Waveform 1	1	237.164235032	237.382088326	0.000	22050.000	
208	Spectrogram 1	1	237.164235032	237.382088326	0.000	22050.000	
209	Waveform 1	1	238.878821143	239.084571477	0.000	22050.000	
209	Spectrogram 1	1	238.878821143	239.084571477	0.000	22050.000	
210	Waveform 1	1	239.108777398	239.350836614	0.000	22050.000	
210	Spectrogram 1	1	239.108777398	239.350836614	0.000	22050.000	
211	Waveform 1	1	239.362939575	239.496072144	0.000	22050.000	
211	Spectrogram 1	1	239.362939575	239.496072144	0.000	22050.000	
212	Waveform 1	1	239.520278065	239.683668036	0.000	22050.000	
212	Spectrogram 1	1	239.520278065	239.683668036	0.000	22050.000	
213	Waveform 1	1	239.707873957	239.962036134	0.000	22050.000	
213	Spectrogram 1	1	239.707873957	239.962036134	0.000	22050.000	
214	Waveform 1	1	241.997350706	242.162757837	0.000	22050.000	
214	Spectrogram 1	1	241.997350706	242.162757837	0.000	22050.000	
215	Waveform 1	1	242.312027687	242.469366177	0.000	22050.000	
215	Spectrogram 1	1	242.312027687	242.469366177	0.000	22050.000	
216	Waveform 1	1	242.644859109	242.804214759	0.000	22050.000	
216	Spectrogram 1	1	242.644859109	242.804214759	0.000	22050.000	
217	Waveform 1	1	242.989793491	243.163269262	0.000	22050.000	
217	Spectrogram 1	1	242.989793491	243.163269262	0.000	22050.000	
218	Waveform 1	1	243.330693553	243.518289445	0.000	22050.000	
218	Spectrogram 1	1	243.330693553	243.518289445	0.000	22050.000	
219	Waveform 1	1	243.681679416	243.865240988	0.000	22050.000	
219	Spectrogram 1	1	243.681679416	243.865240988	0.000	22050.000	
220	Waveform 1	1	244.216226851	244.379616821	0.000	22050.000	
220	Spectrogram 1	1	244.216226851	244.379616821	0.000	22050.000	
221	Waveform 1	1	244.551075433	244.734637005	0.000	22050.000	
221	Spectrogram 1	1	244.551075433	244.734637005	0.000	22050.000	
222	Waveform 1	1	244.752791446	244.918198577	0.000	22050.000	
222	Spectrogram 1	1	244.752791446	244.918198577	0.000	22050.000	
223	Waveform 1	1	244.936353018	245.178412233	0.000	22050.000	
223	Spectrogram 1	1	244.936353018	245.178412233	0.000	22050.000	
224	Waveform 1	1	245.775491632	246.019568008	0.000	22050.000	
224	Spectrogram 1	1	245.775491632	246.019568008	0.000	22050.000	
225	Waveform 1	1	246.055876891	246.265661544	0.000	22050.000	
225	Spectrogram 1	1	246.055876891	246.265661544	0.000	22050.000	
226	Waveform 1	1	246.295918946	246.544029642	0.000	22050.000	
226	Spectrogram 1	1	246.295918946	246.544029642	0.000	22050.000	
227	Waveform 1	1	246.600510126	246.810294780	0.000	22050.000	
227	Spectrogram 1	1	246.600510126	246.810294780	0.000	22050.000	
228	Waveform 1	1	246.856689463	247.030165234	0.000	22050.000	
228	Spectrogram 1	1	246.856689463	247.030165234	0.000	22050.000	
229	Waveform 1	1	249.065479806	249.398311228	0.000	22050.000	
229	Spectrogram 1	1	249.065479806	249.398311228	0.000	22050.000	
230	Waveform 1	1	250.416977094	250.687276552	0.000	22050.000	
230	Spectrogram 1	1	250.416977094	250.687276552	0.000	22050.000	
231	Waveform 1	1	251.389248278	251.716028219	0.000	22050.000	
231	Spectrogram 1	1	251.389248278	251.716028219	0.000	22050.000	
232	Waveform 1	1	251.780577343	252.091220003	0.000	22050.000	
232	Spectrogram 1	1	251.780577343	252.091220003	0.000	22050.000	
233	Waveform 1	1	253.991384847	254.374645272	0.000	22050.000	
233	Spectrogram 1	1	253.991384847	254.374645272	0.000	22050.000	
234	Waveform 1	1	254.419022795	254.729665455	0.000	22050.000	
234	Spectrogram 1	1	254.419022795	254.729665455	0.000	22050.000	
235	Waveform 1	1	255.601078632	255.992407697	0.000	22050.000	
235	Spectrogram 1	1	255.601078632	255.992407697	0.000	22050.000	
236	Waveform 1	1	256.916267037	257.388282508	0.000	22050.000	
236	Spectrogram 1	1	256.916267037	257.388282508	0.000	22050.000	
237	Waveform 1	1	257.444762992	257.932915744	0.000	22050.000	
237	Spectrogram 1	1	257.444762992	257.932915744	0.000	22050.000	
238	Waveform 1	1	258.336347770	258.747848437	0.000	22050.000	
238	Spectrogram 1	1	258.336347770	258.747848437	0.000	22050.000	
239	Waveform 1	1	258.832502382	259.075178334	0.000	22050.000	
239	Spectrogram 1	1	258.832502382	259.075178334	0.000	22050.000	
240	Waveform 1	1	259.080941087	259.420303237	0.000	22050.000	
240	Spectrogram 1	1	259.080941087	259.420303237	0.000	22050.000	
241	Waveform 1	1	261.045228414	261.347675217	0.000	22050.000	
241	Spectrogram 1	1	261.045228414	261.347675217	0.000	22050.000	
242	Waveform 1	1	261.929025058	262.283992562	0.000	22050.000	
242	Spectrogram 1	1	261.929025058	262.283992562	0.000	22050.000	
243	Waveform 1	1	262.309347384	262.600927834	0.000	22050.000	
243	Spectrogram 1	1	262.309347384	262.600927834	0.000	22050.000	
244	Waveform 1	1	262.635337949	262.905185695	0.000	22050.000	
244	Spectrogram 1	1	262.635337949	262.905185695	0.000	22050.000	
245	Waveform 1	1	262.981250160	263.263775316	0.000	22050.000	
245	Spectrogram 1	1	262.981250160	263.263775316	0.000	22050.000	
246	Waveform 1	1	263.289130138	263.555355766	0.000	22050.000	
246	Spectrogram 1	1	263.289130138	263.555355766	0.000	22050.000	
247	Waveform 1	1	264.444585586	264.723488625	0.000	22050.000	
247	Spectrogram 1	1	264.444585586	264.723488625	0.000	22050.000	
248	Waveform 1	1	265.112866245	265.288538938	0.000	22050.000	
248	Spectrogram 1	1	265.112866245	265.288538938	0.000	22050.000	
249	Waveform 1	1	265.310271642	265.554764566	0.000	22050.000	
249	Spectrogram 1	1	265.310271642	265.554764566	0.000	22050.000	
250	Waveform 1	1	265.589174681	265.967685949	0.000	22050.000	
250	Spectrogram 1	1	265.589174681	265.967685949	0.000	22050.000	
251	Waveform 1	1	267.117708220	267.318735736	0.000	22050.000	
251	Spectrogram 1	1	267.117708220	267.318735736	0.000	22050.000	
252	Waveform 1	1	276.658365428	276.810494359	0.000	22050.000	
252	Spectrogram 1	1	276.658365428	276.810494359	0.000	22050.000	
253	Waveform 1	1	276.850337650	277.274125385	0.000	22050.000	
253	Spectrogram 1	1	276.850337650	277.274125385	0.000	22050.000	
254	Waveform 1	1	282.549739365	282.886596282	0.000	22050.000	
254	Spectrogram 1	1	282.549739365	282.886596282	0.000	22050.000	
255	Waveform 1	1	284.264811950	284.464028406	0.000	22050.000	
255	Spectrogram 1	1	284.264811950	284.464028406	0.000	22050.000	
256	Waveform 1	1	284.512926991	284.721198741	0.000	22050.000	
256	Spectrogram 1	1	284.512926991	284.721198741	0.000	22050.000	
257	Waveform 1	1	284.741120386	284.895060376	0.000	22050.000	
257	Spectrogram 1	1	284.741120386	284.895060376	0.000	22050.000	
258	Waveform 1	1	284.925848373	285.088843656	0.000	22050.000	
258	Spectrogram 1	1	284.925848373	285.088843656	0.000	22050.000	
259	Waveform 1	1	285.108765302	285.336958697	0.000	22050.000	
259	Spectrogram 1	1	285.108765302	285.336958697	0.000	22050.000	
260	Waveform 1	1	286.861870119	287.126284688	0.000	22050.000	
260	Spectrogram 1	1	286.861870119	287.126284688	0.000	22050.000	
261	Waveform 1	1	294.680210507	295.069588127	0.000	22050.000	
261	Spectrogram 1	1	294.680210507	295.069588127	0.000	22050.000	
262	Waveform 1	1	297.811530992	298.126655205	0.000	22050.000	
262	Spectrogram 1	1	297.811530992	298.126655205	0.000	22050.000	
263	Waveform 1	1	299.169825014	299.486760285	0.000	22050.000	
263	Spectrogram 1	1	299.169825014	299.486760285	0.000	22050.000	
264	Waveform 1	1	302.009565048	302.263113265	0.000	22050.000	
264	Spectrogram 1	1	302.009565048	302.263113265	0.000	22050.000	
265	Waveform 1	1	302.297523381	302.583670655	0.000	22050.000	
265	Spectrogram 1	1	302.297523381	302.583670655	0.000	22050.000	
266	Waveform 1	1	303.878577622	304.103148900	0.000	22050.000	
266	Spectrogram 1	1	303.878577622	304.103148900	0.000	22050.000	
267	Waveform 1	1	306.500990613	306.725561891	0.000	22050.000	
267	Spectrogram 1	1	306.500990613	306.725561891	0.000	22050.000	
268	Waveform 1	1	306.743672478	306.913911996	0.000	22050.000	
268	Spectrogram 1	1	306.743672478	306.913911996	0.000	22050.000	
269	Waveform 1	1	307.069663043	307.402897843	0.000	22050.000	
269	Spectrogram 1	1	307.069663043	307.402897843	0.000	22050.000	
270	Waveform 1	1	307.781409111	308.015035682	0.000	22050.000	
270	Spectrogram 1	1	307.781409111	308.015035682	0.000	22050.000	
271	Waveform 1	1	311.744005536	312.055507632	0.000	22050.000	
271	Spectrogram 1	1	311.744005536	312.055507632	0.000	22050.000	
272	Waveform 1	1	314.013599982	314.274844807	0.000	22050.000	
272	Spectrogram 1	1	314.013599982	314.274844807	0.000	22050.000	
273	Waveform 1	1	323.040732665	323.426488167	0.000	22050.000	
273	Spectrogram 1	1	323.040732665	323.426488167	0.000	22050.000	
274	Waveform 1	1	324.083902473	324.219731876	0.000	22050.000	
274	Spectrogram 1	1	324.083902473	324.219731876	0.000	22050.000	
275	Waveform 1	1	324.239653521	324.362805512	0.000	22050.000	
275	Spectrogram 1	1	324.239653521	324.362805512	0.000	22050.000	
276	Waveform 1	1	324.377293982	324.522178678	0.000	22050.000	
276	Spectrogram 1	1	324.377293982	324.522178678	0.000	22050.000	
277	Waveform 1	1	329.823147479	330.107483695	0.000	22050.000	
277	Spectrogram 1	1	329.823147479	330.107483695	0.000	22050.000	
278	Waveform 1	1	330.136460634	330.404497321	0.000	22050.000	
278	Spectrogram 1	1	330.136460634	330.404497321	0.000	22050.000	
279	Waveform 1	1	330.440718495	330.668911890	0.000	22050.000	
279	Spectrogram 1	1	330.440718495	330.668911890	0.000	22050.000	
280	Waveform 1	1	331.463966658	331.712081699	0.000	22050.000	
280	Spectrogram 1	1	331.463966658	331.712081699	0.000	22050.000	
281	Waveform 1	1	340.557292368	340.888716109	0.000	22050.000	
281	Spectrogram 1	1	340.557292368	340.888716109	0.000	22050.000	
282	Waveform 1	1	366.051565624	366.354012426	0.000	22050.000	
282	Spectrogram 1	1	366.051565624	366.354012426	0.000	22050.000	
283	Waveform 1	1	366.705357813	367.016859909	0.000	22050.000	
283	Spectrogram 1	1	366.705357813	367.016859909	0.000	22050.000	
284	Waveform 1	1	367.034970496	367.283085537	0.000	22050.000	
284	Spectrogram 1	1	367.034970496	367.283085537	0.000	22050.000	
285	Waveform 1	1	368.049163365	368.458462631	0.000	22050.000	
285	Spectrogram 1	1	368.049163365	368.458462631	0.000	22050.000	
286	Waveform 1	1	369.467222324	369.711715248	0.000	22050.000	
286	Spectrogram 1	1	369.467222324	369.711715248	0.000	22050.000	
287	Waveform 1	1	371.950183796	372.194676719	0.000	22050.000	
287	Spectrogram 1	1	371.950183796	372.194676719	0.000	22050.000	
288	Waveform 1	1	374.561108327	374.835159271	0.000	22050.000	
288	Spectrogram 1	1	374.561108327	374.835159271	0.000	22050.000	
289	Waveform 1	1	389.641593882	390.025777447	0.000	22050.000	
289	Spectrogram 1	1	389.641593882	390.025777447	0.000	22050.000	
290	Waveform 1	1	390.059073356	390.381787551	0.000	22050.000	
290	Spectrogram 1	1	390.059073356	390.381787551	0.000	22050.000	
291	Waveform 1	1	394.551459848	394.761480197	0.000	22050.000	
291	Spectrogram 1	1	394.551459848	394.761480197	0.000	22050.000	
292	Waveform 1	1	396.357122605	396.715693933	0.000	22050.000	
292	Spectrogram 1	1	396.357122605	396.715693933	0.000	22050.000	
293	Waveform 1	1	397.243306029	397.496867183	0.000	22050.000	
293	Spectrogram 1	1	397.243306029	397.496867183	0.000	22050.000	
294	Waveform 1	1	401.126121264	401.599947661	0.000	22050.000	
294	Spectrogram 1	1	401.126121264	401.599947661	0.000	22050.000	
295	Waveform 1	1	401.815090458	402.206957695	0.000	22050.000	
295	Spectrogram 1	1	401.815090458	402.206957695	0.000	22050.000	
296	Waveform 1	1	404.655487618	404.837334506	0.000	22050.000	
296	Spectrogram 1	1	404.655487618	404.837334506	0.000	22050.000	
297	Waveform 1	1	404.862946744	405.108824225	0.000	22050.000	
297	Spectrogram 1	1	404.862946744	405.108824225	0.000	22050.000	
298	Waveform 1	1	405.136997687	405.387997616	0.000	22050.000	
298	Spectrogram 1	1	405.136997687	405.387997616	0.000	22050.000	
299	Waveform 1	1	405.531426147	405.864385237	0.000	22050.000	
299	Spectrogram 1	1	405.531426147	405.864385237	0.000	22050.000	
300	Waveform 1	1	409.965534446	410.249870661	0.000	22050.000	
300	Spectrogram 1	1	409.965534446	410.249870661	0.000	22050.000	
301	Waveform 1	1	410.277036542	410.483497233	0.000	22050.000	
301	Spectrogram 1	1	410.277036542	410.483497233	0.000	22050.000	
302	Waveform 1	1	410.514285231	410.766022390	0.000	22050.000	
302	Spectrogram 1	1	410.514285231	410.766022390	0.000	22050.000	
303	Waveform 1	1	410.816732033	411.068469192	0.000	22050.000	
303	Spectrogram 1	1	410.816732033	411.068469192	0.000	22050.000	
304	Waveform 1	1	411.686040207	411.941399483	0.000	22050.000	
304	Spectrogram 1	1	411.686040207	411.941399483	0.000	22050.000	
305	Waveform 1	1	412.419518979	412.593380613	0.000	22050.000	
305	Spectrogram 1	1	412.419518979	412.593380613	0.000	22050.000	
306	Waveform 1	1	412.653145550	412.819762950	0.000	22050.000	
306	Spectrogram 1	1	412.653145550	412.819762950	0.000	22050.000	
307	Waveform 1	1	412.850550948	413.104099166	0.000	22050.000	
307	Spectrogram 1	1	412.850550948	413.104099166	0.000	22050.000	
308	Waveform 1	1	413.136698222	413.401112792	0.000	22050.000	
308	Spectrogram 1	1	413.136698222	413.401112792	0.000	22050.000	
309	Waveform 1	1	413.437333966	413.727103357	0.000	22050.000	
309	Spectrogram 1	1	413.437333966	413.727103357	0.000	22050.000	
310	Waveform 1	1	413.761513472	413.971596281	0.000	22050.000	
310	Spectrogram 1	1	413.761513472	413.971596281	0.000	22050.000	
311	Waveform 1	1	419.497136361	419.879269745	0.000	22050.000	
311	Spectrogram 1	1	419.497136361	419.879269745	0.000	22050.000	
312	Waveform 1	1	420.741333685	421.049213663	0.000	22050.000	
312	Spectrogram 1	1	420.741333685	421.049213663	0.000	22050.000	
313	Waveform 1	1	430.903184025	431.314294349	0.000	22050.000	SAT.NA_nest.FP37_NA
313	Spectrogram 1	1	430.903184025	431.314294349	0.000	22050.000	SAT.NA_nest.FP37_NA
314	Waveform 1	1	431.432013164	431.692805616	0.000	22050.000	SAT.NA_nest.FP37_NA
314	Spectrogram 1	1	431.432013164	431.692805616	0.000	22050.000	SAT.NA_nest.FP37_NA
315	Waveform 1	1	432.199902051	432.455261327	0.000	22050.000	SAT.NA_U.nest.FP37_NA
315	Spectrogram 1	1	432.199902051	432.455261327	0.000	22050.000	SAT.NA_U.nest.FP37_NA
316	Waveform 1	1	432.464316621	432.944247175	0.000	22050.000	SAT.NA_U.nest.FP37_NA
316	Spectrogram 1	1	432.464316621	432.944247175	0.000	22050.000	SAT.NA_U.nest.FP37_NA
319	Waveform 1	1	433.322758442	433.851587581	0.000	22050.000	SAT.NA_U.nest.FP37_NA
319	Spectrogram 1	1	433.322758442	433.851587581	0.000	22050.000	SAT.NA_U.nest.FP37_NA
320	Waveform 1	1	434.561522590	435.068619025	0.000	22050.000	SAT.NA_U.nest.FP37_NA
320	Spectrogram 1	1	434.561522590	435.068619025	0.000	22050.000	SAT.NA_U.nest.FP37_NA
321	Waveform 1	1	435.177282546	435.590203929	0.000	22050.000	SAT.NA_U.nest.FP37_NA
321	Spectrogram 1	1	435.177282546	435.590203929	0.000	22050.000	SAT.NA_U.nest.FP37_NA
322	Waveform 1	1	435.611936633	435.952415668	0.000	22050.000	SAT.NA_U.nest.FP37_NA
322	Spectrogram 1	1	435.611936633	435.952415668	0.000	22050.000	SAT.NA_U.nest.FP37_NA
324	Waveform 1	1	452.519980615	452.889436588	0.000	22050.000	
324	Spectrogram 1	1	452.519980615	452.889436588	0.000	22050.000	
325	Waveform 1	1	455.048218554	455.468384171	0.000	22050.000	
325	Spectrogram 1	1	455.048218554	455.468384171	0.000	22050.000	
326	Waveform 1	1	456.171074945	456.533286684	0.000	22050.000	
326	Spectrogram 1	1	456.171074945	456.533286684	0.000	22050.000	
327	Waveform 1	1	456.670454541	456.952711654	0.000	22050.000	
327	Spectrogram 1	1	456.670454541	456.952711654	0.000	22050.000	
328	Waveform 1	1	456.962057916	457.248053534	0.000	22050.000	
328	Spectrogram 1	1	456.962057916	457.248053534	0.000	22050.000	
329	Waveform 1	1	457.277961572	457.638727286	0.000	22050.000	
329	Spectrogram 1	1	457.277961572	457.638727286	0.000	22050.000	
330	Waveform 1	1	457.664896819	458.042485805	0.000	22050.000	
330	Spectrogram 1	1	457.664896819	458.042485805	0.000	22050.000	
331	Waveform 1	1	458.078001600	458.412597780	0.000	22050.000	
331	Spectrogram 1	1	458.078001600	458.412597780	0.000	22050.000	
332	Waveform 1	1	463.870712287	464.626759607	0.000	22050.000	
332	Spectrogram 1	1	463.870712287	464.626759607	0.000	22050.000	
333	Waveform 1	1	472.160797589	472.499168418	0.000	22050.000	
333	Spectrogram 1	1	472.160797589	472.499168418	0.000	22050.000	
334	Waveform 1	1	473.736336760	474.317911622	0.000	22050.000	
334	Spectrogram 1	1	473.736336760	474.317911622	0.000	22050.000	
335	Waveform 1	1	477.691045820	478.129870489	0.000	22050.000	
335	Spectrogram 1	1	477.691045820	478.129870489	0.000	22050.000	
336	Waveform 1	1	478.193315019	478.510537671	0.000	22050.000	
336	Spectrogram 1	1	478.193315019	478.510537671	0.000	22050.000	
337	Waveform 1	1	478.579269246	478.748454660	0.000	22050.000	
337	Spectrogram 1	1	478.579269246	478.748454660	0.000	22050.000	
338	Waveform 1	1	478.780176925	479.351177698	0.000	22050.000	
338	Spectrogram 1	1	478.780176925	479.351177698	0.000	22050.000	
339	Waveform 1	1	480.524901510	480.953152090	0.000	22050.000	
339	Spectrogram 1	1	480.524901510	480.953152090	0.000	22050.000	
340	Waveform 1	1	481.037744798	481.534726952	0.000	22050.000	
340	Spectrogram 1	1	481.037744798	481.534726952	0.000	22050.000	
341	Waveform 1	1	481.672190101	482.100440681	0.000	22050.000	
341	Spectrogram 1	1	481.672190101	482.100440681	0.000	22050.000	
342	Waveform 1	1	482.222042698	482.639719190	0.000	22050.000	
342	Spectrogram 1	1	482.222042698	482.639719190	0.000	22050.000	
343	Waveform 1	1	482.734885985	483.083830902	0.000	22050.000	
343	Spectrogram 1	1	482.734885985	483.083830902	0.000	22050.000	
344	Waveform 1	1	483.390479466	483.855739355	0.000	22050.000	
344	Spectrogram 1	1	483.390479466	483.855739355	0.000	22050.000	
345	Waveform 1	1	483.945619106	484.442601261	0.000	22050.000	
345	Spectrogram 1	1	483.945619106	484.442601261	0.000	22050.000	
346	Waveform 1	1	484.585973999	485.408445056	0.000	22050.000	
346	Spectrogram 1	1	484.585973999	485.408445056	0.000	22050.000	
347	Waveform 1	1	494.709845010	495.547270086	0.000	22050.000	
347	Spectrogram 1	1	494.709845010	495.547270086	0.000	22050.000	
348	Waveform 1	1	496.164123379	496.665083023	0.000	22050.000	
348	Spectrogram 1	1	496.164123379	496.665083023	0.000	22050.000	
349	Waveform 1	1	497.154827152	497.491292584	0.000	22050.000	
349	Spectrogram 1	1	497.154827152	497.491292584	0.000	22050.000	
350	Waveform 1	1	497.618401748	498.138053916	0.000	22050.000	
350	Spectrogram 1	1	497.618401748	498.138053916	0.000	22050.000	
351	Waveform 1	1	499.954967251	500.459665399	0.000	22050.000	
351	Spectrogram 1	1	499.954967251	500.459665399	0.000	22050.000	
352	Waveform 1	1	500.968102053	501.700848995	0.000	22050.000	
352	Spectrogram 1	1	500.968102053	501.700848995	0.000	22050.000	
353	Waveform 1	1	503.285975032	503.517762330	0.000	22050.000	
353	Spectrogram 1	1	503.285975032	503.517762330	0.000	22050.000	
354	Waveform 1	1	504.149569642	504.751468915	0.000	22050.000	
354	Spectrogram 1	1	504.149569642	504.751468915	0.000	22050.000	
355	Waveform 1	1	505.132796405	505.330937160	0.000	22050.000	SAT.NA_nest.F37.FP38_NA
355	Spectrogram 1	1	505.132796405	505.330937160	0.000	22050.000	SAT.NA_nest.F37.FP38_NA
356	Waveform 1	1	505.343844644	505.703363649	0.000	22050.000	SAT.NA_nest.F37.FP38_NA
356	Spectrogram 1	1	505.343844644	505.703363649	0.000	22050.000	SAT.NA_nest.F37.FP38_NA
357	Waveform 1	1	505.716581260	505.942602399	0.000	22050.000	SAT.NA_nest.F37.FP38_NA
357	Spectrogram 1	1	505.716581260	505.942602399	0.000	22050.000	SAT.NA_nest.F37.FP38_NA
358	Waveform 1	1	505.947889443	506.140866557	0.000	22050.000	SAT.NA_nest.F37.FP38_NA
358	Spectrogram 1	1	505.947889443	506.140866557	0.000	22050.000	SAT.NA_nest.F37.FP38_NA
359	Waveform 1	1	506.164658256	506.401253483	0.000	22050.000	SAT.NA_nest.F37.FP38_NA
359	Spectrogram 1	1	506.164658256	506.401253483	0.000	22050.000	SAT.NA_nest.F37.FP38_NA
360	Waveform 1	1	506.402575244	506.596874119	0.000	22050.000	SAT.NA_nest.F37.FP38_NA
360	Spectrogram 1	1	506.402575244	506.596874119	0.000	22050.000	SAT.NA_nest.F37.FP38_NA
363	Waveform 1	1	510.455396487	510.761961162	0.000	22050.000	SAT.01_U.nest.U.FP37.U.FP38_NA
363	Spectrogram 1	1	510.455396487	510.761961162	0.000	22050.000	SAT.01_U.nest.U.FP37.U.FP38_NA
364	Waveform 1	1	510.782863299	511.182326359	0.000	22050.000	SAT.01_U.nest.U.FP37.U.FP38_NA
364	Spectrogram 1	1	510.782863299	511.182326359	0.000	22050.000	SAT.01_U.nest.U.FP37.U.FP38_NA
365	Waveform 1	1	511.217163254	511.625916153	0.000	22050.000	SAT.01_U.nest.U.FP37.U.FP38_NA
365	Spectrogram 1	1	511.217163254	511.625916153	0.000	22050.000	SAT.01_U.nest.U.FP37.U.FP38_NA
366	Waveform 1	1	511.667720427	512.064861028	0.000	22050.000	SAT.01_U.nest.U.FP37.U.FP38_NA
366	Spectrogram 1	1	511.667720427	512.064861028	0.000	22050.000	SAT.01_U.nest.U.FP37.U.FP38_NA
367	Waveform 1	1	512.097375463	512.626896265	0.000	22050.000	SAT.01_U.nest.U.FP37.U.FP38_NA
367	Spectrogram 1	1	512.097375463	512.626896265	0.000	22050.000	SAT.01_U.nest.U.FP37.U.FP38_NA
369	Waveform 1	1	514.993482653	515.293079948	0.000	22050.000	
369	Spectrogram 1	1	514.993482653	515.293079948	0.000	22050.000	
370	Waveform 1	1	515.374366036	515.627514139	0.000	22050.000	
370	Spectrogram 1	1	515.374366036	515.627514139	0.000	22050.000	
371	Waveform 1	1	515.676285791	515.964270788	0.000	22050.000	
371	Spectrogram 1	1	515.676285791	515.964270788	0.000	22050.000	
372	Waveform 1	1	516.013042441	516.349799091	0.000	22050.000	
372	Spectrogram 1	1	516.013042441	516.349799091	0.000	22050.000	
373	Waveform 1	1	516.396248284	516.714425257	0.000	22050.000	
373	Spectrogram 1	1	516.396248284	516.714425257	0.000	22050.000	
374	Waveform 1	1	517.583025168	517.945328874	0.000	22050.000	
374	Spectrogram 1	1	517.583025168	517.945328874	0.000	22050.000	
375	Waveform 1	1	519.766137243	520.105216353	0.000	22050.000	
375	Spectrogram 1	1	519.766137243	520.105216353	0.000	22050.000	
376	Waveform 1	1	529.622656018	529.980314805	0.000	22050.000	
376	Spectrogram 1	1	529.622656018	529.980314805	0.000	22050.000	
377	Waveform 1	1	532.841585099	533.303754571	0.000	22050.000	SAT.NA_nest.FP39_NA
377	Spectrogram 1	1	532.841585099	533.303754571	0.000	22050.000	SAT.NA_nest.FP39_NA
378	Waveform 1	1	533.338591466	533.707862551	0.000	22050.000	SAT.NA_nest.FP39_NA
378	Spectrogram 1	1	533.338591466	533.707862551	0.000	22050.000	SAT.NA_nest.FP39_NA
379	Waveform 1	1	533.731087147	534.183966780	0.000	22050.000	SAT.NA_nest.FP39_NA
379	Spectrogram 1	1	533.731087147	534.183966780	0.000	22050.000	SAT.NA_nest.FP39_NA
380	Waveform 1	1	534.931798789	535.393968260	0.000	22050.000	
380	Spectrogram 1	1	534.931798789	535.393968260	0.000	22050.000	
381	Waveform 1	1	535.414870397	535.565830275	0.000	22050.000	
381	Spectrogram 1	1	535.414870397	535.565830275	0.000	22050.000	
382	Waveform 1	1	535.579765032	536.021032367	0.000	22050.000	
382	Spectrogram 1	1	535.579765032	536.021032367	0.000	22050.000	
383	Waveform 1	1	536.106963374	536.476234459	0.000	22050.000	
383	Spectrogram 1	1	536.106963374	536.476234459	0.000	22050.000	
384	Waveform 1	1	537.883645010	538.162340169	0.000	22050.000	
384	Spectrogram 1	1	537.883645010	538.162340169	0.000	22050.000	
385	Waveform 1	1	538.194854604	538.461937464	0.000	22050.000	
385	Spectrogram 1	1	538.194854604	538.461937464	0.000	22050.000	
386	Waveform 1	1	538.496774359	538.794049195	0.000	22050.000	
386	Spectrogram 1	1	538.496774359	538.794049195	0.000	22050.000	
387	Waveform 1	1	538.835853468	539.061132055	0.000	22050.000	
387	Spectrogram 1	1	538.835853468	539.061132055	0.000	22050.000	
388	Waveform 1	1	539.135450764	539.409501003	0.000	22050.000	
388	Spectrogram 1	1	539.135450764	539.409501003	0.000	22050.000	
389	Waveform 1	1	539.446660358	539.688196162	0.000	22050.000	
389	Spectrogram 1	1	539.446660358	539.688196162	0.000	22050.000	
391	Waveform 1	1	544.719930496	545.110780515	0.000	22050.000	
391	Spectrogram 1	1	544.719930496	545.110780515	0.000	22050.000	
392	Waveform 1	1	545.396528008	545.652715415	0.000	22050.000	
392	Spectrogram 1	1	545.396528008	545.652715415	0.000	22050.000	
393	Waveform 1	1	546.158521322	546.368726375	0.000	22050.000	
393	Spectrogram 1	1	546.158521322	546.368726375	0.000	22050.000	
394	Waveform 1	1	546.943505814	547.239106669	0.000	22050.000	
394	Spectrogram 1	1	546.943505814	547.239106669	0.000	22050.000	
395	Waveform 1	1	547.268666755	547.564267609	0.000	22050.000	
395	Spectrogram 1	1	547.268666755	547.564267609	0.000	22050.000	
396	Waveform 1	1	547.610249965	547.876290734	0.000	22050.000	
396	Spectrogram 1	1	547.610249965	547.876290734	0.000	22050.000	
397	Waveform 1	1	547.882859642	548.007668892	0.000	22050.000	
397	Spectrogram 1	1	547.882859642	548.007668892	0.000	22050.000	
398	Waveform 1	1	548.405087818	548.690835311	0.000	22050.000	
398	Spectrogram 1	1	548.405087818	548.690835311	0.000	22050.000	
399	Waveform 1	1	548.717110943	548.907609272	0.000	22050.000	
399	Spectrogram 1	1	548.717110943	548.907609272	0.000	22050.000	
400	Waveform 1	1	548.910893726	549.181861176	0.000	22050.000	
400	Spectrogram 1	1	548.910893726	549.181861176	0.000	22050.000	
401	Waveform 1	1	549.216347942	549.508664343	0.000	22050.000	
401	Spectrogram 1	1	549.216347942	549.508664343	0.000	22050.000	
402	Waveform 1	1	549.551362244	549.832183056	0.000	22050.000	
402	Spectrogram 1	1	549.551362244	549.832183056	0.000	22050.000	
403	Waveform 1	1	549.863385369	550.073590421	0.000	22050.000	
403	Spectrogram 1	1	549.863385369	550.073590421	0.000	22050.000	
404	Waveform 1	1	550.083443783	550.359337914	0.000	22050.000	
404	Spectrogram 1	1	550.083443783	550.359337914	0.000	22050.000	
405	Waveform 1	1	551.141037952	551.367665274	0.000	22050.000	
405	Spectrogram 1	1	551.141037952	551.367665274	0.000	22050.000	
406	Waveform 1	1	563.393693382	564.208237960	0.000	22050.000	
406	Spectrogram 1	1	563.393693382	564.208237960	0.000	22050.000	
