Selection	View	Channel	Begin Time (s)	End Time (s)	Low Freq (Hz)	High Freq (Hz)	Annotation
1	Waveform 1	1	63.276316372	63.518306203	0.000	22050.000	
1	Spectrogram 1	1	63.276316372	63.518306203	0.000	22050.000	
2	Waveform 1	1	63.575619584	63.906763562	0.000	22050.000	
2	Spectrogram 1	1	63.575619584	63.906763562	0.000	22050.000	
3	Waveform 1	1	64.925668112	65.333229932	0.000	22050.000	
3	Spectrogram 1	1	64.925668112	65.333229932	0.000	22050.000	
4	Waveform 1	1	65.428752233	65.785368826	0.000	22050.000	
4	Spectrogram 1	1	65.428752233	65.785368826	0.000	22050.000	
5	Waveform 1	1	65.868154820	66.071935730	0.000	22050.000	
5	Spectrogram 1	1	65.868154820	66.071935730	0.000	22050.000	
6	Waveform 1	1	66.307557407	66.676910306	0.000	22050.000	
6	Spectrogram 1	1	66.307557407	66.676910306	0.000	22050.000	
7	Waveform 1	1	67.918700226	68.224371591	0.000	22050.000	
7	Spectrogram 1	1	67.918700226	68.224371591	0.000	22050.000	
8	Waveform 1	1	100.494082558	100.831594690	0.000	22050.000	
8	Spectrogram 1	1	100.494082558	100.831594690	0.000	22050.000	
9	Waveform 1	1	102.971294244	103.340647143	0.000	22050.000	
9	Spectrogram 1	1	102.971294244	103.340647143	0.000	22050.000	
10	Waveform 1	1	103.340647143	103.646318508	0.000	22050.000	
10	Spectrogram 1	1	103.340647143	103.646318508	0.000	22050.000	
11	Waveform 1	1	103.646318508	103.964726180	0.000	22050.000	
11	Spectrogram 1	1	103.646318508	103.964726180	0.000	22050.000	
12	Waveform 1	1	103.964726180	104.149402630	0.000	22050.000	
12	Spectrogram 1	1	103.964726180	104.149402630	0.000	22050.000	
13	Waveform 1	1	111.123181312	111.498902364	0.000	22050.000	
13	Spectrogram 1	1	111.123181312	111.498902364	0.000	22050.000	
14	Waveform 1	1	113.199199331	113.632233765	0.000	22050.000	
14	Spectrogram 1	1	113.199199331	113.632233765	0.000	22050.000	
15	Waveform 1	1	114.961943154	115.331296053	0.000	22050.000	
15	Spectrogram 1	1	114.961943154	115.331296053	0.000	22050.000	
16	Waveform 1	1	115.331296053	115.694280799	0.000	22050.000	
16	Spectrogram 1	1	115.331296053	115.694280799	0.000	22050.000	
17	Waveform 1	1	116.318359835	116.560349666	0.000	22050.000	
17	Spectrogram 1	1	116.318359835	116.560349666	0.000	22050.000	
18	Waveform 1	1	133.176163319	133.564620678	0.000	22050.000	
18	Spectrogram 1	1	133.176163319	133.564620678	0.000	22050.000	
19	Waveform 1	1	133.615565906	133.984918805	0.000	22050.000	
19	Spectrogram 1	1	133.615565906	133.984918805	0.000	22050.000	
20	Waveform 1	1	138.280173587	138.789625862	0.000	22050.000	
20	Spectrogram 1	1	138.280173587	138.789625862	0.000	22050.000	
21	Waveform 1	1	139.356391518	139.668431036	0.000	22050.000	
21	Spectrogram 1	1	139.356391518	139.668431036	0.000	22050.000	
22	Waveform 1	1	139.668431036	139.980470554	0.000	22050.000	
22	Spectrogram 1	1	139.668431036	139.980470554	0.000	22050.000	
23	Waveform 1	1	143.158179118	143.565740938	0.000	22050.000	
23	Spectrogram 1	1	143.158179118	143.565740938	0.000	22050.000	
24	Waveform 1	1	150.115647206	150.383109650	0.000	22050.000	
24	Spectrogram 1	1	150.115647206	150.383109650	0.000	22050.000	
25	Waveform 1	1	154.462626975	154.730089419	0.000	22050.000	
25	Spectrogram 1	1	154.462626975	154.730089419	0.000	22050.000	
26	Waveform 1	1	167.513638140	167.876622886	0.000	22050.000	
26	Spectrogram 1	1	167.513638140	167.876622886	0.000	22050.000	
27	Waveform 1	1	194.108998897	194.395565801	0.000	22050.000	
27	Spectrogram 1	1	194.108998897	194.395565801	0.000	22050.000	
28	Waveform 1	1	194.395565801	194.739446087	0.000	22050.000	
28	Spectrogram 1	1	194.395565801	194.739446087	0.000	22050.000	
29	Waveform 1	1	223.807664813	224.100599871	0.000	22050.000	
29	Spectrogram 1	1	223.807664813	224.100599871	0.000	22050.000	
30	Waveform 1	1	224.387166776	224.667365527	0.000	22050.000	
30	Spectrogram 1	1	224.387166776	224.667365527	0.000	22050.000	
31	Waveform 1	1	228.220795143	228.583779889	0.000	22050.000	
31	Spectrogram 1	1	228.220795143	228.583779889	0.000	22050.000	
32	Waveform 1	1	234.293090235	234.541448219	0.000	22050.000	
32	Spectrogram 1	1	234.293090235	234.541448219	0.000	22050.000	
33	Waveform 1	1	234.541448219	234.885328504	0.000	22050.000	
33	Spectrogram 1	1	234.541448219	234.885328504	0.000	22050.000	
34	Waveform 1	1	237.418618892	237.737026564	0.000	22050.000	
34	Spectrogram 1	1	237.418618892	237.737026564	0.000	22050.000	
35	Waveform 1	1	264.351166610	264.656837975	0.000	22050.000	
35	Spectrogram 1	1	264.351166610	264.656837975	0.000	22050.000	
36	Waveform 1	1	264.707783202	264.987981954	0.000	22050.000	
36	Spectrogram 1	1	264.707783202	264.987981954	0.000	22050.000	
37	Waveform 1	1	267.824929599	268.079655737	0.000	22050.000	
37	Spectrogram 1	1	267.824929599	268.079655737	0.000	22050.000	
38	Waveform 1	1	268.079655737	268.302541107	0.000	22050.000	
38	Spectrogram 1	1	268.079655737	268.302541107	0.000	22050.000	
39	Waveform 1	1	268.302541107	268.493585710	0.000	22050.000	
39	Spectrogram 1	1	268.302541107	268.493585710	0.000	22050.000	
40	Waveform 1	1	268.570003551	268.799257075	0.000	22050.000	
40	Spectrogram 1	1	268.570003551	268.799257075	0.000	22050.000	
41	Waveform 1	1	268.799257075	269.034878752	0.000	22050.000	
41	Spectrogram 1	1	268.799257075	269.034878752	0.000	22050.000	
42	Waveform 1	1	271.785921035	272.002438252	0.000	22050.000	
42	Spectrogram 1	1	271.785921035	272.002438252	0.000	22050.000	
43	Waveform 1	1	276.385612504	276.633970488	0.000	22050.000	
43	Spectrogram 1	1	276.385612504	276.633970488	0.000	22050.000	
44	Waveform 1	1	288.601940650	288.958557242	0.000	22050.000	
44	Spectrogram 1	1	288.601940650	288.958557242	0.000	22050.000	
45	Waveform 1	1	294.628098818	294.889193109	0.000	22050.000	
45	Spectrogram 1	1	294.628098818	294.889193109	0.000	22050.000	
46	Waveform 1	1	294.895561262	295.156655553	0.000	22050.000	
46	Spectrogram 1	1	294.895561262	295.156655553	0.000	22050.000	
47	Waveform 1	1	295.220337088	295.551481066	0.000	22050.000	
47	Spectrogram 1	1	295.220337088	295.551481066	0.000	22050.000	
48	Waveform 1	1	296.392077319	296.780534679	0.000	22050.000	
48	Spectrogram 1	1	296.392077319	296.780534679	0.000	22050.000	
49	Waveform 1	1	304.864386166	305.093639689	0.000	22050.000	
49	Spectrogram 1	1	304.864386166	305.093639689	0.000	22050.000	
50	Waveform 1	1	325.207583685	325.538727664	0.000	22050.000	
50	Spectrogram 1	1	325.207583685	325.538727664	0.000	22050.000	
51	Waveform 1	1	325.538727664	325.812558261	0.000	22050.000	
51	Spectrogram 1	1	325.538727664	325.812558261	0.000	22050.000	
52	Waveform 1	1	325.901712409	326.143702240	0.000	22050.000	
52	Spectrogram 1	1	325.901712409	326.143702240	0.000	22050.000	
53	Waveform 1	1	335.889187184	336.156649629	0.000	22050.000	
53	Spectrogram 1	1	335.889187184	336.156649629	0.000	22050.000	
54	Waveform 1	1	336.156649629	336.449584687	0.000	22050.000	
54	Spectrogram 1	1	336.156649629	336.449584687	0.000	22050.000	
55	Waveform 1	1	337.691374606	338.035254892	0.000	22050.000	
55	Spectrogram 1	1	337.691374606	338.035254892	0.000	22050.000	
56	Waveform 1	1	338.098936426	338.379135177	0.000	22050.000	
56	Spectrogram 1	1	338.098936426	338.379135177	0.000	22050.000	
57	Waveform 1	1	408.007945723	408.358194162	0.000	22050.000	
57	Spectrogram 1	1	408.007945723	408.358194162	0.000	22050.000	
58	Waveform 1	1	406.836205491	407.269239925	0.000	22050.000	
58	Spectrogram 1	1	406.836205491	407.269239925	0.000	22050.000	
59	Waveform 1	1	409.561775161	409.975705134	0.000	22050.000	
59	Spectrogram 1	1	409.561775161	409.975705134	0.000	22050.000	
60	Waveform 1	1	437.806487326	438.131263151	0.000	22050.000	
60	Spectrogram 1	1	437.806487326	438.131263151	0.000	22050.000	
61	Waveform 1	1	502.270854855	502.538317299	0.000	22050.000	
61	Spectrogram 1	1	502.270854855	502.538317299	0.000	22050.000	
62	Waveform 1	1	502.551053606	502.786675283	0.000	22050.000	
62	Spectrogram 1	1	502.551053606	502.786675283	0.000	22050.000	
63	Waveform 1	1	576.273352793	576.610864925	0.000	22050.000	NA_u.flight_u.01
63	Spectrogram 1	1	576.273352793	576.610864925	0.000	22050.000	NA_u.flight_u.01
