Selection	View	Channel	Begin Time (s)	End Time (s)	Low Freq (Hz)	High Freq (Hz)	Annotation
1	Waveform 1	1	13.796196395	13.967782616	0.000	22050.000	
1	Spectrogram 1	1	13.796196395	13.967782616	0.000	22050.000	
2	Waveform 1	1	16.369989709	16.659911255	0.000	22050.000	
2	Spectrogram 1	1	16.369989709	16.659911255	0.000	22050.000	
3	Waveform 1	1	17.985266893	18.257438140	0.000	22050.000	
3	Spectrogram 1	1	17.985266893	18.257438140	0.000	22050.000	
4	Waveform 1	1	19.727333308	19.951165834	0.000	22050.000	
4	Spectrogram 1	1	19.727333308	19.951165834	0.000	22050.000	
5	Waveform 1	1	20.059944257	20.279592998	0.000	22050.000	
5	Spectrogram 1	1	20.059944257	20.279592998	0.000	22050.000	
6	Waveform 1	1	23.814891771	24.013621584	0.000	22050.000	
6	Spectrogram 1	1	23.814891771	24.013621584	0.000	22050.000	
7	Waveform 1	1	25.804504364	26.001142284	0.000	22050.000	
7	Spectrogram 1	1	25.804504364	26.001142284	0.000	22050.000	
8	Waveform 1	1	27.940477394	28.185228847	0.000	22050.000	
8	Spectrogram 1	1	27.940477394	28.185228847	0.000	22050.000	
9	Waveform 1	1	28.750039894	29.072191380	0.000	22050.000	
9	Spectrogram 1	1	28.750039894	29.072191380	0.000	22050.000	
10	Waveform 1	1	29.907347387	30.126996127	0.000	22050.000	
10	Spectrogram 1	1	29.907347387	30.126996127	0.000	22050.000	
11	Waveform 1	1	38.385434274	38.682483046	0.000	22050.000	
11	Spectrogram 1	1	38.385434274	38.682483046	0.000	22050.000	
12	Waveform 1	1	39.357477555	39.604320902	0.000	22050.000	
12	Spectrogram 1	1	39.357477555	39.604320902	0.000	22050.000	
13	Waveform 1	1	41.759801521	42.178180074	0.000	22050.000	
13	Spectrogram 1	1	41.759801521	42.178180074	0.000	22050.000	
14	Waveform 1	1	43.922509693	44.163077361	0.000	22050.000	
14	Spectrogram 1	1	43.922509693	44.163077361	0.000	22050.000	
15	Waveform 1	1	44.483136954	44.757174907	0.000	22050.000	
15	Spectrogram 1	1	44.483136954	44.757174907	0.000	22050.000	
16	Waveform 1	1	44.909883079	45.135807497	0.000	22050.000	
16	Spectrogram 1	1	44.909883079	45.135807497	0.000	22050.000	
17	Waveform 1	1	45.238310243	45.476786018	0.000	22050.000	
17	Spectrogram 1	1	45.238310243	45.476786018	0.000	22050.000	
18	Waveform 1	1	46.501813473	46.754932498	0.000	22050.000	
18	Spectrogram 1	1	46.501813473	46.754932498	0.000	22050.000	
19	Waveform 1	1	69.723604300	69.926856191	0.000	22050.000	
19	Spectrogram 1	1	69.723604300	69.926856191	0.000	22050.000	
20	Waveform 1	1	77.240536740	77.435319802	0.000	22050.000	
20	Spectrogram 1	1	77.240536740	77.435319802	0.000	22050.000	
21	Waveform 1	1	96.969038573	97.181793440	0.000	22050.000	
21	Spectrogram 1	1	96.969038573	97.181793440	0.000	22050.000	
22	Waveform 1	1	100.851507452	101.112224399	0.000	22050.000	
22	Spectrogram 1	1	100.851507452	101.112224399	0.000	22050.000	
23	Waveform 1	1	120.559221191	120.808589913	0.000	22050.000	
23	Spectrogram 1	1	120.559221191	120.808589913	0.000	22050.000	
24	Waveform 1	1	147.626790029	147.891795733	0.000	22050.000	
24	Spectrogram 1	1	147.626790029	147.891795733	0.000	22050.000	
25	Waveform 1	1	151.410061947	151.667496060	0.000	22050.000	
25	Spectrogram 1	1	151.410061947	151.667496060	0.000	22050.000	
26	Waveform 1	1	154.870279293	155.104998631	0.000	22050.000	
26	Spectrogram 1	1	154.870279293	155.104998631	0.000	22050.000	
27	Waveform 1	1	155.140332725	155.362432744	0.000	22050.000	
27	Spectrogram 1	1	155.140332725	155.362432744	0.000	22050.000	
28	Waveform 1	1	157.144280626	157.386571556	0.000	22050.000	
28	Spectrogram 1	1	157.144280626	157.386571556	0.000	22050.000	
29	Waveform 1	1	158.259828450	158.580359159	0.000	22050.000	
29	Spectrogram 1	1	158.259828450	158.580359159	0.000	22050.000	
30	Waveform 1	1	159.420805823	159.693383119	0.000	22050.000	
30	Spectrogram 1	1	159.420805823	159.693383119	0.000	22050.000	
31	Waveform 1	1	162.204627655	162.409060627	0.000	22050.000	
31	Spectrogram 1	1	162.204627655	162.409060627	0.000	22050.000	
32	Waveform 1	1	164.190908509	164.395341481	0.000	22050.000	
32	Spectrogram 1	1	164.190908509	164.395341481	0.000	22050.000	
33	Waveform 1	1	168.516811157	168.738911176	0.000	22050.000	
33	Spectrogram 1	1	168.516811157	168.738911176	0.000	22050.000	
34	Waveform 1	1	169.478403285	169.705551032	0.000	22050.000	
34	Spectrogram 1	1	169.478403285	169.705551032	0.000	22050.000	
35	Waveform 1	1	211.485593289	211.727884219	0.000	22050.000	
35	Spectrogram 1	1	211.485593289	211.727884219	0.000	22050.000	
36	Waveform 1	1	211.982794468	212.242752445	0.000	22050.000	
36	Spectrogram 1	1	211.982794468	212.242752445	0.000	22050.000	
37	Waveform 1	1	245.991182442	246.295223352	0.000	22050.000	
37	Spectrogram 1	1	245.991182442	246.295223352	0.000	22050.000	
38	Waveform 1	1	248.675210408	248.947060100	0.000	22050.000	
38	Spectrogram 1	1	248.675210408	248.947060100	0.000	22050.000	
39	Waveform 1	1	254.897098090	255.070522783	0.000	22050.000	
39	Spectrogram 1	1	254.897098090	255.070522783	0.000	22050.000	
41	Waveform 1	1	335.474330353	335.670136327	0.000	22050.000	
41	Spectrogram 1	1	335.474330353	335.670136327	0.000	22050.000	
42	Waveform 1	1	341.184915941	341.435112463	0.000	22050.000	
42	Spectrogram 1	1	341.184915941	341.435112463	0.000	22050.000	
43	Waveform 1	1	342.259673175	342.566435867	0.000	22050.000	
43	Spectrogram 1	1	342.259673175	342.566435867	0.000	22050.000	
44	Waveform 1	1	344.026278183	344.280825949	0.000	22050.000	
44	Spectrogram 1	1	344.026278183	344.280825949	0.000	22050.000	
45	Waveform 1	1	344.383080180	344.594115508	0.000	22050.000	
45	Spectrogram 1	1	344.383080180	344.594115508	0.000	22050.000	
46	Waveform 1	1	354.782553013	354.997939584	0.000	22050.000	
46	Spectrogram 1	1	354.782553013	354.997939584	0.000	22050.000	
47	Waveform 1	1	381.193534729	381.383300825	0.000	22050.000	
47	Spectrogram 1	1	381.193534729	381.383300825	0.000	22050.000	
48	Waveform 1	1	383.627999781	383.832063323	0.000	22050.000	
48	Spectrogram 1	1	383.627999781	383.832063323	0.000	22050.000	
49	Waveform 1	1	386.506985414	386.712348724	0.000	22050.000	
49	Spectrogram 1	1	386.506985414	386.712348724	0.000	22050.000	
50	Waveform 1	1	387.969224167	388.166788870	0.000	22050.000	
50	Spectrogram 1	1	387.969224167	388.166788870	0.000	22050.000	
51	Waveform 1	1	390.788420482	391.011980541	0.000	22050.000	
51	Spectrogram 1	1	390.788420482	391.011980541	0.000	22050.000	
52	Waveform 1	1	391.394112268	391.590377203	0.000	22050.000	
52	Spectrogram 1	1	391.394112268	391.590377203	0.000	22050.000	
53	Waveform 1	1	394.186013460	394.384877930	0.000	22050.000	
53	Spectrogram 1	1	394.186013460	394.384877930	0.000	22050.000	
54	Waveform 1	1	397.818864405	398.003431430	0.000	22050.000	
54	Spectrogram 1	1	397.818864405	398.003431430	0.000	22050.000	
55	Waveform 1	1	434.077001946	434.283912393	0.000	22050.000	
55	Spectrogram 1	1	434.077001946	434.283912393	0.000	22050.000	
56	Waveform 1	1	455.028073762	455.249276285	0.000	22050.000	
56	Spectrogram 1	1	455.028073762	455.249276285	0.000	22050.000	
57	Waveform 1	1	457.818451416	458.035045553	0.000	22050.000	
57	Spectrogram 1	1	457.818451416	458.035045553	0.000	22050.000	
58	Waveform 1	1	460.562745212	460.779339348	0.000	22050.000	
58	Spectrogram 1	1	460.562745212	460.779339348	0.000	22050.000	
59	Waveform 1	1	462.419924724	462.638823053	0.000	22050.000	
59	Spectrogram 1	1	462.419924724	462.638823053	0.000	22050.000	
60	Waveform 1	1	465.019054364	465.214910764	0.000	22050.000	
60	Spectrogram 1	1	465.019054364	465.214910764	0.000	22050.000	
61	Waveform 1	1	466.839366789	467.072090276	0.000	22050.000	
61	Spectrogram 1	1	466.839366789	467.072090276	0.000	22050.000	
62	Waveform 1	1	484.063209039	484.298236719	0.000	22050.000	
62	Spectrogram 1	1	484.063209039	484.298236719	0.000	22050.000	
63	Waveform 1	1	486.439272539	486.662779254	0.000	22050.000	
63	Spectrogram 1	1	486.439272539	486.662779254	0.000	22050.000	
