Selection	View	Channel	Begin Time (s)	End Time (s)	Low Freq (Hz)	High Freq (Hz)	Annotation
1	Waveform 1	1	0.944295014	1.234372568	0.000	22050.000	
1	Spectrogram 1	1	0.944295014	1.234372568	0.000	22050.000	
2	Waveform 1	1	1.335179661	1.524450121	0.000	22050.000	
2	Spectrogram 1	1	1.335179661	1.524450121	0.000	22050.000	
3	Waveform 1	1	1.553252148	1.787782936	0.000	22050.000	
3	Spectrogram 1	1	1.553252148	1.787782936	0.000	22050.000	
4	Waveform 1	1	2.460515985	2.655958308	0.000	22050.000	
4	Spectrogram 1	1	2.460515985	2.655958308	0.000	22050.000	
5	Waveform 1	1	3.598196035	3.857414274	0.000	22050.000	
5	Spectrogram 1	1	3.598196035	3.857414274	0.000	22050.000	
6	Waveform 1	1	3.929419341	4.128976239	0.000	22050.000	
6	Spectrogram 1	1	3.929419341	4.128976239	0.000	22050.000	
7	Waveform 1	1	4.186580292	4.423168368	0.000	22050.000	
7	Spectrogram 1	1	4.186580292	4.423168368	0.000	22050.000	
8	Waveform 1	1	4.441683956	4.686501182	0.000	22050.000	
8	Spectrogram 1	1	4.441683956	4.686501182	0.000	22050.000	
9	Waveform 1	1	4.713245921	4.898401807	0.000	22050.000	
9	Spectrogram 1	1	4.713245921	4.898401807	0.000	22050.000	
10	Waveform 1	1	5.593765020	5.865326985	0.000	22050.000	
10	Spectrogram 1	1	5.593765020	5.865326985	0.000	22050.000	
11	Waveform 1	1	5.982592379	6.200664866	0.000	22050.000	
11	Spectrogram 1	1	5.982592379	6.200664866	0.000	22050.000	
12	Waveform 1	1	6.558632910	6.819908437	0.000	22050.000	
12	Spectrogram 1	1	6.558632910	6.819908437	0.000	22050.000	
13	Waveform 1	1	6.861054189	7.077069389	0.000	22050.000	
13	Spectrogram 1	1	6.861054189	7.077069389	0.000	22050.000	
14	Waveform 1	1	7.122329716	7.330115765	0.000	22050.000	
14	Spectrogram 1	1	7.122329716	7.330115765	0.000	22050.000	
15	Waveform 1	1	7.334230340	7.558474690	0.000	22050.000	
15	Spectrogram 1	1	7.334230340	7.558474690	0.000	22050.000	
16	Waveform 1	1	7.941130186	8.181832837	0.000	22050.000	
16	Spectrogram 1	1	7.941130186	8.181832837	0.000	22050.000	
17	Waveform 1	1	8.776388957	8.980060431	0.000	22050.000	
17	Spectrogram 1	1	8.776388957	8.980060431	0.000	22050.000	
18	Waveform 1	1	9.043836347	9.259851546	0.000	22050.000	
18	Spectrogram 1	1	9.043836347	9.259851546	0.000	22050.000	
19	Waveform 1	1	9.261195694	9.474055852	0.000	22050.000	
19	Spectrogram 1	1	9.261195694	9.474055852	0.000	22050.000	
20	Waveform 1	1	10.592531688	10.733957894	0.000	22050.000	
20	Spectrogram 1	1	10.592531688	10.733957894	0.000	22050.000	
21	Waveform 1	1	10.764781554	10.926152482	0.000	22050.000	
21	Spectrogram 1	1	10.764781554	10.926152482	0.000	22050.000	
22	Waveform 1	1	10.969668238	11.105654975	0.000	22050.000	
22	Spectrogram 1	1	10.969668238	11.105654975	0.000	22050.000	
23	Waveform 1	1	11.176368078	11.439275769	0.000	22050.000	
23	Spectrogram 1	1	11.176368078	11.439275769	0.000	22050.000	
24	Waveform 1	1	11.470099429	11.680425582	0.000	22050.000	
24	Spectrogram 1	1	11.470099429	11.680425582	0.000	22050.000	
25	Waveform 1	1	11.747512372	11.917949082	0.000	22050.000	
25	Spectrogram 1	1	11.747512372	11.917949082	0.000	22050.000	
26	Waveform 1	1	11.945146430	12.077506853	0.000	22050.000	
26	Spectrogram 1	1	11.945146430	12.077506853	0.000	22050.000	
27	Waveform 1	1	12.131901548	12.266075128	0.000	22050.000	
27	Spectrogram 1	1	12.131901548	12.266075128	0.000	22050.000	
28	Waveform 1	1	12.829966797	13.014908759	0.000	22050.000	
28	Spectrogram 1	1	12.829966797	13.014908759	0.000	22050.000	
29	Waveform 1	1	13.199850721	13.451879473	0.000	22050.000	
29	Spectrogram 1	1	13.199850721	13.451879473	0.000	22050.000	
30	Waveform 1	1	13.491768916	13.685776660	0.000	22050.000	
30	Spectrogram 1	1	13.491768916	13.685776660	0.000	22050.000	
31	Waveform 1	1	14.053847428	14.253294642	0.000	22050.000	
31	Spectrogram 1	1	14.053847428	14.253294642	0.000	22050.000	
32	Waveform 1	1	15.339375379	15.580525193	0.000	22050.000	
32	Spectrogram 1	1	15.339375379	15.580525193	0.000	22050.000	
33	Waveform 1	1	15.609535696	15.823488162	0.000	22050.000	
33	Spectrogram 1	1	15.609535696	15.823488162	0.000	22050.000	
34	Waveform 1	1	15.872443387	16.162548426	0.000	22050.000	
34	Spectrogram 1	1	15.872443387	16.162548426	0.000	22050.000	
35	Waveform 1	1	16.274964128	16.501608690	0.000	22050.000	
35	Spectrogram 1	1	16.274964128	16.501608690	0.000	22050.000	
36	Waveform 1	1	16.523366567	16.691990121	0.000	22050.000	
36	Spectrogram 1	1	16.523366567	16.691990121	0.000	22050.000	
37	Waveform 1	1	17.703731443	17.939441786	0.000	22050.000	
37	Spectrogram 1	1	17.703731443	17.939441786	0.000	22050.000	
38	Waveform 1	1	18.383665126	18.612122844	0.000	22050.000	
38	Spectrogram 1	1	18.383665126	18.612122844	0.000	22050.000	
39	Waveform 1	1	18.619375470	18.826075310	0.000	22050.000	
39	Spectrogram 1	1	18.619375470	18.826075310	0.000	22050.000	
40	Waveform 1	1	18.860525283	19.179640826	0.000	22050.000	
40	Spectrogram 1	1	18.860525283	19.179640826	0.000	22050.000	
41	Waveform 1	1	19.841442945	20.024571750	0.000	22050.000	
41	Spectrogram 1	1	19.841442945	20.024571750	0.000	22050.000	
42	Waveform 1	1	20.097098010	20.285666285	0.000	22050.000	
42	Spectrogram 1	1	20.097098010	20.285666285	0.000	22050.000	
43	Waveform 1	1	20.287544764	20.495582844	0.000	22050.000	
43	Spectrogram 1	1	20.287544764	20.495582844	0.000	22050.000	
44	Waveform 1	1	20.526554806	20.676739599	0.000	22050.000	
44	Spectrogram 1	1	20.526554806	20.676739599	0.000	22050.000	
45	Waveform 1	1	20.804192313	20.961206973	0.000	22050.000	
45	Spectrogram 1	1	20.804192313	20.961206973	0.000	22050.000	
46	Waveform 1	1	20.964085042	21.094557509	0.000	22050.000	
46	Spectrogram 1	1	20.964085042	21.094557509	0.000	22050.000	
47	Waveform 1	1	21.303981729	21.526486235	0.000	22050.000	
47	Spectrogram 1	1	21.303981729	21.526486235	0.000	22050.000	
48	Waveform 1	1	22.421026711	22.596497745	0.000	22050.000	
48	Spectrogram 1	1	22.421026711	22.596497745	0.000	22050.000	
49	Waveform 1	1	22.635390809	22.818097762	0.000	22050.000	
49	Spectrogram 1	1	22.635390809	22.818097762	0.000	22050.000	
50	Waveform 1	1	23.756958241	24.016546832	0.000	22050.000	
50	Spectrogram 1	1	23.756958241	24.016546832	0.000	22050.000	
51	Waveform 1	1	24.069911734	24.328595835	0.000	22050.000	
51	Spectrogram 1	1	24.069911734	24.328595835	0.000	22050.000	
52	Waveform 1	1	24.357539511	24.606274223	0.000	22050.000	
52	Spectrogram 1	1	24.357539511	24.606274223	0.000	22050.000	
53	Waveform 1	1	25.471871024	25.716083287	0.000	22050.000	
53	Spectrogram 1	1	25.471871024	25.716083287	0.000	22050.000	
54	Waveform 1	1	25.766734719	25.968435959	0.000	22050.000	
54	Spectrogram 1	1	25.766734719	25.968435959	0.000	22050.000	
55	Waveform 1	1	25.972958408	26.169232709	0.000	22050.000	
55	Spectrogram 1	1	25.972958408	26.169232709	0.000	22050.000	
56	Waveform 1	1	26.311237618	26.483995182	0.000	22050.000	
56	Spectrogram 1	1	26.311237618	26.483995182	0.000	22050.000	
57	Waveform 1	1	26.524697226	26.653134786	0.000	22050.000	
57	Spectrogram 1	1	26.524697226	26.653134786	0.000	22050.000	
58	Waveform 1	1	26.664893155	26.829510310	0.000	22050.000	
58	Spectrogram 1	1	26.664893155	26.829510310	0.000	22050.000	
59	Waveform 1	1	26.949807462	27.224772381	0.000	22050.000	
59	Spectrogram 1	1	26.949807462	27.224772381	0.000	22050.000	
60	Waveform 1	1	27.317934837	27.487978931	0.000	22050.000	
60	Spectrogram 1	1	27.317934837	27.487978931	0.000	22050.000	
61	Waveform 1	1	27.515113627	27.728573235	0.000	22050.000	
61	Spectrogram 1	1	27.515113627	27.728573235	0.000	22050.000	
62	Waveform 1	1	28.118408367	28.290261441	0.000	22050.000	
62	Spectrogram 1	1	28.118408367	28.290261441	0.000	22050.000	
63	Waveform 1	1	28.510052478	28.749742292	0.000	22050.000	
63	Spectrogram 1	1	28.510052478	28.749742292	0.000	22050.000	
64	Waveform 1	1	28.813056582	29.031943130	0.000	22050.000	
64	Spectrogram 1	1	28.813056582	29.031943130	0.000	22050.000	
65	Waveform 1	1	29.063600275	29.289722741	0.000	22050.000	
65	Spectrogram 1	1	29.063600275	29.289722741	0.000	22050.000	
66	Waveform 1	1	29.341278663	29.573732558	0.000	22050.000	
66	Spectrogram 1	1	29.341278663	29.573732558	0.000	22050.000	
67	Waveform 1	1	29.618957051	29.823371761	0.000	22050.000	
67	Spectrogram 1	1	29.618957051	29.823371761	0.000	22050.000	
68	Waveform 1	1	29.833321149	30.005174224	0.000	22050.000	
68	Spectrogram 1	1	29.833321149	30.005174224	0.000	22050.000	
69	Waveform 1	1	30.229487710	30.463750585	0.000	22050.000	
69	Spectrogram 1	1	30.229487710	30.463750585	0.000	22050.000	
70	Waveform 1	1	30.492694260	30.667260804	0.000	22050.000	
70	Spectrogram 1	1	30.492694260	30.667260804	0.000	22050.000	
71	Waveform 1	1	31.335678814	31.506627398	0.000	22050.000	
71	Spectrogram 1	1	31.335678814	31.506627398	0.000	22050.000	
72	Waveform 1	1	31.675585577	31.899173357	0.000	22050.000	
72	Spectrogram 1	1	31.675585577	31.899173357	0.000	22050.000	
73	Waveform 1	1	31.917578449	32.104356046	0.000	22050.000	
73	Spectrogram 1	1	31.917578449	32.104356046	0.000	22050.000	
74	Waveform 1	1	32.107764397	32.284998613	0.000	22050.000	
74	Spectrogram 1	1	32.107764397	32.284998613	0.000	22050.000	
75	Waveform 1	1	32.389975803	32.606065213	0.000	22050.000	
75	Spectrogram 1	1	32.389975803	32.606065213	0.000	22050.000	
76	Waveform 1	1	32.633332015	32.771711038	0.000	22050.000	
76	Spectrogram 1	1	32.633332015	32.771711038	0.000	22050.000	
77	Waveform 1	1	32.779891079	32.967350346	0.000	22050.000	
77	Spectrogram 1	1	32.779891079	32.967350346	0.000	22050.000	
78	Waveform 1	1	33.081189247	33.318410429	0.000	22050.000	
78	Spectrogram 1	1	33.081189247	33.318410429	0.000	22050.000	
79	Waveform 1	1	34.156864607	34.377725707	0.000	22050.000	
79	Spectrogram 1	1	34.156864607	34.377725707	0.000	22050.000	
80	Waveform 1	1	34.411809211	34.669480494	0.000	22050.000	
80	Spectrogram 1	1	34.411809211	34.669480494	0.000	22050.000	
81	Waveform 1	1	34.694020617	34.895794955	0.000	22050.000	
81	Spectrogram 1	1	34.694020617	34.895794955	0.000	22050.000	
82	Waveform 1	1	34.955781921	35.243446688	0.000	22050.000	
82	Spectrogram 1	1	34.955781921	35.243446688	0.000	22050.000	
83	Waveform 1	1	35.267986810	35.505889662	0.000	22050.000	
83	Spectrogram 1	1	35.267986810	35.505889662	0.000	22050.000	
84	Waveform 1	1	35.535201475	35.756062575	0.000	22050.000	
84	Spectrogram 1	1	35.535201475	35.756062575	0.000	22050.000	
85	Waveform 1	1	35.822184571	36.034183961	0.000	22050.000	
85	Spectrogram 1	1	35.822184571	36.034183961	0.000	22050.000	
86	Waveform 1	1	36.077810845	36.292536915	0.000	22050.000	
86	Spectrogram 1	1	36.077810845	36.292536915	0.000	22050.000	
87	Waveform 1	1	36.871274799	37.118039362	0.000	22050.000	
87	Spectrogram 1	1	36.871274799	37.118039362	0.000	22050.000	
88	Waveform 1	1	37.130991093	37.345035493	0.000	22050.000	
88	Spectrogram 1	1	37.130991093	37.345035493	0.000	22050.000	
89	Waveform 1	1	37.373665635	37.612250158	0.000	22050.000	
89	Spectrogram 1	1	37.373665635	37.612250158	0.000	22050.000	
90	Waveform 1	1	37.644970321	37.921728366	0.000	22050.000	
90	Spectrogram 1	1	37.644970321	37.921728366	0.000	22050.000	
91	Waveform 1	1	38.166447919	38.271425109	0.000	22050.000	
91	Spectrogram 1	1	38.166447919	38.271425109	0.000	22050.000	
92	Waveform 1	1	38.327322054	38.493649549	0.000	22050.000	
92	Spectrogram 1	1	38.327322054	38.493649549	0.000	22050.000	
93	Waveform 1	1	38.534549753	38.666793746	0.000	22050.000	
93	Spectrogram 1	1	38.534549753	38.666793746	0.000	22050.000	
94	Waveform 1	1	38.711783970	38.871294765	0.000	22050.000	
94	Spectrogram 1	1	38.711783970	38.871294765	0.000	22050.000	
95	Waveform 1	1	38.932645070	39.070342423	0.000	22050.000	
95	Spectrogram 1	1	38.932645070	39.070342423	0.000	22050.000	
96	Waveform 1	1	39.115332647	39.285750163	0.000	22050.000	
96	Spectrogram 1	1	39.115332647	39.285750163	0.000	22050.000	
97	Waveform 1	1	39.589775011	39.809272772	0.000	22050.000	
97	Spectrogram 1	1	39.589775011	39.809272772	0.000	22050.000	
98	Waveform 1	1	39.863806377	40.057400675	0.000	22050.000	
98	Spectrogram 1	1	39.863806377	40.057400675	0.000	22050.000	
99	Waveform 1	1	40.086030817	40.290531836	0.000	22050.000	
99	Spectrogram 1	1	40.086030817	40.290531836	0.000	22050.000	
100	Waveform 1	1	40.312345278	40.580923283	0.000	22050.000	
100	Spectrogram 1	1	40.312345278	40.580923283	0.000	22050.000	
101	Waveform 1	1	40.650453630	40.846774608	0.000	22050.000	
101	Spectrogram 1	1	40.650453630	40.846774608	0.000	22050.000	
102	Waveform 1	1	40.864498030	41.037642226	0.000	22050.000	
102	Spectrogram 1	1	40.864498030	41.037642226	0.000	22050.000	
103	Waveform 1	1	41.054002307	41.266683367	0.000	22050.000	
103	Spectrogram 1	1	41.054002307	41.266683367	0.000	22050.000	
104	Waveform 1	1	41.300766870	41.505267889	0.000	22050.000	
104	Spectrogram 1	1	41.300766870	41.505267889	0.000	22050.000	
105	Waveform 1	1	41.533898032	41.792932656	0.000	22050.000	
105	Spectrogram 1	1	41.533898032	41.792932656	0.000	22050.000	
106	Waveform 1	1	41.874733063	42.090140803	0.000	22050.000	
106	Spectrogram 1	1	41.874733063	42.090140803	0.000	22050.000	
107	Waveform 1	1	42.101047524	42.361445488	0.000	22050.000	
107	Spectrogram 1	1	42.101047524	42.361445488	0.000	22050.000	
108	Waveform 1	1	42.391438971	42.605483371	0.000	22050.000	
108	Spectrogram 1	1	42.391438971	42.605483371	0.000	22050.000	
109	Waveform 1	1	42.635476854	42.755450785	0.000	22050.000	
109	Spectrogram 1	1	42.635476854	42.755450785	0.000	22050.000	
110	Waveform 1	1	42.788170948	42.996761987	0.000	22050.000	
110	Spectrogram 1	1	42.788170948	42.996761987	0.000	22050.000	
111	Waveform 1	1	43.025392130	43.183539585	0.000	22050.000	
111	Spectrogram 1	1	43.025392130	43.183539585	0.000	22050.000	
112	Waveform 1	1	43.292606795	43.516194576	0.000	22050.000	
112	Spectrogram 1	1	43.292606795	43.516194576	0.000	22050.000	
113	Waveform 1	1	43.548914739	43.769775839	0.000	22050.000	
113	Spectrogram 1	1	43.548914739	43.769775839	0.000	22050.000	
114	Waveform 1	1	43.807949363	44.024720443	0.000	22050.000	
114	Spectrogram 1	1	43.807949363	44.024720443	0.000	22050.000	
115	Waveform 1	1	44.140604354	44.395548957	0.000	22050.000	
115	Spectrogram 1	1	44.140604354	44.395548957	0.000	22050.000	
116	Waveform 1	1	44.420089080	44.610956697	0.000	22050.000	
116	Spectrogram 1	1	44.420089080	44.610956697	0.000	22050.000	
117	Waveform 1	1	44.631406799	44.822274417	0.000	22050.000	
117	Spectrogram 1	1	44.631406799	44.822274417	0.000	22050.000	
118	Waveform 1	1	44.890441423	45.148112707	0.000	22050.000	
118	Spectrogram 1	1	44.890441423	45.148112707	0.000	22050.000	
119	Waveform 1	1	45.201282972	45.437140814	0.000	22050.000	
119	Spectrogram 1	1	45.201282972	45.437140814	0.000	22050.000	
120	Waveform 1	1	45.664818615	45.851596212	0.000	22050.000	
120	Spectrogram 1	1	45.664818615	45.851596212	0.000	22050.000	
121	Waveform 1	1	45.887043056	46.072457313	0.000	22050.000	
121	Spectrogram 1	1	45.887043056	46.072457313	0.000	22050.000	
122	Waveform 1	1	46.087454054	46.403748964	0.000	22050.000	
122	Spectrogram 1	1	46.087454054	46.403748964	0.000	22050.000	
123	Waveform 1	1	46.436469127	46.726860574	0.000	22050.000	
123	Spectrogram 1	1	46.436469127	46.726860574	0.000	22050.000	
124	Waveform 1	1	46.756854056	46.983168517	0.000	22050.000	
124	Spectrogram 1	1	46.756854056	46.983168517	0.000	22050.000	
125	Waveform 1	1	47.412620657	47.652568520	0.000	22050.000	
125	Spectrogram 1	1	47.412620657	47.652568520	0.000	22050.000	
126	Waveform 1	1	48.005673612	48.242894794	0.000	22050.000	
126	Spectrogram 1	1	48.005673612	48.242894794	0.000	22050.000	
127	Waveform 1	1	48.255164856	48.473299276	0.000	22050.000	
127	Spectrogram 1	1	48.255164856	48.473299276	0.000	22050.000	
128	Waveform 1	1	48.497839398	48.669620254	0.000	22050.000	
128	Spectrogram 1	1	48.497839398	48.669620254	0.000	22050.000	
129	Waveform 1	1	48.687343676	48.890481355	0.000	22050.000	
129	Spectrogram 1	1	48.687343676	48.890481355	0.000	22050.000	
130	Waveform 1	1	48.947741640	49.216319645	0.000	22050.000	
130	Spectrogram 1	1	48.947741640	49.216319645	0.000	22050.000	
131	Waveform 1	1	49.243586447	49.394917201	0.000	22050.000	
131	Spectrogram 1	1	49.243586447	49.394917201	0.000	22050.000	
132	Waveform 1	1	49.523071173	49.664858546	0.000	22050.000	
132	Spectrogram 1	1	49.523071173	49.664858546	0.000	22050.000	
133	Waveform 1	1	49.686671988	49.855726164	0.000	22050.000	
133	Spectrogram 1	1	49.686671988	49.855726164	0.000	22050.000	
134	Waveform 1	1	49.874812926	50.037050401	0.000	22050.000	
134	Spectrogram 1	1	49.874812926	50.037050401	0.000	22050.000	
135	Waveform 1	1	50.057500503	50.255184821	0.000	22050.000	
135	Spectrogram 1	1	50.057500503	50.255184821	0.000	22050.000	
136	Waveform 1	1	50.294721685	50.525126166	0.000	22050.000	
136	Spectrogram 1	1	50.294721685	50.525126166	0.000	22050.000	
137	Waveform 1	1	50.564663030	50.785524130	0.000	22050.000	
137	Spectrogram 1	1	50.564663030	50.785524130	0.000	22050.000	
138	Waveform 1	1	50.792340831	51.005021891	0.000	22050.000	
138	Spectrogram 1	1	50.792340831	51.005021891	0.000	22050.000	
139	Waveform 1	1	51.018655292	51.232699692	0.000	22050.000	
139	Spectrogram 1	1	51.018655292	51.232699692	0.000	22050.000	
140	Waveform 1	1	51.264056515	51.505367717	0.000	22050.000	
140	Spectrogram 1	1	51.264056515	51.505367717	0.000	22050.000	
141	Waveform 1	1	51.589894805	51.829842667	0.000	22050.000	
141	Spectrogram 1	1	51.589894805	51.829842667	0.000	22050.000	
142	Waveform 1	1	51.908916395	52.121597454	0.000	22050.000	
142	Spectrogram 1	1	51.908916395	52.121597454	0.000	22050.000	
143	Waveform 1	1	52.185674440	52.406535541	0.000	22050.000	
143	Spectrogram 1	1	52.185674440	52.406535541	0.000	22050.000	
144	Waveform 1	1	52.846894402	53.115472407	0.000	22050.000	
144	Spectrogram 1	1	52.846894402	53.115472407	0.000	22050.000	
145	Waveform 1	1	53.264076481	53.483574241	0.000	22050.000	
145	Spectrogram 1	1	53.264076481	53.483574241	0.000	22050.000	
146	Waveform 1	1	54.161154284	54.463815792	0.000	22050.000	
146	Spectrogram 1	1	54.161154284	54.463815792	0.000	22050.000	
147	Waveform 1	1	54.503352656	54.748753878	0.000	22050.000	
147	Spectrogram 1	1	54.503352656	54.748753878	0.000	22050.000	
148	Waveform 1	1	54.767840640	54.934168136	0.000	22050.000	
148	Spectrogram 1	1	54.767840640	54.934168136	0.000	22050.000	
149	Waveform 1	1	54.945074857	55.161845937	0.000	22050.000	
149	Spectrogram 1	1	54.945074857	55.161845937	0.000	22050.000	
150	Waveform 1	1	55.190476079	55.382707037	0.000	22050.000	
150	Spectrogram 1	1	55.190476079	55.382707037	0.000	22050.000	
151	Waveform 1	1	55.394977098	55.553124553	0.000	22050.000	
151	Spectrogram 1	1	55.394977098	55.553124553	0.000	22050.000	
152	Waveform 1	1	55.636288301	55.733085450	0.000	22050.000	
152	Spectrogram 1	1	55.636288301	55.733085450	0.000	22050.000	
153	Waveform 1	1	56.556542886	56.714690341	0.000	22050.000	
153	Spectrogram 1	1	56.556542886	56.714690341	0.000	22050.000	
154	Waveform 1	1	56.729687082	56.848297673	0.000	22050.000	
154	Spectrogram 1	1	56.729687082	56.848297673	0.000	22050.000	
155	Waveform 1	1	56.861931074	57.021441869	0.000	22050.000	
155	Spectrogram 1	1	56.861931074	57.021441869	0.000	22050.000	
156	Waveform 1	1	57.099152256	57.273659793	0.000	22050.000	
156	Spectrogram 1	1	57.099152256	57.273659793	0.000	22050.000	
157	Waveform 1	1	57.708565293	57.899432911	0.000	22050.000	
157	Spectrogram 1	1	57.708565293	57.899432911	0.000	22050.000	
158	Waveform 1	1	57.938969774	58.031676903	0.000	22050.000	
158	Spectrogram 1	1	57.938969774	58.031676903	0.000	22050.000	
159	Waveform 1	1	58.762427211	58.981924971	0.000	22050.000	
159	Spectrogram 1	1	58.762427211	58.981924971	0.000	22050.000	
160	Waveform 1	1	59.769935564	59.945806441	0.000	22050.000	
160	Spectrogram 1	1	59.769935564	59.945806441	0.000	22050.000	
161	Waveform 1	1	60.042603590	60.275734751	0.000	22050.000	
161	Spectrogram 1	1	60.042603590	60.275734751	0.000	22050.000	
162	Waveform 1	1	60.560672838	60.770627217	0.000	22050.000	
162	Spectrogram 1	1	60.560672838	60.770627217	0.000	22050.000	
163	Waveform 1	1	61.273699724	61.461840661	0.000	22050.000	
163	Spectrogram 1	1	61.273699724	61.461840661	0.000	22050.000	
164	Waveform 1	1	62.496615818	62.731110319	0.000	22050.000	
164	Spectrogram 1	1	62.496615818	62.731110319	0.000	22050.000	
165	Waveform 1	1	62.772010523	63.017411746	0.000	22050.000	
165	Spectrogram 1	1	62.772010523	63.017411746	0.000	22050.000	
166	Waveform 1	1	63.078762052	63.307803193	0.000	22050.000	
166	Spectrogram 1	1	63.078762052	63.307803193	0.000	22050.000	
167	Waveform 1	1	64.414835376	64.598886293	0.000	22050.000	
167	Spectrogram 1	1	64.414835376	64.598886293	0.000	22050.000	
168	Waveform 1	1	64.964261447	65.194665928	0.000	22050.000	
168	Spectrogram 1	1	64.964261447	65.194665928	0.000	22050.000	
169	Waveform 1	1	65.560041082	65.774085482	0.000	22050.000	
169	Spectrogram 1	1	65.560041082	65.774085482	0.000	22050.000	
170	Waveform 1	1	65.795898924	66.056296888	0.000	22050.000	
170	Spectrogram 1	1	65.795898924	66.056296888	0.000	22050.000	
171	Waveform 1	1	66.551189354	66.772050454	0.000	22050.000	
171	Spectrogram 1	1	66.551189354	66.772050454	0.000	22050.000	
172	Waveform 1	1	67.129245568	67.358286709	0.000	22050.000	
172	Spectrogram 1	1	67.129245568	67.358286709	0.000	22050.000	
173	Waveform 1	1	68.031776731	68.307171437	0.000	22050.000	
173	Spectrogram 1	1	68.031776731	68.307171437	0.000	22050.000	
174	Waveform 1	1	68.335801580	68.560752700	0.000	22050.000	
174	Spectrogram 1	1	68.335801580	68.560752700	0.000	22050.000	
175	Waveform 1	1	68.956121337	69.238332743	0.000	22050.000	
175	Spectrogram 1	1	68.956121337	69.238332743	0.000	22050.000	
176	Waveform 1	1	69.351489974	69.558717673	0.000	22050.000	
176	Spectrogram 1	1	69.351489974	69.558717673	0.000	22050.000	
177	Waveform 1	1	70.735280202	70.942507902	0.000	22050.000	
177	Spectrogram 1	1	70.735280202	70.942507902	0.000	22050.000	
178	Waveform 1	1	71.561464319	71.827315644	0.000	22050.000	
178	Spectrogram 1	1	71.561464319	71.827315644	0.000	22050.000	
179	Waveform 1	1	71.888665949	72.124523791	0.000	22050.000	
179	Spectrogram 1	1	71.888665949	72.124523791	0.000	22050.000	
180	Waveform 1	1	72.519892428	72.729846807	0.000	22050.000	
180	Spectrogram 1	1	72.519892428	72.729846807	0.000	22050.000	
181	Waveform 1	1	72.844367378	73.119762084	0.000	22050.000	
181	Spectrogram 1	1	72.844367378	73.119762084	0.000	22050.000	
182	Waveform 1	1	74.855805364	75.079393144	0.000	22050.000	
182	Spectrogram 1	1	74.855805364	75.079393144	0.000	22050.000	
183	Waveform 1	1	75.604279093	75.825140194	0.000	22050.000	
183	Spectrogram 1	1	75.604279093	75.825140194	0.000	22050.000	
184	Waveform 1	1	76.412739788	76.673137752	0.000	22050.000	
184	Spectrogram 1	1	76.412739788	76.673137752	0.000	22050.000	
185	Waveform 1	1	77.078049770	77.251193966	0.000	22050.000	
185	Spectrogram 1	1	77.078049770	77.251193966	0.000	22050.000	
186	Waveform 1	1	77.778806595	78.013301097	0.000	22050.000	
186	Spectrogram 1	1	77.778806595	78.013301097	0.000	22050.000	
187	Waveform 1	1	78.061018001	78.313235925	0.000	22050.000	
187	Spectrogram 1	1	78.061018001	78.313235925	0.000	22050.000	
188	Waveform 1	1	78.329596006	78.453659958	0.000	22050.000	
188	Spectrogram 1	1	78.329596006	78.453659958	0.000	22050.000	
189	Waveform 1	1	78.786314948	78.974455886	0.000	22050.000	
189	Spectrogram 1	1	78.786314948	78.974455886	0.000	22050.000	
190	Waveform 1	1	79.891983791	80.047404565	0.000	22050.000	
190	Spectrogram 1	1	79.891983791	80.047404565	0.000	22050.000	
191	Waveform 1	1	80.894038784	81.076726361	0.000	22050.000	
191	Spectrogram 1	1	80.894038784	81.076726361	0.000	22050.000	
192	Waveform 1	1	81.654782575	81.871553655	0.000	22050.000	
192	Spectrogram 1	1	81.654782575	81.871553655	0.000	22050.000	
193	Waveform 1	1	82.883152029	83.064476266	0.000	22050.000	
193	Spectrogram 1	1	82.883152029	83.064476266	0.000	22050.000	
194	Waveform 1	1	83.119009871	83.360321073	0.000	22050.000	
194	Spectrogram 1	1	83.119009871	83.360321073	0.000	22050.000	
195	Waveform 1	1	83.387587876	83.667072601	0.000	22050.000	
195	Spectrogram 1	1	83.387587876	83.667072601	0.000	22050.000	
196	Waveform 1	1	83.751599689	83.991547552	0.000	22050.000	
196	Spectrogram 1	1	83.751599689	83.991547552	0.000	22050.000	
197	Waveform 1	1	84.046081157	84.313295821	0.000	22050.000	
197	Spectrogram 1	1	84.046081157	84.313295821	0.000	22050.000	
198	Waveform 1	1	85.493948371	85.724352852	0.000	22050.000	
198	Spectrogram 1	1	85.493948371	85.724352852	0.000	22050.000	
199	Waveform 1	1	85.774796437	85.992930857	0.000	22050.000	
199	Spectrogram 1	1	85.774796437	85.992930857	0.000	22050.000	
200	Waveform 1	1	86.010654279	86.245148781	0.000	22050.000	
200	Spectrogram 1	1	86.010654279	86.245148781	0.000	22050.000	
201	Waveform 1	1	87.855253470	88.055664469	0.000	22050.000	
201	Spectrogram 1	1	87.855253470	88.055664469	0.000	22050.000	
202	Waveform 1	1	88.059754489	88.250622107	0.000	22050.000	
202	Spectrogram 1	1	88.059754489	88.250622107	0.000	22050.000	
203	Waveform 1	1	89.026362639	89.296303984	0.000	22050.000	
203	Spectrogram 1	1	89.026362639	89.296303984	0.000	22050.000	
204	Waveform 1	1	89.419004595	89.600328832	0.000	22050.000	
204	Spectrogram 1	1	89.419004595	89.600328832	0.000	22050.000	
205	Waveform 1	1	89.694399301	89.892083619	0.000	22050.000	
205	Spectrogram 1	1	89.694399301	89.892083619	0.000	22050.000	
206	Waveform 1	1	89.901627000	90.027054292	0.000	22050.000	
206	Spectrogram 1	1	89.901627000	90.027054292	0.000	22050.000	
207	Waveform 1	1	90.037961013	90.235645331	0.000	22050.000	
207	Spectrogram 1	1	90.037961013	90.235645331	0.000	22050.000	
208	Waveform 1	1	90.344712541	90.568300322	0.000	22050.000	
208	Spectrogram 1	1	90.344712541	90.568300322	0.000	22050.000	
209	Waveform 1	1	91.598985458	91.800759796	0.000	22050.000	
209	Spectrogram 1	1	91.598985458	91.800759796	0.000	22050.000	
210	Waveform 1	1	91.890740245	92.102057964	0.000	22050.000	
210	Spectrogram 1	1	91.890740245	92.102057964	0.000	22050.000	
211	Waveform 1	1	92.149774869	92.385632711	0.000	22050.000	
211	Spectrogram 1	1	92.149774869	92.385632711	0.000	22050.000	
212	Waveform 1	1	92.388359391	92.553323546	0.000	22050.000	
212	Spectrogram 1	1	92.388359391	92.553323546	0.000	22050.000	
213	Waveform 1	1	92.617400532	92.838261633	0.000	22050.000	
213	Spectrogram 1	1	92.617400532	92.838261633	0.000	22050.000	
214	Waveform 1	1	92.960962244	93.244536991	0.000	22050.000	
214	Spectrogram 1	1	92.960962244	93.244536991	0.000	22050.000	
215	Waveform 1	1	93.646722328	93.871673449	0.000	22050.000	
215	Spectrogram 1	1	93.646722328	93.871673449	0.000	22050.000	
216	Waveform 1	1	93.972560618	94.166154916	0.000	22050.000	
216	Spectrogram 1	1	93.972560618	94.166154916	0.000	22050.000	
217	Waveform 1	1	94.189331698	94.427916220	0.000	22050.000	
217	Spectrogram 1	1	94.189331698	94.427916220	0.000	22050.000	
218	Waveform 1	1	94.438822941	94.613330478	0.000	22050.000	
218	Spectrogram 1	1	94.438822941	94.613330478	0.000	22050.000	
219	Waveform 1	1	96.070741073	96.273878752	0.000	22050.000	
219	Spectrogram 1	1	96.070741073	96.273878752	0.000	22050.000	
220	Waveform 1	1	96.295692194	96.535640056	0.000	22050.000	
220	Spectrogram 1	1	96.295692194	96.535640056	0.000	22050.000	
221	Waveform 1	1	96.782404619	97.059162665	0.000	22050.000	
221	Spectrogram 1	1	96.782404619	97.059162665	0.000	22050.000	
222	Waveform 1	1	99.766756156	100.115771228	0.000	22050.000	
222	Spectrogram 1	1	99.766756156	100.115771228	0.000	22050.000	
223	Waveform 1	1	102.393912580	102.592960238	0.000	22050.000	
223	Spectrogram 1	1	102.393912580	102.592960238	0.000	22050.000	
224	Waveform 1	1	103.462771239	103.713625822	0.000	22050.000	
224	Spectrogram 1	1	103.462771239	103.713625822	0.000	22050.000	
225	Waveform 1	1	104.676143952	104.926998535	0.000	22050.000	
225	Spectrogram 1	1	104.676143952	104.926998535	0.000	22050.000	
226	Waveform 1	1	104.941995276	105.132862894	0.000	22050.000	
226	Spectrogram 1	1	104.941995276	105.132862894	0.000	22050.000	
227	Waveform 1	1	105.160129697	105.378264117	0.000	22050.000	
227	Spectrogram 1	1	105.160129697	105.378264117	0.000	22050.000	
228	Waveform 1	1	105.779086114	106.024487337	0.000	22050.000	
228	Spectrogram 1	1	105.779086114	106.024487337	0.000	22050.000	
229	Waveform 1	1	106.121284486	106.359869008	0.000	22050.000	
229	Spectrogram 1	1	106.121284486	106.359869008	0.000	22050.000	
230	Waveform 1	1	106.554826646	106.751147624	0.000	22050.000	
230	Spectrogram 1	1	106.554826646	106.751147624	0.000	22050.000	
231	Waveform 1	1	107.351017280	107.517344775	0.000	22050.000	
231	Spectrogram 1	1	107.351017280	107.517344775	0.000	22050.000	
232	Waveform 1	1	108.629830319	108.832967998	0.000	22050.000	
232	Spectrogram 1	1	108.629830319	108.832967998	0.000	22050.000	
233	Waveform 1	1	111.882759861	112.061357417	0.000	22050.000	
233	Spectrogram 1	1	111.882759861	112.061357417	0.000	22050.000	
234	Waveform 1	1	112.877998153	113.146576158	0.000	22050.000	
234	Spectrogram 1	1	112.877998153	113.146576158	0.000	22050.000	
235	Waveform 1	1	113.182023001	113.375617299	0.000	22050.000	
235	Spectrogram 1	1	113.182023001	113.375617299	0.000	22050.000	
236	Waveform 1	1	113.546034815	113.770985936	0.000	22050.000	
236	Spectrogram 1	1	113.546034815	113.770985936	0.000	22050.000	
237	Waveform 1	1	115.368820564	115.668755392	0.000	22050.000	
237	Spectrogram 1	1	115.368820564	115.668755392	0.000	22050.000	
238	Waveform 1	1	115.772369242	116.160921178	0.000	22050.000	
238	Spectrogram 1	1	115.772369242	116.160921178	0.000	22050.000	
239	Waveform 1	1	117.983706927	118.192297966	0.000	22050.000	
239	Spectrogram 1	1	117.983706927	118.192297966	0.000	22050.000	
240	Waveform 1	1	119.284333408	119.441117522	0.000	22050.000	
240	Spectrogram 1	1	119.284333408	119.441117522	0.000	22050.000	
241	Waveform 1	1	120.781280867	121.112572517	0.000	22050.000	
241	Spectrogram 1	1	120.781280867	121.112572517	0.000	22050.000	
242	Waveform 1	1	121.911489832	122.155527714	0.000	22050.000	
242	Spectrogram 1	1	121.911489832	122.155527714	0.000	22050.000	
243	Waveform 1	1	122.550896351	122.766304091	0.000	22050.000	
243	Spectrogram 1	1	122.550896351	122.766304091	0.000	22050.000	
244	Waveform 1	1	123.593851548	123.798352567	0.000	22050.000	
244	Spectrogram 1	1	123.593851548	123.798352567	0.000	22050.000	
245	Waveform 1	1	124.038300429	124.216897986	0.000	22050.000	
245	Spectrogram 1	1	124.038300429	124.216897986	0.000	22050.000	
246	Waveform 1	1	125.193049516	125.403003896	0.000	22050.000	
246	Spectrogram 1	1	125.193049516	125.403003896	0.000	22050.000	
247	Waveform 1	1	125.576148092	125.794282512	0.000	22050.000	
247	Spectrogram 1	1	125.576148092	125.794282512	0.000	22050.000	
248	Waveform 1	1	125.959246667	126.147387605	0.000	22050.000	
248	Spectrogram 1	1	125.959246667	126.147387605	0.000	22050.000	
249	Waveform 1	1	126.171927727	126.345071923	0.000	22050.000	
249	Spectrogram 1	1	126.171927727	126.345071923	0.000	22050.000	
250	Waveform 1	1	126.433689031	126.719990458	0.000	22050.000	
250	Spectrogram 1	1	126.433689031	126.719990458	0.000	22050.000	
251	Waveform 1	1	126.822240967	127.085365612	0.000	22050.000	
251	Spectrogram 1	1	126.822240967	127.085365612	0.000	22050.000	
252	Waveform 1	1	127.213519584	127.382573759	0.000	22050.000	
252	Spectrogram 1	1	127.213519584	127.382573759	0.000	22050.000	
253	Waveform 1	1	127.437107364	127.580258078	0.000	22050.000	
253	Spectrogram 1	1	127.437107364	127.580258078	0.000	22050.000	
254	Waveform 1	1	127.587074778	127.724772131	0.000	22050.000	
254	Spectrogram 1	1	127.587074778	127.724772131	0.000	22050.000	
255	Waveform 1	1	128.590493111	128.781360729	0.000	22050.000	
255	Spectrogram 1	1	128.590493111	128.781360729	0.000	22050.000	
256	Waveform 1	1	128.797720811	128.974955027	0.000	22050.000	
256	Spectrogram 1	1	128.797720811	128.974955027	0.000	22050.000	
257	Waveform 1	1	129.049938734	129.262619794	0.000	22050.000	
257	Spectrogram 1	1	129.049938734	129.262619794	0.000	22050.000	
258	Waveform 1	1	129.349873562	129.692071934	0.000	22050.000	
258	Spectrogram 1	1	129.349873562	129.692071934	0.000	22050.000	
259	Waveform 1	1	130.024688427	130.142864926	0.000	22050.000	
259	Spectrogram 1	1	130.024688427	130.142864926	0.000	22050.000	
260	Waveform 1	1	130.146401380	130.271356083	0.000	22050.000	
260	Spectrogram 1	1	130.146401380	130.271356083	0.000	22050.000	
261	Waveform 1	1	130.392174248	130.613065042	0.000	22050.000	
261	Spectrogram 1	1	130.392174248	130.613065042	0.000	22050.000	
262	Waveform 1	1	130.613898592	130.808115780	0.000	22050.000	
262	Spectrogram 1	1	130.613898592	130.808115780	0.000	22050.000	
263	Waveform 1	1	130.842291337	130.975659363	0.000	22050.000	
263	Spectrogram 1	1	130.842291337	130.975659363	0.000	22050.000	
264	Waveform 1	1	130.978160014	131.211554060	0.000	22050.000	
264	Spectrogram 1	1	130.978160014	131.211554060	0.000	22050.000	
265	Waveform 1	1	131.222390212	131.399102847	0.000	22050.000	
265	Spectrogram 1	1	131.222390212	131.399102847	0.000	22050.000	
266	Waveform 1	1	131.400769947	131.546641226	0.000	22050.000	
266	Spectrogram 1	1	131.400769947	131.546641226	0.000	22050.000	
267	Waveform 1	1	132.378524290	132.541066572	0.000	22050.000	
267	Spectrogram 1	1	132.378524290	132.541066572	0.000	22050.000	
268	Waveform 1	1	132.574408579	132.742785712	0.000	22050.000	
268	Spectrogram 1	1	132.574408579	132.742785712	0.000	22050.000	
269	Waveform 1	1	132.753621864	132.921165448	0.000	22050.000	
269	Spectrogram 1	1	132.753621864	132.921165448	0.000	22050.000	
270	Waveform 1	1	133.109547785	133.337940530	0.000	22050.000	
270	Spectrogram 1	1	133.109547785	133.337940530	0.000	22050.000	
271	Waveform 1	1	134.197330750	134.346536229	0.000	22050.000	
271	Spectrogram 1	1	134.197330750	134.346536229	0.000	22050.000	
272	Waveform 1	1	134.364874333	134.496575259	0.000	22050.000	
272	Spectrogram 1	1	134.364874333	134.496575259	0.000	22050.000	
273	Waveform 1	1	134.653282690	134.896679338	0.000	22050.000	
273	Spectrogram 1	1	134.653282690	134.896679338	0.000	22050.000	
274	Waveform 1	1	135.375970682	135.561852369	0.000	22050.000	
274	Spectrogram 1	1	135.375970682	135.561852369	0.000	22050.000	
275	Waveform 1	1	135.568520771	135.729395952	0.000	22050.000	
275	Spectrogram 1	1	135.568520771	135.729395952	0.000	22050.000	
276	Waveform 1	1	135.782743163	136.066150219	0.000	22050.000	
276	Spectrogram 1	1	135.782743163	136.066150219	0.000	22050.000	
277	Waveform 1	1	136.186181443	136.497929204	0.000	22050.000	
277	Spectrogram 1	1	136.186181443	136.497929204	0.000	22050.000	
278	Waveform 1	1	137.025566458	137.137262180	0.000	22050.000	
278	Spectrogram 1	1	137.025566458	137.137262180	0.000	22050.000	
279	Waveform 1	1	137.621554826	137.763258354	0.000	22050.000	
279	Spectrogram 1	1	137.621554826	137.763258354	0.000	22050.000	
280	Waveform 1	1	137.819939765	138.010822753	0.000	22050.000	
280	Spectrogram 1	1	137.819939765	138.010822753	0.000	22050.000	
281	Waveform 1	1	138.028327306	138.255886501	0.000	22050.000	
281	Spectrogram 1	1	138.028327306	138.255886501	0.000	22050.000	
282	Waveform 1	1	138.830202565	139.041924307	0.000	22050.000	
282	Spectrogram 1	1	138.830202565	139.041924307	0.000	22050.000	
283	Waveform 1	1	139.087769566	139.330332664	0.000	22050.000	
283	Spectrogram 1	1	139.087769566	139.330332664	0.000	22050.000	
284	Waveform 1	1	139.760444549	140.007175397	0.000	22050.000	
284	Spectrogram 1	1	139.760444549	140.007175397	0.000	22050.000	
285	Waveform 1	1	140.271410800	140.555651406	0.000	22050.000	
285	Spectrogram 1	1	140.271410800	140.555651406	0.000	22050.000	
286	Waveform 1	1	141.042444702	141.266669696	0.000	22050.000	
286	Spectrogram 1	1	141.042444702	141.266669696	0.000	22050.000	
287	Waveform 1	1	141.466058503	141.627556562	0.000	22050.000	
287	Spectrogram 1	1	141.466058503	141.627556562	0.000	22050.000	
288	Waveform 1	1	141.662921100	141.811452162	0.000	22050.000	
288	Spectrogram 1	1	141.662921100	141.811452162	0.000	22050.000	
289	Waveform 1	1	141.897505872	142.232290169	0.000	22050.000	
289	Spectrogram 1	1	141.897505872	142.232290169	0.000	22050.000	
290	Waveform 1	1	142.670810446	142.842917866	0.000	22050.000	
290	Spectrogram 1	1	142.670810446	142.842917866	0.000	22050.000	
291	Waveform 1	1	143.256682966	143.493625373	0.000	22050.000	
291	Spectrogram 1	1	143.256682966	143.493625373	0.000	22050.000	
292	Waveform 1	1	144.070067350	144.230386590	0.000	22050.000	
292	Spectrogram 1	1	144.070067350	144.230386590	0.000	22050.000	
293	Waveform 1	1	144.401315193	144.645330508	0.000	22050.000	
293	Spectrogram 1	1	144.401315193	144.645330508	0.000	22050.000	
294	Waveform 1	1	144.679516229	144.870484736	0.000	22050.000	
294	Spectrogram 1	1	144.679516229	144.870484736	0.000	22050.000	
295	Waveform 1	1	145.000154710	145.224130120	0.000	22050.000	
295	Spectrogram 1	1	145.000154710	145.224130120	0.000	22050.000	
296	Waveform 1	1	145.247706479	145.507046428	0.000	22050.000	
296	Spectrogram 1	1	145.247706479	145.507046428	0.000	22050.000	
297	Waveform 1	1	145.662650397	145.946745522	0.000	22050.000	
297	Spectrogram 1	1	145.662650397	145.946745522	0.000	22050.000	
298	Waveform 1	1	146.189582020	146.413557430	0.000	22050.000	
298	Spectrogram 1	1	146.189582020	146.413557430	0.000	22050.000	
299	Waveform 1	1	146.537333314	146.711798371	0.000	22050.000	
299	Spectrogram 1	1	146.537333314	146.711798371	0.000	22050.000	
300	Waveform 1	1	146.769560450	147.058370847	0.000	22050.000	
300	Spectrogram 1	1	146.769560450	147.058370847	0.000	22050.000	
301	Waveform 1	1	147.373115239	147.586481288	0.000	22050.000	
301	Spectrogram 1	1	147.373115239	147.586481288	0.000	22050.000	
302	Waveform 1	1	147.753873436	147.950736034	0.000	22050.000	
302	Spectrogram 1	1	147.753873436	147.950736034	0.000	22050.000	
303	Waveform 1	1	148.027359200	148.217148890	0.000	22050.000	
303	Spectrogram 1	1	148.027359200	148.217148890	0.000	22050.000	
304	Waveform 1	1	148.592012997	148.778266233	0.000	22050.000	
304	Spectrogram 1	1	148.592012997	148.778266233	0.000	22050.000	
305	Waveform 1	1	150.537062611	150.776362654	0.000	22050.000	
305	Spectrogram 1	1	150.537062611	150.776362654	0.000	22050.000	
306	Waveform 1	1	150.796402560	150.966152344	0.000	22050.000	
306	Spectrogram 1	1	150.796402560	150.966152344	0.000	22050.000	
307	Waveform 1	1	150.999159247	151.247889834	0.000	22050.000	
307	Spectrogram 1	1	150.999159247	151.247889834	0.000	22050.000	
308	Waveform 1	1	151.259678013	151.397599713	0.000	22050.000	
308	Spectrogram 1	1	151.259678013	151.397599713	0.000	22050.000	
309	Waveform 1	1	151.990545141	152.202732371	0.000	22050.000	
309	Spectrogram 1	1	151.990545141	152.202732371	0.000	22050.000	
310	Waveform 1	1	152.577596479	152.770922622	0.000	22050.000	
310	Spectrogram 1	1	152.577596479	152.770922622	0.000	22050.000	
311	Waveform 1	1	154.095913995	154.357611580	0.000	22050.000	
311	Spectrogram 1	1	154.095913995	154.357611580	0.000	22050.000	
312	Waveform 1	1	155.109697431	155.331315205	0.000	22050.000	
312	Spectrogram 1	1	155.109697431	155.331315205	0.000	22050.000	
313	Waveform 1	1	155.392613738	155.687318225	0.000	22050.000	
313	Spectrogram 1	1	155.392613738	155.687318225	0.000	22050.000	
314	Waveform 1	1	155.727398035	155.977307440	0.000	22050.000	
314	Spectrogram 1	1	155.727398035	155.977307440	0.000	22050.000	
315	Waveform 1	1	156.670452393	156.866136173	0.000	22050.000	
315	Spectrogram 1	1	156.670452393	156.866136173	0.000	22050.000	
316	Waveform 1	1	156.875566716	157.177344111	0.000	22050.000	
316	Spectrogram 1	1	156.875566716	157.177344111	0.000	22050.000	
317	Waveform 1	1	158.283075346	158.438679315	0.000	22050.000	
317	Spectrogram 1	1	158.283075346	158.438679315	0.000	22050.000	
318	Waveform 1	1	158.580137469	158.811185787	0.000	22050.000	
318	Spectrogram 1	1	158.580137469	158.811185787	0.000	22050.000	
319	Waveform 1	1	158.820616330	158.959716848	0.000	22050.000	
319	Spectrogram 1	1	158.820616330	158.959716848	0.000	22050.000	
320	Waveform 1	1	158.966789756	159.157758263	0.000	22050.000	
320	Spectrogram 1	1	158.966789756	159.157758263	0.000	22050.000	
321	Waveform 1	1	159.178976986	159.289785873	0.000	22050.000	
321	Spectrogram 1	1	159.178976986	159.289785873	0.000	22050.000	
322	Waveform 1	1	159.292143509	159.516118919	0.000	22050.000	
322	Spectrogram 1	1	159.292143509	159.516118919	0.000	22050.000	
323	Waveform 1	1	159.544410550	159.791962319	0.000	22050.000	
323	Spectrogram 1	1	159.544410550	159.791962319	0.000	22050.000	
324	Waveform 1	1	159.923989929	160.185687514	0.000	22050.000	
324	Spectrogram 1	1	159.923989929	160.185687514	0.000	22050.000	
325	Waveform 1	1	161.223047308	161.531897610	0.000	22050.000	
325	Spectrogram 1	1	161.223047308	161.531897610	0.000	22050.000	
326	Waveform 1	1	161.583765600	161.803025738	0.000	22050.000	
326	Spectrogram 1	1	161.583765600	161.803025738	0.000	22050.000	
327	Waveform 1	1	161.866681907	162.128379492	0.000	22050.000	
327	Spectrogram 1	1	161.866681907	162.128379492	0.000	22050.000	
328	Waveform 1	1	162.555111589	162.861604255	0.000	22050.000	
328	Spectrogram 1	1	162.555111589	162.861604255	0.000	22050.000	
329	Waveform 1	1	162.892253522	163.028996404	0.000	22050.000	
329	Spectrogram 1	1	162.892253522	163.028996404	0.000	22050.000	
330	Waveform 1	1	163.033711676	163.210534368	0.000	22050.000	
330	Spectrogram 1	1	163.033711676	163.210534368	0.000	22050.000	
331	Waveform 1	1	163.330773798	163.559464480	0.000	22050.000	
331	Spectrogram 1	1	163.330773798	163.559464480	0.000	22050.000	
332	Waveform 1	1	163.691492090	163.974408398	0.000	22050.000	
332	Spectrogram 1	1	163.691492090	163.974408398	0.000	22050.000	
333	Waveform 1	1	164.471869572	164.698202618	0.000	22050.000	
333	Spectrogram 1	1	164.471869572	164.698202618	0.000	22050.000	
334	Waveform 1	1	164.799580961	165.028271643	0.000	22050.000	
334	Spectrogram 1	1	164.799580961	165.028271643	0.000	22050.000	
335	Waveform 1	1	165.495083551	165.716701325	0.000	22050.000	
335	Spectrogram 1	1	165.495083551	165.716701325	0.000	22050.000	
336	Waveform 1	1	166.466429540	166.737557668	0.000	22050.000	
336	Spectrogram 1	1	166.466429540	166.737557668	0.000	22050.000	
337	Waveform 1	1	166.846008919	167.126567590	0.000	22050.000	
337	Spectrogram 1	1	166.846008919	167.126567590	0.000	22050.000	
338	Waveform 1	1	167.166647401	167.475497703	0.000	22050.000	
338	Spectrogram 1	1	167.166647401	167.475497703	0.000	22050.000	
339	Waveform 1	1	167.515577513	167.791420913	0.000	22050.000	
339	Spectrogram 1	1	167.515577513	167.791420913	0.000	22050.000	
340	Waveform 1	1	167.826785451	168.102628851	0.000	22050.000	
340	Spectrogram 1	1	167.826785451	168.102628851	0.000	22050.000	
341	Waveform 1	1	168.550579671	168.765124538	0.000	22050.000	
341	Spectrogram 1	1	168.550579671	168.765124538	0.000	22050.000	
342	Waveform 1	1	169.984022296	170.241004608	0.000	22050.000	
342	Spectrogram 1	1	169.984022296	170.241004608	0.000	22050.000	
343	Waveform 1	1	170.686597793	170.929434290	0.000	22050.000	
343	Spectrogram 1	1	170.686597793	170.929434290	0.000	22050.000	
344	Waveform 1	1	170.938864833	171.113329890	0.000	22050.000	
344	Spectrogram 1	1	170.938864833	171.113329890	0.000	22050.000	
345	Waveform 1	1	171.120402797	171.278364402	0.000	22050.000	
345	Spectrogram 1	1	171.120402797	171.278364402	0.000	22050.000	
346	Waveform 1	1	171.412749648	171.641440330	0.000	22050.000	
346	Spectrogram 1	1	171.412749648	171.641440330	0.000	22050.000	
347	Waveform 1	1	171.650870874	171.782898484	0.000	22050.000	
347	Spectrogram 1	1	171.650870874	171.782898484	0.000	22050.000	
348	Waveform 1	1	171.797044299	171.985655171	0.000	22050.000	
348	Spectrogram 1	1	171.797044299	171.985655171	0.000	22050.000	
349	Waveform 1	1	172.103536966	172.386453273	0.000	22050.000	
349	Spectrogram 1	1	172.103536966	172.386453273	0.000	22050.000	
350	Waveform 1	1	172.784893740	173.065452411	0.000	22050.000	
350	Spectrogram 1	1	172.784893740	173.065452411	0.000	22050.000	
351	Waveform 1	1	173.133823852	173.308288909	0.000	22050.000	
351	Spectrogram 1	1	173.133823852	173.308288909	0.000	22050.000	
352	Waveform 1	1	173.810465354	174.079235846	0.000	22050.000	
352	Spectrogram 1	1	173.810465354	174.079235846	0.000	22050.000	
353	Waveform 1	1	174.124030928	174.336218159	0.000	22050.000	
353	Spectrogram 1	1	174.124030928	174.336218159	0.000	22050.000	
354	Waveform 1	1	174.350363974	174.517756123	0.000	22050.000	
354	Spectrogram 1	1	174.350363974	174.517756123	0.000	22050.000	
355	Waveform 1	1	174.647426097	174.869043871	0.000	22050.000	
355	Spectrogram 1	1	174.647426097	174.869043871	0.000	22050.000	
356	Waveform 1	1	175.628202630	175.861608583	0.000	22050.000	
356	Spectrogram 1	1	175.628202630	175.861608583	0.000	22050.000	
357	Waveform 1	1	175.887542578	176.118590896	0.000	22050.000	
357	Spectrogram 1	1	175.887542578	176.118590896	0.000	22050.000	
358	Waveform 1	1	176.224684511	176.446302286	0.000	22050.000	
358	Spectrogram 1	1	176.224684511	176.446302286	0.000	22050.000	
359	Waveform 1	1	176.533534814	176.769298403	0.000	22050.000	
359	Spectrogram 1	1	176.533534814	176.769298403	0.000	22050.000	
360	Waveform 1	1	176.788159490	176.974412726	0.000	22050.000	
360	Spectrogram 1	1	176.788159490	176.974412726	0.000	22050.000	
361	Waveform 1	1	177.212533952	177.396429551	0.000	22050.000	
361	Spectrogram 1	1	177.212533952	177.396429551	0.000	22050.000	
362	Waveform 1	1	177.768936023	177.999984341	0.000	22050.000	
362	Spectrogram 1	1	177.768936023	177.999984341	0.000	22050.000	
363	Waveform 1	1	178.671910571	178.983118509	0.000	22050.000	
363	Spectrogram 1	1	178.671910571	178.983118509	0.000	22050.000	
364	Waveform 1	1	179.042059407	179.214166827	0.000	22050.000	
364	Spectrogram 1	1	179.042059407	179.214166827	0.000	22050.000	
365	Waveform 1	1	179.480579683	179.768211262	0.000	22050.000	
365	Spectrogram 1	1	179.480579683	179.768211262	0.000	22050.000	
366	Waveform 1	1	179.791787621	179.935603411	0.000	22050.000	
366	Spectrogram 1	1	179.791787621	179.935603411	0.000	22050.000	
367	Waveform 1	1	179.945033955	180.138360098	0.000	22050.000	
367	Spectrogram 1	1	179.945033955	180.138360098	0.000	22050.000	
368	Waveform 1	1	180.244453713	180.503793662	0.000	22050.000	
368	Spectrogram 1	1	180.244453713	180.503793662	0.000	22050.000	
369	Waveform 1	1	180.939956303	181.241733697	0.000	22050.000	
369	Spectrogram 1	1	180.939956303	181.241733697	0.000	22050.000	
370	Waveform 1	1	181.281813507	181.519934733	0.000	22050.000	
370	Spectrogram 1	1	181.281813507	181.519934733	0.000	22050.000	
371	Waveform 1	1	181.611882533	181.842930851	0.000	22050.000	
371	Spectrogram 1	1	181.611882533	181.842930851	0.000	22050.000	
372	Waveform 1	1	181.864149574	182.031541722	0.000	22050.000	
372	Spectrogram 1	1	181.864149574	182.031541722	0.000	22050.000	
373	Waveform 1	1	182.401690558	182.595016701	0.000	22050.000	
373	Spectrogram 1	1	182.401690558	182.595016701	0.000	22050.000	
374	Waveform 1	1	183.724324295	183.971876064	0.000	22050.000	
374	Spectrogram 1	1	183.724324295	183.971876064	0.000	22050.000	
375	Waveform 1	1	184.002525331	184.148698756	0.000	22050.000	
375	Spectrogram 1	1	184.002525331	184.148698756	0.000	22050.000	
376	Waveform 1	1	184.162844572	184.320806177	0.000	22050.000	
376	Spectrogram 1	1	184.162844572	184.320806177	0.000	22050.000	
377	Waveform 1	1	184.405681069	184.655590474	0.000	22050.000	
377	Spectrogram 1	1	184.405681069	184.655590474	0.000	22050.000	
378	Waveform 1	1	185.108256566	185.311013253	0.000	22050.000	
378	Spectrogram 1	1	185.108256566	185.311013253	0.000	22050.000	
379	Waveform 1	1	185.773109888	185.994727663	0.000	22050.000	
379	Spectrogram 1	1	185.773109888	185.994727663	0.000	22050.000	
380	Waveform 1	1	186.018304022	186.112609457	0.000	22050.000	
380	Spectrogram 1	1	186.018304022	186.112609457	0.000	22050.000	
381	Waveform 1	1	186.494546472	186.720879518	0.000	22050.000	
381	Spectrogram 1	1	186.494546472	186.720879518	0.000	22050.000	
382	Waveform 1	1	187.239559415	187.454104282	0.000	22050.000	
382	Spectrogram 1	1	187.239559415	187.454104282	0.000	22050.000	
383	Waveform 1	1	187.593204800	187.774742764	0.000	22050.000	
383	Spectrogram 1	1	187.593204800	187.774742764	0.000	22050.000	
384	Waveform 1	1	189.599552947	189.948483059	0.000	22050.000	
384	Spectrogram 1	1	189.599552947	189.948483059	0.000	22050.000	
385	Waveform 1	1	189.981489962	190.262048634	0.000	22050.000	
385	Spectrogram 1	1	189.981489962	190.262048634	0.000	22050.000	
386	Waveform 1	1	190.297413172	190.561468392	0.000	22050.000	
386	Spectrogram 1	1	190.297413172	190.561468392	0.000	22050.000	
387	Waveform 1	1	190.834954156	191.073075382	0.000	22050.000	
387	Spectrogram 1	1	190.834954156	191.073075382	0.000	22050.000	
388	Waveform 1	1	194.916021891	195.208368743	0.000	22050.000	
388	Spectrogram 1	1	194.916021891	195.208368743	0.000	22050.000	
389	Waveform 1	1	206.461364872	207.064919661	0.000	22050.000	
389	Spectrogram 1	1	206.461364872	207.064919661	0.000	22050.000	
390	Waveform 1	1	207.097926564	207.444499041	0.000	22050.000	
390	Spectrogram 1	1	207.097926564	207.444499041	0.000	22050.000	
391	Waveform 1	1	209.806850208	210.176999044	0.000	22050.000	
391	Spectrogram 1	1	209.806850208	210.176999044	0.000	22050.000	
392	Waveform 1	1	212.676093093	213.244283344	0.000	22050.000	
392	Spectrogram 1	1	212.676093093	213.244283344	0.000	22050.000	
393	Waveform 1	1	214.977145727	215.521759619	0.000	22050.000	
393	Spectrogram 1	1	214.977145727	215.521759619	0.000	22050.000	
394	Waveform 1	1	216.768949008	217.389007248	0.000	22050.000	
394	Spectrogram 1	1	216.768949008	217.389007248	0.000	22050.000	
395	Waveform 1	1	217.398437792	217.874680243	0.000	22050.000	
395	Spectrogram 1	1	217.398437792	217.874680243	0.000	22050.000	
396	Waveform 1	1	221.076349789	221.566738055	0.000	22050.000	
396	Spectrogram 1	1	221.076349789	221.566738055	0.000	22050.000	
397	Waveform 1	1	221.903879988	222.233949014	0.000	22050.000	
397	Spectrogram 1	1	221.903879988	222.233949014	0.000	22050.000	
398	Waveform 1	1	223.478780766	223.714544356	0.000	22050.000	
398	Spectrogram 1	1	223.478780766	223.714544356	0.000	22050.000	
399	Waveform 1	1	223.749908894	224.042255745	0.000	22050.000	
399	Spectrogram 1	1	223.749908894	224.042255745	0.000	22050.000	
400	Waveform 1	1	224.094123735	224.351106048	0.000	22050.000	
400	Spectrogram 1	1	224.094123735	224.351106048	0.000	22050.000	
401	Waveform 1	1	224.452484391	224.775480509	0.000	22050.000	
401	Spectrogram 1	1	224.452484391	224.775480509	0.000	22050.000	
402	Waveform 1	1	224.810845047	225.030105186	0.000	22050.000	
402	Spectrogram 1	1	224.810845047	225.030105186	0.000	22050.000	
403	Waveform 1	1	225.131483529	225.346028396	0.000	22050.000	
403	Spectrogram 1	1	225.131483529	225.346028396	0.000	22050.000	
404	Waveform 1	1	225.407326929	225.541712175	0.000	22050.000	
404	Spectrogram 1	1	225.407326929	225.541712175	0.000	22050.000	
405	Waveform 1	1	225.619514160	225.855277749	0.000	22050.000	
405	Spectrogram 1	1	225.619514160	225.855277749	0.000	22050.000	
406	Waveform 1	1	230.289990869	230.690788971	0.000	22050.000	
406	Spectrogram 1	1	230.289990869	230.690788971	0.000	22050.000	
407	Waveform 1	1	230.709650058	231.145812699	0.000	22050.000	
407	Spectrogram 1	1	230.709650058	231.145812699	0.000	22050.000	
408	Waveform 1	1	231.171746694	231.416940827	0.000	22050.000	
408	Spectrogram 1	1	231.171746694	231.416940827	0.000	22050.000	
409	Waveform 1	1	231.442874822	231.591405883	0.000	22050.000	
409	Spectrogram 1	1	231.442874822	231.591405883	0.000	22050.000	
410	Waveform 1	1	238.843493898	239.194781646	0.000	22050.000	
410	Spectrogram 1	1	238.843493898	239.194781646	0.000	22050.000	
411	Waveform 1	1	239.204212190	239.772402441	0.000	22050.000	
411	Spectrogram 1	1	239.204212190	239.772402441	0.000	22050.000	
412	Waveform 1	1	257.200984693	257.798141005	0.000	22050.000	
412	Spectrogram 1	1	257.200984693	257.798141005	0.000	22050.000	
413	Waveform 1	1	257.860344788	258.364195426	0.000	22050.000	
413	Spectrogram 1	1	257.860344788	258.364195426	0.000	22050.000	
414	Waveform 1	1	260.920770886	261.349976985	0.000	22050.000	
414	Spectrogram 1	1	260.920770886	261.349976985	0.000	22050.000	
415	Waveform 1	1	261.402850200	261.629894007	0.000	22050.000	
415	Spectrogram 1	1	261.402850200	261.629894007	0.000	22050.000	
416	Waveform 1	1	261.642334763	261.937802730	0.000	22050.000	
416	Spectrogram 1	1	261.642334763	261.937802730	0.000	22050.000	
417	Waveform 1	1	262.836647387	263.412032375	0.000	22050.000	
417	Spectrogram 1	1	262.836647387	263.412032375	0.000	22050.000	
418	Waveform 1	1	266.994970247	267.613897882	0.000	22050.000	
418	Spectrogram 1	1	266.994970247	267.613897882	0.000	22050.000	
419	Waveform 1	1	268.718015022	269.243636984	0.000	22050.000	
419	Spectrogram 1	1	268.718015022	269.243636984	0.000	22050.000	
420	Waveform 1	1	269.868784998	270.347754123	0.000	22050.000	
420	Spectrogram 1	1	269.868784998	270.347754123	0.000	22050.000	
421	Waveform 1	1	270.948020624	271.336794265	0.000	22050.000	
421	Spectrogram 1	1	270.948020624	271.336794265	0.000	22050.000	
422	Waveform 1	1	273.849827077	274.210609016	0.000	22050.000	
422	Spectrogram 1	1	273.849827077	274.210609016	0.000	22050.000	
423	Waveform 1	1	274.244821096	274.708239276	0.000	22050.000	
423	Spectrogram 1	1	274.244821096	274.708239276	0.000	22050.000	
424	Waveform 1	1	277.205721143	277.488748353	0.000	22050.000	
424	Spectrogram 1	1	277.205721143	277.488748353	0.000	22050.000	
425	Waveform 1	1	281.675062915	282.070056934	0.000	22050.000	
425	Spectrogram 1	1	281.675062915	282.070056934	0.000	22050.000	
426	Waveform 1	1	286.480305112	286.993486318	0.000	22050.000	
426	Spectrogram 1	1	286.480305112	286.993486318	0.000	22050.000	
427	Waveform 1	1	287.012147453	287.360488635	0.000	22050.000	
427	Spectrogram 1	1	287.012147453	287.360488635	0.000	22050.000	
428	Waveform 1	1	287.531549037	287.851898516	0.000	22050.000	
428	Spectrogram 1	1	287.531549037	287.851898516	0.000	22050.000	
429	Waveform 1	1	287.876780029	288.225121211	0.000	22050.000	
429	Spectrogram 1	1	287.876780029	288.225121211	0.000	22050.000	
430	Waveform 1	1	290.523550974	291.136258232	0.000	22050.000	
430	Spectrogram 1	1	290.523550974	291.136258232	0.000	22050.000	
431	Waveform 1	1	313.797096194	314.080123404	0.000	22050.000	
431	Spectrogram 1	1	313.797096194	314.080123404	0.000	22050.000	
432	Waveform 1	1	315.389513026	315.744074586	0.000	22050.000	
432	Spectrogram 1	1	315.389513026	315.744074586	0.000	22050.000	
433	Waveform 1	1	338.317827253	338.753253730	0.000	22050.000	
433	Spectrogram 1	1	338.317827253	338.753253730	0.000	22050.000	
434	Waveform 1	1	342.466819545	342.995551696	0.000	22050.000	
434	Spectrogram 1	1	342.466819545	342.995551696	0.000	22050.000	
435	Waveform 1	1	345.439566777	345.675405120	0.000	22050.000	
435	Spectrogram 1	1	345.439566777	345.675405120	0.000	22050.000	
436	Waveform 1	1	345.726346202	345.909356756	0.000	22050.000	
436	Spectrogram 1	1	345.726346202	345.909356756	0.000	22050.000	
437	Waveform 1	1	345.941430771	346.499895967	0.000	22050.000	
437	Spectrogram 1	1	345.941430771	346.499895967	0.000	22050.000	
438	Waveform 1	1	346.771581738	346.931951811	0.000	22050.000	
438	Spectrogram 1	1	346.771581738	346.931951811	0.000	22050.000	
439	Waveform 1	1	347.001759960	347.256465371	0.000	22050.000	
439	Spectrogram 1	1	347.001759960	347.256465371	0.000	22050.000	
440	Waveform 1	1	347.277219145	347.437589218	0.000	22050.000	
440	Spectrogram 1	1	347.277219145	347.437589218	0.000	22050.000	
441	Waveform 1	1	348.392262830	348.594140451	0.000	22050.000	
441	Spectrogram 1	1	348.392262830	348.594140451	0.000	22050.000	
442	Waveform 1	1	348.626214466	348.837525621	0.000	22050.000	
442	Spectrogram 1	1	348.626214466	348.837525621	0.000	22050.000	
443	Waveform 1	1	348.905447064	349.169586008	0.000	22050.000	
443	Spectrogram 1	1	348.905447064	349.169586008	0.000	22050.000	
444	Waveform 1	1	349.195999902	349.299768773	0.000	22050.000	
444	Spectrogram 1	1	349.195999902	349.299768773	0.000	22050.000	
445	Waveform 1	1	349.394104110	349.545040649	0.000	22050.000	
445	Spectrogram 1	1	349.394104110	349.545040649	0.000	22050.000	
446	Waveform 1	1	349.618622212	349.858233969	0.000	22050.000	
446	Spectrogram 1	1	349.618622212	349.858233969	0.000	22050.000	
447	Waveform 1	1	349.899741517	350.052564763	0.000	22050.000	
447	Spectrogram 1	1	349.899741517	350.052564763	0.000	22050.000	
448	Waveform 1	1	350.190294355	350.443113059	0.000	22050.000	
448	Spectrogram 1	1	350.190294355	350.443113059	0.000	22050.000	
449	Waveform 1	1	350.467640246	350.624236906	0.000	22050.000	
449	Spectrogram 1	1	350.467640246	350.624236906	0.000	22050.000	
450	Waveform 1	1	364.061362327	364.482097930	0.000	22050.000	
450	Spectrogram 1	1	364.061362327	364.482097930	0.000	22050.000	
451	Waveform 1	1	365.033016299	365.348096325	0.000	22050.000	
451	Spectrogram 1	1	365.033016299	365.348096325	0.000	22050.000	
452	Waveform 1	1	368.776242477	369.021514353	0.000	22050.000	
452	Spectrogram 1	1	368.776242477	369.021514353	0.000	22050.000	
453	Waveform 1	1	373.587344670	374.036380875	0.000	22050.000	
453	Spectrogram 1	1	373.587344670	374.036380875	0.000	22050.000	
454	Waveform 1	1	374.068454890	374.494850613	0.000	22050.000	
454	Spectrogram 1	1	374.068454890	374.494850613	0.000	22050.000	
455	Waveform 1	1	374.509944267	374.868418548	0.000	22050.000	
455	Spectrogram 1	1	374.509944267	374.868418548	0.000	22050.000	
456	Waveform 1	1	374.908039390	375.328774994	0.000	22050.000	
456	Spectrogram 1	1	374.908039390	375.328774994	0.000	22050.000	
457	Waveform 1	1	375.358962302	375.677815741	0.000	22050.000	
457	Spectrogram 1	1	375.358962302	375.677815741	0.000	22050.000	
458	Waveform 1	1	377.739986211	377.904129697	0.000	22050.000	
458	Spectrogram 1	1	377.739986211	377.904129697	0.000	22050.000	
459	Waveform 1	1	377.983371381	378.185249002	0.000	22050.000	
459	Spectrogram 1	1	377.983371381	378.185249002	0.000	22050.000	
460	Waveform 1	1	378.255057151	378.524856216	0.000	22050.000	
460	Spectrogram 1	1	378.255057151	378.524856216	0.000	22050.000	
461	Waveform 1	1	379.132375787	379.385194490	0.000	22050.000	
461	Spectrogram 1	1	379.132375787	379.385194490	0.000	22050.000	
462	Waveform 1	1	379.428588745	379.679520742	0.000	22050.000	
462	Spectrogram 1	1	379.428588745	379.679520742	0.000	22050.000	
463	Waveform 1	1	379.738008651	379.966300167	0.000	22050.000	
463	Spectrogram 1	1	379.738008651	379.966300167	0.000	22050.000	
464	Waveform 1	1	380.449297093	380.747396758	0.000	22050.000	
464	Spectrogram 1	1	380.449297093	380.747396758	0.000	22050.000	
465	Waveform 1	1	380.781357480	380.960594620	0.000	22050.000	
465	Spectrogram 1	1	380.781357480	380.960594620	0.000	22050.000	
466	Waveform 1	1	381.039836304	381.322842315	0.000	22050.000	
466	Spectrogram 1	1	381.039836304	381.322842315	0.000	22050.000	
467	Waveform 1	1	381.392650464	381.669996356	0.000	22050.000	
467	Spectrogram 1	1	381.392650464	381.669996356	0.000	22050.000	
468	Waveform 1	1	381.722824144	381.898287871	0.000	22050.000	
468	Spectrogram 1	1	381.722824144	381.898287871	0.000	22050.000	
469	Waveform 1	1	382.002056742	382.256762152	0.000	22050.000	
469	Spectrogram 1	1	382.002056742	382.256762152	0.000	22050.000	
470	Waveform 1	1	382.962390474	383.202002231	0.000	22050.000	
470	Spectrogram 1	1	382.962390474	383.202002231	0.000	22050.000	
471	Waveform 1	1	383.228416125	383.613304300	0.000	22050.000	
471	Spectrogram 1	1	383.228416125	383.613304300	0.000	22050.000	
472	Waveform 1	1	383.711413051	383.958571634	0.000	22050.000	
472	Spectrogram 1	1	383.711413051	383.958571634	0.000	22050.000	
473	Waveform 1	1	384.035926611	384.251011179	0.000	22050.000	
473	Spectrogram 1	1	384.035926611	384.251011179	0.000	22050.000	
474	Waveform 1	1	384.311385795	384.526470364	0.000	22050.000	
474	Spectrogram 1	1	384.311385795	384.526470364	0.000	22050.000	
475	Waveform 1	1	384.571751326	384.858530751	0.000	22050.000	
475	Spectrogram 1	1	384.571751326	384.858530751	0.000	22050.000	
476	Waveform 1	1	384.909471833	385.124556401	0.000	22050.000	
476	Spectrogram 1	1	384.909471833	385.124556401	0.000	22050.000	
477	Waveform 1	1	385.205684791	385.358508037	0.000	22050.000	
477	Spectrogram 1	1	385.205684791	385.358508037	0.000	22050.000	
478	Waveform 1	1	386.562226939	386.765991267	0.000	22050.000	
478	Spectrogram 1	1	386.562226939	386.765991267	0.000	22050.000	
479	Waveform 1	1	386.822592470	387.071637760	0.000	22050.000	
479	Spectrogram 1	1	386.822592470	387.071637760	0.000	22050.000	
480	Waveform 1	1	387.135785789	387.326343170	0.000	22050.000	
480	Spectrogram 1	1	387.135785789	387.326343170	0.000	22050.000	
481	Waveform 1	1	387.475393003	387.684817451	0.000	22050.000	
481	Spectrogram 1	1	387.475393003	387.684817451	0.000	22050.000	
482	Waveform 1	1	387.796133149	388.009331011	0.000	22050.000	
482	Spectrogram 1	1	387.796133149	388.009331011	0.000	22050.000	
483	Waveform 1	1	388.135740362	388.352711638	0.000	22050.000	
483	Spectrogram 1	1	388.135740362	388.352711638	0.000	22050.000	
484	Waveform 1	1	388.467800749	388.696092265	0.000	22050.000	
484	Spectrogram 1	1	388.467800749	388.696092265	0.000	22050.000	
485	Waveform 1	1	388.809294670	389.030039358	0.000	22050.000	
485	Spectrogram 1	1	388.809294670	389.030039358	0.000	22050.000	
486	Waveform 1	1	389.126261402	389.394173760	0.000	22050.000	
486	Spectrogram 1	1	389.126261402	389.394173760	0.000	22050.000	
487	Waveform 1	1	389.467755323	389.705480372	0.000	22050.000	
487	Spectrogram 1	1	389.467755323	389.705480372	0.000	22050.000	
488	Waveform 1	1	389.797929003	390.043200879	0.000	22050.000	
488	Spectrogram 1	1	389.797929003	390.043200879	0.000	22050.000	
489	Waveform 1	1	390.111122322	390.480916843	0.000	22050.000	
489	Spectrogram 1	1	390.111122322	390.480916843	0.000	22050.000	
490	Waveform 1	1	390.724302013	391.046928866	0.000	22050.000	
490	Spectrogram 1	1	390.724302013	391.046928866	0.000	22050.000	
491	Waveform 1	1	400.908745010	401.110622631	0.000	22050.000	
491	Spectrogram 1	1	400.908745010	401.110622631	0.000	22050.000	
492	Waveform 1	1	401.491737393	401.718142202	0.000	22050.000	
492	Spectrogram 1	1	401.491737393	401.718142202	0.000	22050.000	
493	Waveform 1	1	431.890356430	432.409200784	0.000	22050.000	
493	Spectrogram 1	1	431.890356430	432.409200784	0.000	22050.000	
494	Waveform 1	1	433.878945337	434.469484547	0.000	22050.000	
494	Spectrogram 1	1	433.878945337	434.469484547	0.000	22050.000	
495	Waveform 1	1	436.559955618	437.499535576	0.000	22050.000	
495	Spectrogram 1	1	436.559955618	437.499535576	0.000	22050.000	
496	Waveform 1	1	442.491761617	443.031359745	0.000	22050.000	
496	Spectrogram 1	1	442.491761617	443.031359745	0.000	22050.000	
497	Waveform 1	1	446.318002891	446.751945441	0.000	22050.000	
497	Spectrogram 1	1	446.318002891	446.751945441	0.000	22050.000	
498	Waveform 1	1	447.616057130	448.314138624	0.000	22050.000	
498	Spectrogram 1	1	447.616057130	448.314138624	0.000	22050.000	
499	Waveform 1	1	453.996899333	454.638379625	0.000	22050.000	
499	Spectrogram 1	1	453.996899333	454.638379625	0.000	22050.000	
500	Waveform 1	1	462.721031311	463.090825832	0.000	22050.000	
500	Spectrogram 1	1	462.721031311	463.090825832	0.000	22050.000	
501	Waveform 1	1	469.607510921	469.913157414	0.000	22050.000	
501	Spectrogram 1	1	469.607510921	469.913157414	0.000	22050.000	
502	Waveform 1	1	471.264039441	471.807410983	0.000	22050.000	
502	Spectrogram 1	1	471.264039441	471.807410983	0.000	22050.000	
503	Waveform 1	1	474.369558740	474.769540569	0.000	22050.000	
503	Spectrogram 1	1	474.369558740	474.769540569	0.000	22050.000	
504	Waveform 1	1	476.663794139	477.048682314	0.000	22050.000	
504	Spectrogram 1	1	476.663794139	477.048682314	0.000	22050.000	
505	Waveform 1	1	478.301455591	478.758038623	0.000	22050.000	
505	Spectrogram 1	1	478.301455591	478.758038623	0.000	22050.000	
506	Waveform 1	1	496.783634842	497.145882536	0.000	22050.000	
506	Spectrogram 1	1	496.783634842	497.145882536	0.000	22050.000	
507	Waveform 1	1	498.274133168	498.659021344	0.000	22050.000	
507	Spectrogram 1	1	498.274133168	498.659021344	0.000	22050.000	
508	Waveform 1	1	498.749583267	499.240127020	0.000	22050.000	
508	Spectrogram 1	1	498.749583267	499.240127020	0.000	22050.000	
509	Waveform 1	1	499.342009185	499.632562023	0.000	22050.000	
509	Spectrogram 1	1	499.342009185	499.632562023	0.000	22050.000	
510	Waveform 1	1	499.843873178	500.187253805	0.000	22050.000	
510	Spectrogram 1	1	499.843873178	500.187253805	0.000	22050.000	
511	Waveform 1	1	512.820642154	513.401747830	0.000	22050.000	
511	Spectrogram 1	1	512.820642154	513.401747830	0.000	22050.000	
