Selection	View	Channel	Begin Time (s)	End Time (s)	Low Freq (Hz)	High Freq (Hz)	Annotation
1	Waveform 1	1	3.448860503	3.957315598	0.000	22050.000	
1	Spectrogram 1	1	3.448860503	3.957315598	0.000	22050.000	
2	Waveform 1	1	5.439510167	5.885607562	0.000	22050.000	
2	Spectrogram 1	1	5.439510167	5.885607562	0.000	22050.000	
3	Waveform 1	1	6.111054633	6.509184565	0.000	22050.000	
3	Spectrogram 1	1	6.111054633	6.509184565	0.000	22050.000	
4	Waveform 1	1	11.526581069	12.265279981	0.000	22050.000	
4	Spectrogram 1	1	11.526581069	12.265279981	0.000	22050.000	
5	Waveform 1	1	12.313247443	12.932027700	0.000	22050.000	
5	Spectrogram 1	1	12.313247443	12.932027700	0.000	22050.000	
6	Waveform 1	1	17.023652191	17.210725292	0.000	22050.000	
6	Spectrogram 1	1	17.023652191	17.210725292	0.000	22050.000	
7	Waveform 1	1	17.234709023	17.484139824	0.000	22050.000	
7	Spectrogram 1	1	17.234709023	17.484139824	0.000	22050.000	
8	Waveform 1	1	18.234973055	18.826532829	0.000	22050.000	
8	Spectrogram 1	1	18.234973055	18.826532829	0.000	22050.000	
9	Waveform 1	1	18.862333276	19.237385582	0.000	22050.000	
9	Spectrogram 1	1	18.862333276	19.237385582	0.000	22050.000	
10	Waveform 1	1	19.295348211	19.731772713	0.000	22050.000	
10	Spectrogram 1	1	19.295348211	19.731772713	0.000	22050.000	
11	Waveform 1	1	24.031235966	24.638138788	0.000	22050.000	
11	Spectrogram 1	1	24.031235966	24.638138788	0.000	22050.000	
12	Waveform 1	1	45.579083872	46.547400734	0.000	22050.000	
12	Spectrogram 1	1	45.579083872	46.547400734	0.000	22050.000	
13	Waveform 1	1	47.324781877	48.347651803	0.000	22050.000	
13	Spectrogram 1	1	47.324781877	48.347651803	0.000	22050.000	
14	Waveform 1	1	48.811352836	49.629648776	0.000	22050.000	
14	Spectrogram 1	1	48.811352836	49.629648776	0.000	22050.000	
15	Waveform 1	1	49.684201839	50.311562059	0.000	22050.000	
15	Spectrogram 1	1	49.684201839	50.311562059	0.000	22050.000	
16	Waveform 1	1	51.934515674	53.039215194	0.000	22050.000	
16	Spectrogram 1	1	51.934515674	53.039215194	0.000	22050.000	
17	Waveform 1	1	55.616847405	56.135101501	0.000	22050.000	
17	Spectrogram 1	1	55.616847405	56.135101501	0.000	22050.000	
18	Waveform 1	1	60.403878656	61.699513894	0.000	22050.000	
18	Spectrogram 1	1	60.403878656	61.699513894	0.000	22050.000	
19	Waveform 1	1	64.781761936	65.777355330	0.000	22050.000	
19	Spectrogram 1	1	64.781761936	65.777355330	0.000	22050.000	
20	Waveform 1	1	67.209373225	67.864009978	0.000	22050.000	
20	Spectrogram 1	1	67.209373225	67.864009978	0.000	22050.000	
21	Waveform 1	1	78.379112810	79.211047016	0.000	22050.000	
21	Spectrogram 1	1	78.379112810	79.211047016	0.000	22050.000	
22	Waveform 1	1	83.397994577	84.270843580	0.000	22050.000	
22	Spectrogram 1	1	83.397994577	84.270843580	0.000	22050.000	
23	Waveform 1	1	93.011179113	93.242777315	0.000	22050.000	
23	Spectrogram 1	1	93.011179113	93.242777315	0.000	22050.000	
24	Waveform 1	1	93.289096955	93.523590135	0.000	22050.000	
24	Spectrogram 1	1	93.289096955	93.523590135	0.000	22050.000	
25	Waveform 1	1	93.604649505	93.787033089	0.000	22050.000	
25	Spectrogram 1	1	93.604649505	93.787033089	0.000	22050.000	
26	Waveform 1	1	93.807297932	94.007051381	0.000	22050.000	
26	Spectrogram 1	1	93.807297932	94.007051381	0.000	22050.000	
27	Waveform 1	1	94.033106179	94.198119898	0.000	22050.000	
27	Spectrogram 1	1	94.033106179	94.198119898	0.000	22050.000	
28	Waveform 1	1	94.209699808	94.507882493	0.000	22050.000	
28	Spectrogram 1	1	94.209699808	94.507882493	0.000	22050.000	
29	Waveform 1	1	96.001690895	96.218814209	0.000	22050.000	
29	Spectrogram 1	1	96.001690895	96.218814209	0.000	22050.000	
30	Waveform 1	1	96.864394196	97.159681904	0.000	22050.000	
30	Spectrogram 1	1	96.864394196	97.159681904	0.000	22050.000	
31	Waveform 1	1	97.191526657	97.417334903	0.000	22050.000	
31	Spectrogram 1	1	97.191526657	97.417334903	0.000	22050.000	
32	Waveform 1	1	97.564978757	97.837106644	0.000	22050.000	
32	Spectrogram 1	1	97.564978757	97.837106644	0.000	22050.000	
33	Waveform 1	1	97.848686554	98.036860093	0.000	22050.000	
33	Spectrogram 1	1	97.848686554	98.036860093	0.000	22050.000	
34	Waveform 1	1	98.094759644	98.390047351	0.000	22050.000	
34	Spectrogram 1	1	98.094759644	98.390047351	0.000	22050.000	
35	Waveform 1	1	99.287490383	99.461189035	0.000	22050.000	
35	Spectrogram 1	1	99.287490383	99.461189035	0.000	22050.000	
36	Waveform 1	1	99.536458450	99.707262124	0.000	22050.000	
36	Spectrogram 1	1	99.536458450	99.707262124	0.000	22050.000	
37	Waveform 1	1	99.797006427	99.935965348	0.000	22050.000	
37	Spectrogram 1	1	99.797006427	99.935965348	0.000	22050.000	
38	Waveform 1	1	100.022814674	100.173353505	0.000	22050.000	
38	Spectrogram 1	1	100.022814674	100.173353505	0.000	22050.000	
39	Waveform 1	1	100.231253056	100.425216550	0.000	22050.000	
39	Spectrogram 1	1	100.231253056	100.425216550	0.000	22050.000	
40	Waveform 1	1	102.052193918	102.254842344	0.000	22050.000	
40	Spectrogram 1	1	102.052193918	102.254842344	0.000	22050.000	
41	Waveform 1	1	105.922778866	106.220961551	0.000	22050.000	
41	Spectrogram 1	1	105.922778866	106.220961551	0.000	22050.000	
42	Waveform 1	1	106.967865752	107.442642066	0.000	22050.000	
42	Spectrogram 1	1	106.967865752	107.442642066	0.000	22050.000	
43	Waveform 1	1	111.081628812	111.527455351	0.000	22050.000	
43	Spectrogram 1	1	111.081628812	111.527455351	0.000	22050.000	
44	Waveform 1	1	111.874852654	112.230934889	0.000	22050.000	
44	Spectrogram 1	1	111.874852654	112.230934889	0.000	22050.000	
45	Waveform 1	1	116.034935354	116.376542702	0.000	22050.000	
45	Spectrogram 1	1	116.034935354	116.376542702	0.000	22050.000	
46	Waveform 1	1	119.433638967	119.867885595	0.000	22050.000	
46	Spectrogram 1	1	119.433638967	119.867885595	0.000	22050.000	
47	Waveform 1	1	120.643739571	120.910077503	0.000	22050.000	
47	Spectrogram 1	1	120.643739571	120.910077503	0.000	22050.000	
48	Waveform 1	1	121.251684851	121.599082154	0.000	22050.000	
48	Spectrogram 1	1	121.251684851	121.599082154	0.000	22050.000	
49	Waveform 1	1	130.573512475	131.059868699	0.000	22050.000	
49	Spectrogram 1	1	130.573512475	131.059868699	0.000	22050.000	
50	Waveform 1	1	140.480125559	140.810152997	0.000	22050.000	
50	Spectrogram 1	1	140.480125559	140.810152997	0.000	22050.000	
51	Waveform 1	1	146.316400246	146.623267863	0.000	22050.000	
51	Spectrogram 1	1	146.316400246	146.623267863	0.000	22050.000	
52	Waveform 1	1	146.878025885	147.138573863	0.000	22050.000	
52	Spectrogram 1	1	146.878025885	147.138573863	0.000	22050.000	
53	Waveform 1	1	149.251779348	149.667170718	0.000	22050.000	
53	Spectrogram 1	1	149.251779348	149.667170718	0.000	22050.000	
54	Waveform 1	1	150.975653533	151.258119664	0.000	22050.000	
54	Spectrogram 1	1	150.975653533	151.258119664	0.000	22050.000	
55	Waveform 1	1	151.710896257	151.820974970	0.000	22050.000	
55	Spectrogram 1	1	151.710896257	151.820974970	0.000	22050.000	
56	Waveform 1	1	151.847975409	152.120056757	0.000	22050.000	
56	Spectrogram 1	1	151.847975409	152.120056757	0.000	22050.000	
57	Waveform 1	1	152.273751564	152.477293335	0.000	22050.000	
57	Spectrogram 1	1	152.273751564	152.477293335	0.000	22050.000	
58	Waveform 1	1	152.491832033	152.763913380	0.000	22050.000	
58	Spectrogram 1	1	152.491832033	152.763913380	0.000	22050.000	
59	Waveform 1	1	152.840760783	153.081687778	0.000	22050.000	
59	Spectrogram 1	1	152.840760783	153.081687778	0.000	22050.000	
60	Waveform 1	1	153.638312213	153.985164007	0.000	22050.000	
60	Spectrogram 1	1	153.638312213	153.985164007	0.000	22050.000	
61	Waveform 1	1	156.116121734	156.433896132	0.000	22050.000	
61	Spectrogram 1	1	156.116121734	156.433896132	0.000	22050.000	
62	Waveform 1	1	157.152523202	157.374757585	0.000	22050.000	
62	Spectrogram 1	1	157.152523202	157.374757585	0.000	22050.000	
63	Waveform 1	1	157.441220204	157.734071120	0.000	22050.000	
63	Spectrogram 1	1	157.441220204	157.734071120	0.000	22050.000	
64	Waveform 1	1	158.055999431	158.182693799	0.000	22050.000	
64	Spectrogram 1	1	158.055999431	158.182693799	0.000	22050.000	
65	Waveform 1	1	158.220079022	158.552392118	0.000	22050.000	
65	Spectrogram 1	1	158.220079022	158.552392118	0.000	22050.000	
66	Waveform 1	1	159.927337552	160.232650209	0.000	22050.000	
66	Spectrogram 1	1	159.927337552	160.232650209	0.000	22050.000	
67	Waveform 1	1	160.249265864	160.562886348	0.000	22050.000	
67	Spectrogram 1	1	160.249265864	160.562886348	0.000	22050.000	
68	Waveform 1	1	166.087591566	166.324364647	0.000	22050.000	
68	Spectrogram 1	1	166.087591566	166.324364647	0.000	22050.000	
69	Waveform 1	1	166.330595518	166.596445994	0.000	22050.000	
69	Spectrogram 1	1	166.330595518	166.596445994	0.000	22050.000	
70	Waveform 1	1	168.189471898	168.631863707	0.000	22050.000	
70	Spectrogram 1	1	168.189471898	168.631863707	0.000	22050.000	
71	Waveform 1	1	172.634159555	173.201168774	0.000	22050.000	
71	Spectrogram 1	1	172.634159555	173.201168774	0.000	22050.000	
72	Waveform 1	1	174.125414572	174.929196873	0.000	22050.000	
72	Spectrogram 1	1	174.125414572	174.929196873	0.000	22050.000	
73	Waveform 1	1	176.291680566	176.906459793	0.000	22050.000	
73	Spectrogram 1	1	176.291680566	176.906459793	0.000	22050.000	
74	Waveform 1	1	179.006263167	179.585734128	0.000	22050.000	SAT.U.01_perched_NA
74	Spectrogram 1	1	179.006263167	179.585734128	0.000	22050.000	SAT.U.01_perched_NA
75	Waveform 1	1	180.512056883	180.914986512	0.000	22050.000	SAT.U.01_perched_NA
75	Spectrogram 1	1	180.512056883	180.914986512	0.000	22050.000	SAT.U.01_perched_NA
76	Waveform 1	1	180.939909994	181.382301803	0.000	22050.000	SAT.U.01_perched_NA
76	Spectrogram 1	1	180.939909994	181.382301803	0.000	22050.000	SAT.U.01_perched_NA
77	Waveform 1	1	181.540150523	181.986696246	0.000	22050.000	SAT.U.01_perched_NA
77	Spectrogram 1	1	181.540150523	181.986696246	0.000	22050.000	SAT.U.01_perched_NA
78	Waveform 1	1	182.138314096	182.690784618	0.000	22050.000	SAT.U.01_perched_NA
78	Spectrogram 1	1	182.138314096	182.690784618	0.000	22050.000	SAT.U.01_perched_NA
79	Waveform 1	1	182.724015927	183.374103421	0.000	22050.000	SAT.U.01_perched_NA
79	Spectrogram 1	1	182.724015927	183.374103421	0.000	22050.000	SAT.U.01_perched_NA
80	Waveform 1	1	183.423950385	183.959805252	0.000	22050.000	SAT.U.01_perched_NA
80	Spectrogram 1	1	183.423950385	183.959805252	0.000	22050.000	SAT.U.01_perched_NA
81	Waveform 1	1	184.437505328	184.971283238	0.000	22050.000	SAT.U.01_perched_NA
81	Spectrogram 1	1	184.437505328	184.971283238	0.000	22050.000	SAT.U.01_perched_NA
82	Waveform 1	1	185.507138105	186.142686901	0.000	22050.000	SAT.U.01_perched_NA
82	Spectrogram 1	1	185.507138105	186.142686901	0.000	22050.000	SAT.U.01_perched_NA
83	Waveform 1	1	186.182149081	186.722157862	0.000	22050.000	SAT.U.01_perched_NA
83	Spectrogram 1	1	186.182149081	186.722157862	0.000	22050.000	SAT.U.01_perched_NA
84	Waveform 1	1	187.312013607	187.872791956	0.000	22050.000	SAT.U.01_perched_NA
84	Spectrogram 1	1	187.312013607	187.872791956	0.000	22050.000	SAT.U.01_perched_NA
85	Waveform 1	1	189.517741780	190.198983627	0.000	22050.000	SAT.U.01_perched_NA
85	Spectrogram 1	1	189.517741780	190.198983627	0.000	22050.000	SAT.U.01_perched_NA
86	Waveform 1	1	190.288292771	190.527142809	0.000	22050.000	SAT.U.01_perched_NA
86	Spectrogram 1	1	190.288292771	190.527142809	0.000	22050.000	SAT.U.01_perched_NA
87	Waveform 1	1	191.538620795	192.078629575	0.000	22050.000	SAT.U.01_perched_NA
87	Spectrogram 1	1	191.538620795	192.078629575	0.000	22050.000	SAT.U.01_perched_NA
88	Waveform 1	1	192.124322626	192.622792270	0.000	22050.000	SAT.U.01_perched_NA
88	Spectrogram 1	1	192.124322626	192.622792270	0.000	22050.000	SAT.U.01_perched_NA
89	Waveform 1	1	193.584423291	194.232433828	0.000	22050.000	SAT.U.01_perched_NA
89	Spectrogram 1	1	193.584423291	194.232433828	0.000	22050.000	SAT.U.01_perched_NA
90	Waveform 1	1	195.437068800	196.041463243	0.000	22050.000	SAT.U.01_perched_NA
90	Spectrogram 1	1	195.437068800	196.041463243	0.000	22050.000	SAT.U.01_perched_NA
91	Waveform 1	1	196.099618035	196.909631206	0.000	22050.000	SAT.U.01_perched_NA
91	Spectrogram 1	1	196.099618035	196.909631206	0.000	22050.000	SAT.U.01_perched_NA
92	Waveform 1	1	197.723798291	198.182805755	0.000	22050.000	SAT.U.01_perched_NA
92	Spectrogram 1	1	197.723798291	198.182805755	0.000	22050.000	SAT.U.01_perched_NA
93	Waveform 1	1	198.205652280	198.583658426	0.000	22050.000	SAT.U.01_perched_NA
93	Spectrogram 1	1	198.205652280	198.583658426	0.000	22050.000	SAT.U.01_perched_NA
94	Waveform 1	1	198.612735822	198.984511098	0.000	22050.000	SAT.U.01_perched_NA
94	Spectrogram 1	1	198.612735822	198.984511098	0.000	22050.000	SAT.U.01_perched_NA
95	Waveform 1	1	199.075897200	199.551520318	0.000	22050.000	SAT.U.01_perched_NA
95	Spectrogram 1	1	199.075897200	199.551520318	0.000	22050.000	SAT.U.01_perched_NA
96	Waveform 1	1	200.236916078	200.907773141	0.000	22050.000	SAT.U.01_perched_NA
96	Spectrogram 1	1	200.236916078	200.907773141	0.000	22050.000	SAT.U.01_perched_NA
97	Waveform 1	1	200.957620105	201.568245419	0.000	22050.000	SAT.U.01_perched_NA
97	Spectrogram 1	1	200.957620105	201.568245419	0.000	22050.000	SAT.U.01_perched_NA
98	Waveform 1	1	202.403182072	202.700186901	0.000	22050.000	SAT.U.01_perched_NA
98	Spectrogram 1	1	202.403182072	202.700186901	0.000	22050.000	SAT.U.01_perched_NA
99	Waveform 1	1	202.727187340	203.171656106	0.000	22050.000	SAT.U.01_perched_NA
99	Spectrogram 1	1	202.727187340	203.171656106	0.000	22050.000	SAT.U.01_perched_NA
100	Waveform 1	1	203.215272200	203.719972714	0.000	22050.000	SAT.U.01_perched_NA
100	Spectrogram 1	1	203.215272200	203.719972714	0.000	22050.000	SAT.U.01_perched_NA
101	Waveform 1	1	203.761511851	204.201826703	0.000	22050.000	SAT.U.01_perched_NA
101	Spectrogram 1	1	203.761511851	204.201826703	0.000	22050.000	SAT.U.01_perched_NA
102	Waveform 1	1	205.306767747	206.054472212	0.000	22050.000	SAT.U.01_perched_NA
102	Spectrogram 1	1	205.306767747	206.054472212	0.000	22050.000	SAT.U.01_perched_NA
103	Waveform 1	1	206.303707034	207.043103673	0.000	22050.000	SAT.U.01_perched_NA
103	Spectrogram 1	1	206.303707034	207.043103673	0.000	22050.000	SAT.U.01_perched_NA
104	Waveform 1	1	207.109566292	207.705652907	0.000	22050.000	SAT.U.01_perched_NA
104	Spectrogram 1	1	207.109566292	207.705652907	0.000	22050.000	SAT.U.01_perched_NA
105	Waveform 1	1	209.670454087	210.320541580	0.000	22050.000	SAT.U.01_perched_NA
105	Spectrogram 1	1	209.670454087	210.320541580	0.000	22050.000	SAT.U.01_perched_NA
106	Waveform 1	1	212.146186651	212.476422790	0.000	22050.000	SAT.U.01_perched_NA
106	Spectrogram 1	1	212.146186651	212.476422790	0.000	22050.000	SAT.U.01_perched_NA
107	Waveform 1	1	212.511731056	212.937507210	0.000	22050.000	SAT.U.01_perched_NA
107	Spectrogram 1	1	212.511731056	212.937507210	0.000	22050.000	SAT.U.01_perched_NA
108	Waveform 1	1	213.105740715	213.514901214	0.000	22050.000	SAT.U.01_perched_NA
108	Spectrogram 1	1	213.105740715	213.514901214	0.000	22050.000	SAT.U.01_perched_NA
109	Waveform 1	1	213.585517747	214.108910873	0.000	22050.000	SAT.U.01_perched_NA
109	Spectrogram 1	1	213.585517747	214.108910873	0.000	22050.000	SAT.U.01_perched_NA
110	Waveform 1	1	216.752876942	217.236807888	0.000	22050.000	SAT.U.01_perched_NA
110	Spectrogram 1	1	216.752876942	217.236807888	0.000	22050.000	SAT.U.01_perched_NA
111	Waveform 1	1	217.317809205	217.834971460	0.000	22050.000	SAT.U.01_perched_NA
111	Spectrogram 1	1	217.317809205	217.834971460	0.000	22050.000	SAT.U.01_perched_NA
112	Waveform 1	1	218.636676804	219.201609067	0.000	22050.000	SAT.U.01_perched_NA
112	Spectrogram 1	1	218.636676804	219.201609067	0.000	22050.000	SAT.U.01_perched_NA
113	Waveform 1	1	219.764464373	220.298242283	0.000	22050.000	SAT.U.01_perched_NA
113	Spectrogram 1	1	219.764464373	220.298242283	0.000	22050.000	SAT.U.01_perched_NA
114	Waveform 1	1	221.012715439	221.585955530	0.000	22050.000	SAT.U.01_perched_NA
114	Spectrogram 1	1	221.012715439	221.585955530	0.000	22050.000	SAT.U.01_perched_NA
115	Waveform 1	1	221.689803372	222.325352168	0.000	22050.000	SAT.U.01_perched_NA
115	Spectrogram 1	1	221.689803372	222.325352168	0.000	22050.000	SAT.U.01_perched_NA
116	Waveform 1	1	223.887223718	224.377385535	0.000	22050.000	SAT.U.01_perched_NA
116	Spectrogram 1	1	223.887223718	224.377385535	0.000	22050.000	SAT.U.01_perched_NA
117	Waveform 1	1	224.427232499	224.892470833	0.000	22050.000	SAT.U.01_perched_NA
117	Spectrogram 1	1	224.427232499	224.892470833	0.000	22050.000	SAT.U.01_perched_NA
118	Waveform 1	1	225.006703460	225.453249182	0.000	22050.000	SAT.U.01_perched_NA
118	Spectrogram 1	1	225.006703460	225.453249182	0.000	22050.000	SAT.U.01_perched_NA
119	Waveform 1	1	226.034797100	226.568575010	0.000	22050.000	SAT.U.01_perched_NA
119	Spectrogram 1	1	226.034797100	226.568575010	0.000	22050.000	SAT.U.01_perched_NA
120	Waveform 1	1	226.624652845	227.160507712	0.000	22050.000	SAT.U.01_perched_NA
120	Spectrogram 1	1	226.624652845	227.160507712	0.000	22050.000	SAT.U.01_perched_NA
121	Waveform 1	1	231.578194930	232.114049797	0.000	22050.000	SAT.U.01_perched_NA
121	Spectrogram 1	1	231.578194930	232.114049797	0.000	22050.000	SAT.U.01_perched_NA
122	Waveform 1	1	234.152823005	234.710902508	0.000	22050.000	SAT.U.01_perched_NA
122	Spectrogram 1	1	234.152823005	234.710902508	0.000	22050.000	SAT.U.01_perched_NA
123	Waveform 1	1	235.597955193	236.214779907	0.000	22050.000	SAT.U.01_perched_NA
123	Spectrogram 1	1	235.597955193	236.214779907	0.000	22050.000	SAT.U.01_perched_NA
124	Waveform 1	1	238.235615161	238.852439876	0.000	22050.000	SAT.U.01_perched_NA
124	Spectrogram 1	1	238.235615161	238.852439876	0.000	22050.000	SAT.U.01_perched_NA
125	Waveform 1	1	238.881812481	239.434017464	0.000	22050.000	SAT.U.01_perched_NA
125	Spectrogram 1	1	238.881812481	239.434017464	0.000	22050.000	SAT.U.01_perched_NA
126	Waveform 1	1	243.910402533	244.421485868	0.000	22050.000	SAT.U.01_perched_NA
126	Spectrogram 1	1	243.910402533	244.421485868	0.000	22050.000	SAT.U.01_perched_NA
127	Waveform 1	1	246.788917867	247.423366144	0.000	22050.000	SAT.U.01_perched_NA
127	Spectrogram 1	1	246.788917867	247.423366144	0.000	22050.000	SAT.U.01_perched_NA
128	Waveform 1	1	247.470362313	247.999069211	0.000	22050.000	SAT.U.01_perched_NA
128	Spectrogram 1	1	247.470362313	247.999069211	0.000	22050.000	SAT.U.01_perched_NA
129	Waveform 1	1	249.485323046	250.149143929	0.000	22050.000	SAT.U.01_perched_NA
129	Spectrogram 1	1	249.485323046	250.149143929	0.000	22050.000	SAT.U.01_perched_NA
130	Waveform 1	1	250.198549136	250.871588318	0.000	22050.000	SAT.U.01_perched_NA
130	Spectrogram 1	1	250.198549136	250.871588318	0.000	22050.000	SAT.U.01_perched_NA
131	Waveform 1	1	252.948690776	253.348372505	0.000	22050.000	SAT.U.01_perched_NA
131	Spectrogram 1	1	252.948690776	253.348372505	0.000	22050.000	SAT.U.01_perched_NA
132	Waveform 1	1	254.750364893	255.166613740	0.000	22050.000	SAT.U.01_perched_NA
132	Spectrogram 1	1	254.750364893	255.166613740	0.000	22050.000	SAT.U.01_perched_NA
133	Waveform 1	1	255.272229120	256.071592578	0.000	22050.000	SAT.U.01_perched_NA
133	Spectrogram 1	1	255.272229120	256.071592578	0.000	22050.000	SAT.U.01_perched_NA
134	Waveform 1	1	260.644117232	261.226037263	0.000	22050.000	SAT.U.01_perched_NA
134	Spectrogram 1	1	260.644117232	261.226037263	0.000	22050.000	SAT.U.01_perched_NA
135	Waveform 1	1	264.061085384	264.750691684	0.000	22050.000	SAT.U.01_perched_NA
135	Spectrogram 1	1	264.061085384	264.750691684	0.000	22050.000	SAT.U.01_perched_NA
136	Waveform 1	1	267.660291838	268.213219412	0.000	22050.000	SAT.U.01_perched_NA
136	Spectrogram 1	1	267.660291838	268.213219412	0.000	22050.000	SAT.U.01_perched_NA
137	Waveform 1	1	270.008680859	270.690003599	0.000	22050.000	SAT.U.01_perched_NA
137	Spectrogram 1	1	270.008680859	270.690003599	0.000	22050.000	SAT.U.01_perched_NA
138	Waveform 1	1	277.731028882	278.254963999	0.000	22050.000	SAT.U.01_perched_NA
138	Spectrogram 1	1	277.731028882	278.254963999	0.000	22050.000	SAT.U.01_perched_NA
139	Waveform 1	1	278.650503949	278.880372715	0.000	22050.000	
139	Spectrogram 1	1	278.650503949	278.880372715	0.000	22050.000	
140	Waveform 1	1	278.942499409	279.207573302	0.000	22050.000	
140	Spectrogram 1	1	278.942499409	279.207573302	0.000	22050.000	
141	Waveform 1	1	281.123146357	281.535253425	0.000	22050.000	SAT.U.01_perched_NA
141	Spectrogram 1	1	281.123146357	281.535253425	0.000	22050.000	SAT.U.01_perched_NA
142	Waveform 1	1	282.955883820	283.575079867	0.000	22050.000	SAT.U.01_perched_NA
142	Spectrogram 1	1	282.955883820	283.575079867	0.000	22050.000	SAT.U.01_perched_NA
143	Waveform 1	1	286.679343661	287.023111366	0.000	22050.000	SAT.U.01_perched_NA
143	Spectrogram 1	1	286.679343661	287.023111366	0.000	22050.000	SAT.U.01_perched_NA
144	Waveform 1	1	290.357243927	291.104835140	0.000	22050.000	SAT.U.01_perched_NA
144	Spectrogram 1	1	290.357243927	291.104835140	0.000	22050.000	SAT.U.01_perched_NA
145	Waveform 1	1	291.237372087	291.726102077	0.000	22050.000	SAT.U.01_perched_NA
145	Spectrogram 1	1	291.237372087	291.726102077	0.000	22050.000	SAT.U.01_perched_NA
146	Waveform 1	1	294.689545365	295.116148662	0.000	22050.000	SAT.U.01_perched_NA
146	Spectrogram 1	1	294.689545365	295.116148662	0.000	22050.000	SAT.U.01_perched_NA
147	Waveform 1	1	295.256969168	295.861668986	0.000	22050.000	SAT.U.01_perched_NA
147	Spectrogram 1	1	295.256969168	295.861668986	0.000	22050.000	SAT.U.01_perched_NA
148	Waveform 1	1	339.812983957	339.988704782	0.000	22050.000	
148	Spectrogram 1	1	339.812983957	339.988704782	0.000	22050.000	
149	Waveform 1	1	340.020920267	340.346003794	0.000	22050.000	
149	Spectrogram 1	1	340.020920267	340.346003794	0.000	22050.000	
150	Waveform 1	1	343.098963394	343.265898179	0.000	22050.000	
150	Spectrogram 1	1	343.098963394	343.265898179	0.000	22050.000	
151	Waveform 1	1	343.403546159	343.605625108	0.000	22050.000	
151	Spectrogram 1	1	343.403546159	343.605625108	0.000	22050.000	
152	Waveform 1	1	343.699342882	343.921922594	0.000	22050.000	
152	Spectrogram 1	1	343.699342882	343.921922594	0.000	22050.000	
153	Waveform 1	1	343.959995440	344.247006121	0.000	22050.000	
153	Spectrogram 1	1	343.959995440	344.247006121	0.000	22050.000	
154	Waveform 1	1	344.337795215	344.639449298	0.000	22050.000	
154	Spectrogram 1	1	344.337795215	344.639449298	0.000	22050.000	
155	Waveform 1	1	344.689236866	344.982104908	0.000	22050.000	
155	Spectrogram 1	1	344.689236866	344.982104908	0.000	22050.000	
156	Waveform 1	1	345.028963795	345.274972951	0.000	22050.000	
156	Spectrogram 1	1	345.028963795	345.274972951	0.000	22050.000	
157	Waveform 1	1	345.301331075	345.620557241	0.000	22050.000	
157	Spectrogram 1	1	345.301331075	345.620557241	0.000	22050.000	
158	Waveform 1	1	345.646915365	345.957355490	0.000	22050.000	
158	Spectrogram 1	1	345.646915365	345.957355490	0.000	22050.000	
159	Waveform 1	1	346.001285696	346.349798667	0.000	22050.000	
159	Spectrogram 1	1	346.001285696	346.349798667	0.000	22050.000	
160	Waveform 1	1	348.361802120	348.678099606	0.000	22050.000	
160	Spectrogram 1	1	348.361802120	348.678099606	0.000	22050.000	
161	Waveform 1	1	348.710315090	348.947538205	0.000	22050.000	
161	Spectrogram 1	1	348.710315090	348.947538205	0.000	22050.000	
162	Waveform 1	1	349.014897855	349.199404722	0.000	22050.000	
162	Spectrogram 1	1	349.014897855	349.199404722	0.000	22050.000	
163	Waveform 1	1	349.246263608	349.436627836	0.000	22050.000	
163	Spectrogram 1	1	349.246263608	349.436627836	0.000	22050.000	
164	Waveform 1	1	356.960407850	357.361637069	0.000	22050.000	SAT.02_perched_NA
164	Spectrogram 1	1	356.960407850	357.361637069	0.000	22050.000	SAT.02_perched_NA
165	Waveform 1	1	361.051774405	361.564293480	0.000	22050.000	
165	Spectrogram 1	1	361.051774405	361.564293480	0.000	22050.000	
166	Waveform 1	1	362.141243524	362.621547114	0.000	22050.000	
166	Spectrogram 1	1	362.141243524	362.621547114	0.000	22050.000	
167	Waveform 1	1	363.494293881	363.869164975	0.000	22050.000	SAT.02_perched_NA
167	Spectrogram 1	1	363.494293881	363.869164975	0.000	22050.000	SAT.02_perched_NA
168	Waveform 1	1	365.351077271	365.594157746	0.000	22050.000	
168	Spectrogram 1	1	365.351077271	365.594157746	0.000	22050.000	
169	Waveform 1	1	365.611729829	365.942670717	0.000	22050.000	
169	Spectrogram 1	1	365.611729829	365.942670717	0.000	22050.000	
170	Waveform 1	1	375.671747092	376.128621238	0.000	22050.000	
170	Spectrogram 1	1	375.671747092	376.128621238	0.000	22050.000	
171	Waveform 1	1	376.983795922	377.390882502	0.000	22050.000	
171	Spectrogram 1	1	376.983795922	377.390882502	0.000	22050.000	
172	Waveform 1	1	377.490457636	377.950260463	0.000	22050.000	
172	Spectrogram 1	1	377.490457636	377.950260463	0.000	22050.000	
173	Waveform 1	1	378.530139187	378.975298612	0.000	22050.000	
173	Spectrogram 1	1	378.530139187	378.975298612	0.000	22050.000	
174	Waveform 1	1	381.573038150	381.830762027	0.000	22050.000	
174	Spectrogram 1	1	381.573038150	381.830762027	0.000	22050.000	
175	Waveform 1	1	381.906907718	382.076771183	0.000	22050.000	
175	Spectrogram 1	1	381.906907718	382.076771183	0.000	22050.000	
176	Waveform 1	1	383.116452734	383.675830696	0.000	22050.000	
176	Spectrogram 1	1	383.116452734	383.675830696	0.000	22050.000	
177	Waveform 1	1	384.680368082	385.301248332	0.000	22050.000	
177	Spectrogram 1	1	384.680368082	385.301248332	0.000	22050.000	
178	Waveform 1	1	386.964738814	387.524116775	0.000	22050.000	
178	Spectrogram 1	1	386.964738814	387.524116775	0.000	22050.000	
179	Waveform 1	1	387.603191147	388.414435625	0.000	22050.000	
179	Spectrogram 1	1	387.603191147	388.414435625	0.000	22050.000	
180	Waveform 1	1	388.868381091	389.465831898	0.000	22050.000	
180	Spectrogram 1	1	388.868381091	389.465831898	0.000	22050.000	
181	Waveform 1	1	389.664982167	390.077926107	0.000	22050.000	SAT.02_perched_NA
181	Spectrogram 1	1	389.664982167	390.077926107	0.000	22050.000	SAT.02_perched_NA
182	Waveform 1	1	391.155680504	391.653556176	0.000	22050.000	
182	Spectrogram 1	1	391.155680504	391.653556176	0.000	22050.000	
183	Waveform 1	1	392.385726282	392.666879603	0.000	22050.000	
183	Spectrogram 1	1	392.385726282	392.666879603	0.000	22050.000	
184	Waveform 1	1	392.696166408	393.141325832	0.000	22050.000	
184	Spectrogram 1	1	392.696166408	393.141325832	0.000	22050.000	
185	Waveform 1	1	394.939535614	395.384695039	0.000	22050.000	
185	Spectrogram 1	1	394.939535614	395.384695039	0.000	22050.000	
186	Waveform 1	1	396.731888035	397.147760655	0.000	22050.000	SAT.02_perched_NA
186	Spectrogram 1	1	396.731888035	397.147760655	0.000	22050.000	SAT.02_perched_NA
187	Waveform 1	1	403.341919756	403.860296191	0.000	22050.000	
187	Spectrogram 1	1	403.341919756	403.860296191	0.000	22050.000	
188	Waveform 1	1	404.402102070	404.721328236	0.000	22050.000	
188	Spectrogram 1	1	404.402102070	404.721328236	0.000	22050.000	
189	Waveform 1	1	409.776230652	410.036883210	0.000	22050.000	
189	Spectrogram 1	1	409.776230652	410.036883210	0.000	22050.000	
190	Waveform 1	1	410.186245911	410.435183747	0.000	22050.000	
190	Spectrogram 1	1	410.186245911	410.435183747	0.000	22050.000	
191	Waveform 1	1	410.991633028	411.240570865	0.000	22050.000	
191	Spectrogram 1	1	410.991633028	411.240570865	0.000	22050.000	
192	Waveform 1	1	411.290358432	411.539296268	0.000	22050.000	
192	Spectrogram 1	1	411.290358432	411.539296268	0.000	22050.000	
193	Waveform 1	1	411.571511753	411.838021671	0.000	22050.000	
193	Spectrogram 1	1	411.571511753	411.838021671	0.000	22050.000	
194	Waveform 1	1	411.884880558	412.125032353	0.000	22050.000	
194	Spectrogram 1	1	411.884880558	412.125032353	0.000	22050.000	
195	Waveform 1	1	413.970101022	414.230753579	0.000	22050.000	
195	Spectrogram 1	1	413.970101022	414.230753579	0.000	22050.000	
196	Waveform 1	1	414.309827951	414.552908426	0.000	22050.000	
196	Spectrogram 1	1	414.309827951	414.552908426	0.000	22050.000	
197	Waveform 1	1	414.614410715	414.918993480	0.000	22050.000	
197	Spectrogram 1	1	414.614410715	414.918993480	0.000	22050.000	
198	Waveform 1	1	414.948280284	415.176717357	0.000	22050.000	
198	Spectrogram 1	1	414.948280284	415.176717357	0.000	22050.000	
199	Waveform 1	1	415.247005687	415.516444286	0.000	22050.000	
199	Spectrogram 1	1	415.247005687	415.516444286	0.000	22050.000	
200	Waveform 1	1	415.569160534	415.768310803	0.000	22050.000	
200	Spectrogram 1	1	415.569160534	415.768310803	0.000	22050.000	
201	Waveform 1	1	415.867885938	416.172468702	0.000	22050.000	
201	Spectrogram 1	1	415.867885938	416.172468702	0.000	22050.000	
202	Waveform 1	1	416.778705550	417.115503799	0.000	22050.000	
202	Spectrogram 1	1	416.778705550	417.115503799	0.000	22050.000	
203	Waveform 1	1	417.133075882	417.399585800	0.000	22050.000	
203	Spectrogram 1	1	417.133075882	417.399585800	0.000	22050.000	
204	Waveform 1	1	417.464016770	417.660238358	0.000	22050.000	
204	Spectrogram 1	1	417.464016770	417.660238358	0.000	22050.000	
205	Waveform 1	1	417.742241410	417.994107927	0.000	22050.000	
205	Spectrogram 1	1	417.742241410	417.994107927	0.000	22050.000	
206	Waveform 1	1	418.105397783	418.272332567	0.000	22050.000	
206	Spectrogram 1	1	418.105397783	418.272332567	0.000	22050.000	
207	Waveform 1	1	418.284047289	418.527127764	0.000	22050.000	
207	Spectrogram 1	1	418.284047289	418.527127764	0.000	22050.000	
208	Waveform 1	1	418.600344775	418.802423724	0.000	22050.000	
208	Spectrogram 1	1	418.600344775	418.802423724	0.000	22050.000	
209	Waveform 1	1	418.811209766	419.121649891	0.000	22050.000	
209	Spectrogram 1	1	418.811209766	419.121649891	0.000	22050.000	
210	Waveform 1	1	419.168508778	419.423303975	0.000	22050.000	
210	Spectrogram 1	1	419.168508778	419.423303975	0.000	22050.000	
211	Waveform 1	1	419.464305501	419.874320760	0.000	22050.000	
211	Spectrogram 1	1	419.464305501	419.874320760	0.000	22050.000	
212	Waveform 1	1	421.883951611	422.214818355	0.000	22050.000	
212	Spectrogram 1	1	421.883951611	422.214818355	0.000	22050.000	
213	Waveform 1	1	422.220490357	422.602405113	0.000	22050.000	
213	Spectrogram 1	1	422.220490357	422.602405113	0.000	22050.000	
214	Waveform 1	1	422.791471824	423.160151911	0.000	22050.000	
214	Spectrogram 1	1	422.791471824	423.160151911	0.000	22050.000	
215	Waveform 1	1	423.188511917	423.441861310	0.000	22050.000	
215	Spectrogram 1	1	423.188511917	423.441861310	0.000	22050.000	
216	Waveform 1	1	423.549629335	423.789744058	0.000	22050.000	
216	Spectrogram 1	1	423.549629335	423.789744058	0.000	22050.000	
217	Waveform 1	1	423.897512084	424.107376133	0.000	22050.000	
217	Spectrogram 1	1	423.897512084	424.107376133	0.000	22050.000	
218	Waveform 1	1	424.719952277	425.109429701	0.000	22050.000	
218	Spectrogram 1	1	424.719952277	425.109429701	0.000	22050.000	
219	Waveform 1	1	425.171821716	425.353325759	0.000	22050.000	
219	Spectrogram 1	1	425.171821716	425.353325759	0.000	22050.000	
220	Waveform 1	1	425.824101869	426.285424644	0.000	22050.000	
220	Spectrogram 1	1	425.824101869	426.285424644	0.000	22050.000	
221	Waveform 1	1	426.315675318	426.461256685	0.000	22050.000	
221	Spectrogram 1	1	426.315675318	426.461256685	0.000	22050.000	
222	Waveform 1	1	426.546336705	426.674902069	0.000	22050.000	
222	Spectrogram 1	1	426.546336705	426.674902069	0.000	22050.000	
223	Waveform 1	1	426.761872756	426.992534143	0.000	22050.000	
223	Spectrogram 1	1	426.761872756	426.992534143	0.000	22050.000	
224	Waveform 1	1	427.096520834	427.446294250	0.000	22050.000	
224	Spectrogram 1	1	427.096520834	427.446294250	0.000	22050.000	
225	Waveform 1	1	427.792286331	427.971899707	0.000	22050.000	
225	Spectrogram 1	1	427.792286331	427.971899707	0.000	22050.000	
226	Waveform 1	1	428.032401054	428.191217091	0.000	22050.000	
226	Spectrogram 1	1	428.032401054	428.191217091	0.000	22050.000	
227	Waveform 1	1	428.316001121	428.540990507	0.000	22050.000	
227	Spectrogram 1	1	428.316001121	428.540990507	0.000	22050.000	
228	Waveform 1	1	432.725036822	433.303580958	0.000	22050.000	
228	Spectrogram 1	1	432.725036822	433.303580958	0.000	22050.000	
229	Waveform 1	1	433.517226341	433.728981058	0.000	22050.000	
229	Spectrogram 1	1	433.517226341	433.728981058	0.000	22050.000	
230	Waveform 1	1	433.776247736	433.976658449	0.000	22050.000	
230	Spectrogram 1	1	433.776247736	433.976658449	0.000	22050.000	
231	Waveform 1	1	434.050394467	434.228117175	0.000	22050.000	
231	Spectrogram 1	1	434.050394467	434.228117175	0.000	22050.000	
232	Waveform 1	1	434.313197195	434.560874586	0.000	22050.000	
232	Spectrogram 1	1	434.313197195	434.560874586	0.000	22050.000	
233	Waveform 1	1	434.581671925	434.732925293	0.000	22050.000	
233	Spectrogram 1	1	434.581671925	434.732925293	0.000	22050.000	
234	Waveform 1	1	434.763175967	435.052448035	0.000	22050.000	
234	Spectrogram 1	1	434.763175967	435.052448035	0.000	22050.000	
235	Waveform 1	1	435.103496047	435.264202751	0.000	22050.000	
235	Spectrogram 1	1	435.103496047	435.264202751	0.000	22050.000	
236	Waveform 1	1	460.047067235	460.366589976	0.000	22050.000	
236	Spectrogram 1	1	460.047067235	460.366589976	0.000	22050.000	
237	Waveform 1	1	462.474772742	462.790281976	0.000	22050.000	
237	Spectrogram 1	1	462.474772742	462.790281976	0.000	22050.000	
238	Waveform 1	1	465.806336350	466.089759900	0.000	22050.000	
238	Spectrogram 1	1	465.806336350	466.089759900	0.000	22050.000	
239	Waveform 1	1	466.234145481	466.651259384	0.000	22050.000	
239	Spectrogram 1	1	466.234145481	466.651259384	0.000	22050.000	
240	Waveform 1	1	466.715430754	467.127197043	0.000	22050.000	
240	Spectrogram 1	1	466.715430754	467.127197043	0.000	22050.000	
241	Waveform 1	1	467.169977956	467.565701402	0.000	22050.000	
241	Spectrogram 1	1	467.169977956	467.565701402	0.000	22050.000	
242	Waveform 1	1	474.325085674	474.827761403	0.000	22050.000	
242	Spectrogram 1	1	474.325085674	474.827761403	0.000	22050.000	
243	Waveform 1	1	474.843804245	474.961451756	0.000	22050.000	
243	Spectrogram 1	1	474.843804245	474.961451756	0.000	22050.000	
244	Waveform 1	1	474.977494599	475.394608501	0.000	22050.000	
244	Spectrogram 1	1	474.977494599	475.394608501	0.000	22050.000	
245	Waveform 1	1	475.881241388	476.276964834	0.000	22050.000	
245	Spectrogram 1	1	475.881241388	476.276964834	0.000	22050.000	
246	Waveform 1	1	483.544372449	484.031005336	0.000	22050.000	
246	Spectrogram 1	1	483.544372449	484.031005336	0.000	22050.000	
247	Waveform 1	1	485.442775469	485.913365513	0.000	22050.000	
247	Spectrogram 1	1	485.442775469	485.913365513	0.000	22050.000	
248	Waveform 1	1	495.731585072	496.079179991	0.000	22050.000	
248	Spectrogram 1	1	495.731585072	496.079179991	0.000	22050.000	
249	Waveform 1	1	496.143351361	496.389341611	0.000	22050.000	
249	Spectrogram 1	1	496.143351361	496.389341611	0.000	22050.000	
250	Waveform 1	1	497.924106869	498.362611228	0.000	22050.000	
250	Spectrogram 1	1	497.924106869	498.362611228	0.000	22050.000	
251	Waveform 1	1	499.084539137	499.319834159	0.000	22050.000	
251	Spectrogram 1	1	499.084539137	499.319834159	0.000	22050.000	
252	Waveform 1	1	499.378657915	499.790424203	0.000	22050.000	
252	Spectrogram 1	1	499.378657915	499.790424203	0.000	22050.000	
253	Waveform 1	1	499.859943187	500.212885720	0.000	22050.000	
253	Spectrogram 1	1	499.859943187	500.212885720	0.000	22050.000	
254	Waveform 1	1	504.319853379	504.592581700	0.000	22050.000	
254	Spectrogram 1	1	504.319853379	504.592581700	0.000	22050.000	
255	Waveform 1	1	508.586994948	508.867620022	0.000	22050.000	
255	Spectrogram 1	1	508.586994948	508.867620022	0.000	22050.000	
256	Waveform 1	1	508.904284604	509.241316727	0.000	22050.000	
256	Spectrogram 1	1	508.904284604	509.241316727	0.000	22050.000	
257	Waveform 1	1	509.344259593	509.653088192	0.000	22050.000	
257	Spectrogram 1	1	509.344259593	509.653088192	0.000	22050.000	
258	Waveform 1	1	509.672830659	509.968967671	0.000	22050.000	
258	Spectrogram 1	1	509.672830659	509.968967671	0.000	22050.000	
259	Waveform 1	1	509.994350844	510.380739136	0.000	22050.000	
259	Spectrogram 1	1	509.994350844	510.380739136	0.000	22050.000	
260	Waveform 1	1	510.668415090	510.999806508	0.000	22050.000	
260	Spectrogram 1	1	510.668415090	510.999806508	0.000	22050.000	
261	Waveform 1	1	526.398931135	526.843136653	0.000	22050.000	
261	Spectrogram 1	1	526.398931135	526.843136653	0.000	22050.000	
262	Waveform 1	1	530.224739296	530.653432875	0.000	22050.000	
262	Spectrogram 1	1	530.224739296	530.653432875	0.000	22050.000	
263	Waveform 1	1	590.183971213	590.394319528	0.000	22050.000	
263	Spectrogram 1	1	590.183971213	590.394319528	0.000	22050.000	
264	Waveform 1	1	592.026125501	592.315729292	0.000	22050.000	
264	Spectrogram 1	1	592.026125501	592.315729292	0.000	22050.000	
265	Waveform 1	1	597.127607656	597.362375226	0.000	22050.000	
265	Spectrogram 1	1	597.127607656	597.362375226	0.000	22050.000	
266	Waveform 1	1	597.439488661	597.631415434	0.000	22050.000	
266	Spectrogram 1	1	597.439488661	597.631415434	0.000	22050.000	
267	Waveform 1	1	597.710242501	598.001559923	0.000	22050.000	
267	Spectrogram 1	1	597.710242501	598.001559923	0.000	22050.000	
268	Waveform 1	1	598.063250672	598.279168290	0.000	22050.000	
268	Spectrogram 1	1	598.063250672	598.279168290	0.000	22050.000	
269	Waveform 1	1	598.352854462	598.642458252	0.000	22050.000	
269	Spectrogram 1	1	598.352854462	598.642458252	0.000	22050.000	
270	Waveform 1	1	598.673303627	598.890934877	0.000	22050.000	
270	Spectrogram 1	1	598.673303627	598.890934877	0.000	22050.000	
271	Waveform 1	1	598.950911994	599.183965932	0.000	22050.000	
271	Spectrogram 1	1	598.950911994	599.183965932	0.000	22050.000	
272	Waveform 1	1	599.799159782	600.023645561	0.000	22050.000	
272	Spectrogram 1	1	599.799159782	600.023645561	0.000	22050.000	
273	Waveform 1	1	600.075054518	600.272122186	0.000	22050.000	
273	Spectrogram 1	1	600.075054518	600.272122186	0.000	22050.000	
274	Waveform 1	1	600.328672038	600.595998614	0.000	22050.000	
274	Spectrogram 1	1	600.328672038	600.595998614	0.000	22050.000	
275	Waveform 1	1	600.623416724	600.806775337	0.000	22050.000	
275	Spectrogram 1	1	600.623416724	600.806775337	0.000	22050.000	
276	Waveform 1	1	600.871893349	601.115229079	0.000	22050.000	
276	Spectrogram 1	1	600.871893349	601.115229079	0.000	22050.000	
277	Waveform 1	1	601.200910673	601.440819139	0.000	22050.000	
277	Spectrogram 1	1	601.200910673	601.440819139	0.000	22050.000	
278	Waveform 1	1	601.516218942	601.740704721	0.000	22050.000	
278	Spectrogram 1	1	601.516218942	601.740704721	0.000	22050.000	
279	Waveform 1	1	601.862372585	602.069722045	0.000	22050.000	
279	Spectrogram 1	1	601.862372585	602.069722045	0.000	22050.000	
280	Waveform 1	1	602.126271897	602.385030314	0.000	22050.000	
280	Spectrogram 1	1	602.126271897	602.385030314	0.000	22050.000	
281	Waveform 1	1	602.443293798	602.703765846	0.000	22050.000	
281	Spectrogram 1	1	602.443293798	602.703765846	0.000	22050.000	
282	Waveform 1	1	602.774024754	603.036210434	0.000	22050.000	
282	Spectrogram 1	1	602.774024754	603.036210434	0.000	22050.000	
283	Waveform 1	1	603.075623968	603.296682482	0.000	22050.000	
283	Spectrogram 1	1	603.075623968	603.296682482	0.000	22050.000	
284	Waveform 1	1	603.404641292	603.663399708	0.000	22050.000	
284	Spectrogram 1	1	603.404641292	603.663399708	0.000	22050.000	
285	Waveform 1	1	603.742226775	603.925585388	0.000	22050.000	
285	Spectrogram 1	1	603.742226775	603.925585388	0.000	22050.000	
286	Waveform 1	1	604.060962308	604.275166295	0.000	22050.000	
286	Spectrogram 1	1	604.060962308	604.275166295	0.000	22050.000	
287	Waveform 1	1	604.350566099	604.640169889	0.000	22050.000	
287	Spectrogram 1	1	604.350566099	604.640169889	0.000	22050.000	
288	Waveform 1	1	604.701860637	604.989750796	0.000	22050.000	
288	Spectrogram 1	1	604.701860637	604.989750796	0.000	22050.000	
289	Waveform 1	1	605.049727912	605.365036181	0.000	22050.000	
289	Spectrogram 1	1	605.049727912	605.365036181	0.000	22050.000	
290	Waveform 1	1	605.416445138	605.690626241	0.000	22050.000	
290	Spectrogram 1	1	605.416445138	605.690626241	0.000	22050.000	
291	Waveform 1	1	605.759171517	606.005934510	0.000	22050.000	
291	Spectrogram 1	1	605.759171517	606.005934510	0.000	22050.000	
292	Waveform 1	1	606.088188841	606.346947258	0.000	22050.000	
292	Spectrogram 1	1	606.088188841	606.346947258	0.000	22050.000	
293	Waveform 1	1	606.401783478	606.626269257	0.000	22050.000	
293	Spectrogram 1	1	606.401783478	606.626269257	0.000	22050.000	
294	Waveform 1	1	607.803534369	608.052010994	0.000	22050.000	
294	Spectrogram 1	1	607.803534369	608.052010994	0.000	22050.000	
295	Waveform 1	1	608.149688012	608.394737373	0.000	22050.000	
295	Spectrogram 1	1	608.149688012	608.394737373	0.000	22050.000	
296	Waveform 1	1	608.446146330	608.644927630	0.000	22050.000	
296	Spectrogram 1	1	608.446146330	608.644927630	0.000	22050.000	
297	Waveform 1	1	612.536585667	612.773066868	0.000	22050.000	
297	Spectrogram 1	1	612.536585667	612.773066868	0.000	22050.000	
298	Waveform 1	1	612.793630451	612.970134536	0.000	22050.000	
298	Spectrogram 1	1	612.793630451	612.970134536	0.000	22050.000	
299	Waveform 1	1	613.048961603	613.230606584	0.000	22050.000	
299	Spectrogram 1	1	613.048961603	613.230606584	0.000	22050.000	
300	Waveform 1	1	617.459850104	617.727176680	0.000	22050.000	
300	Spectrogram 1	1	617.459850104	617.727176680	0.000	22050.000	
301	Waveform 1	1	617.811144643	618.049339476	0.000	22050.000	
301	Spectrogram 1	1	617.811144643	618.049339476	0.000	22050.000	
302	Waveform 1	1	629.421500549	629.745376977	0.000	22050.000	
302	Spectrogram 1	1	629.421500549	629.745376977	0.000	22050.000	
303	Waveform 1	1	630.062398878	630.410266153	0.000	22050.000	
303	Spectrogram 1	1	630.062398878	630.410266153	0.000	22050.000	
