Selection	View	Channel	Begin Time (s)	End Time (s)	Low Freq (Hz)	High Freq (Hz)	Annotation
1	Waveform 1	1	11.165451292	11.517581162	0.0	22050.0	SAT.01_perched_NA
1	Spectrogram 1	1	11.165451292	11.517581162	0.0	22050.0	SAT.01_perched_NA
2	Waveform 1	1	14.901940467	15.254070337	0.0	22050.0	SAT.01_perched_NA
2	Spectrogram 1	1	14.901940467	15.254070337	0.0	22050.0	SAT.01_perched_NA
3	Waveform 1	1	33.012175304	33.735997814	0.0	22050.0	SAT.01_perched_NA
3	Spectrogram 1	1	33.012175304	33.735997814	0.0	22050.0	SAT.01_perched_NA
4	Waveform 1	1	36.328064912	36.724211016	0.0	22050.0	SAT.01_perched_NA
4	Spectrogram 1	1	36.328064912	36.724211016	0.0	22050.0	SAT.01_perched_NA
5	Waveform 1	1	36.753555172	37.130138505	0.0	22050.0	SAT.01_perched_NA
5	Spectrogram 1	1	36.753555172	37.130138505	0.0	22050.0	SAT.01_perched_NA
6	Waveform 1	1	37.149701276	37.653442617	0.0	22050.0	SAT.01_perched_NA
6	Spectrogram 1	1	37.149701276	37.653442617	0.0	22050.0	SAT.01_perched_NA
7	Waveform 1	1	37.746365777	38.343030279	0.0	22050.0	SAT.01_perched_NA
7	Spectrogram 1	1	37.746365777	38.343030279	0.0	22050.0	SAT.01_perched_NA
8	Waveform 1	1	38.435953439	39.057071404	0.0	22050.0	SAT.01_perched_NA
8	Spectrogram 1	1	38.435953439	39.057071404	0.0	22050.0	SAT.01_perched_NA
9	Waveform 1	1	51.494102782	51.958718582	0.0	22050.0	SAT.01_perched_NA
9	Spectrogram 1	1	51.494102782	51.958718582	0.0	22050.0	SAT.01_perched_NA
10	Waveform 1	1	51.978281353	52.447787846	0.0	22050.0	SAT.01_perched_NA
10	Spectrogram 1	1	51.978281353	52.447787846	0.0	22050.0	SAT.01_perched_NA
11	Waveform 1	1	59.015988058	59.544182863	0.0	22050.0	SAT.01_perched_NA
11	Spectrogram 1	1	59.015988058	59.544182863	0.0	22050.0	SAT.01_perched_NA
12	Waveform 1	1	59.661559487	60.223989140	0.0	22050.0	SAT.01_perched_NA
12	Spectrogram 1	1	59.661559487	60.223989140	0.0	22050.0	SAT.01_perched_NA
13	Waveform 1	1	64.801677449	65.344544332	0.0	22050.0	SAT.01_perched_NA
13	Spectrogram 1	1	64.801677449	65.344544332	0.0	22050.0	SAT.01_perched_NA
14	Waveform 1	1	66.806861430	67.315493464	0.0	22050.0	SAT.01_perched_NA
14	Spectrogram 1	1	66.806861430	67.315493464	0.0	22050.0	SAT.01_perched_NA
15	Waveform 1	1	87.401568127	88.125390638	0.0	22050.0	SAT.01_perched_NA
15	Spectrogram 1	1	87.401568127	88.125390638	0.0	22050.0	SAT.01_perched_NA
16	Waveform 1	1	88.154734793	88.629131979	0.0	22050.0	SAT.01_perched_NA
16	Spectrogram 1	1	88.154734793	88.629131979	0.0	22050.0	SAT.01_perched_NA
17	Waveform 1	1	91.984147129	92.659062713	0.0	22050.0	SAT.01_perched_NA
17	Spectrogram 1	1	91.984147129	92.659062713	0.0	22050.0	SAT.01_perched_NA
18	Waveform 1	1	92.717751024	93.280180678	0.0	22050.0	SAT.01_perched_NA
18	Spectrogram 1	1	92.717751024	93.280180678	0.0	22050.0	SAT.01_perched_NA
19	Waveform 1	1	133.134434982	133.545253163	0.0	22050.0	
19	Spectrogram 1	1	133.134434982	133.545253163	0.0	22050.0	
20	Waveform 1	1	146.852827830	147.307662246	0.0	22050.0	
20	Spectrogram 1	1	146.852827830	147.307662246	0.0	22050.0	
21	Waveform 1	1	164.752762884	165.207597300	0.0	22050.0	
21	Spectrogram 1	1	164.752762884	165.207597300	0.0	22050.0	
22	Waveform 1	1	165.236941455	165.794480416	0.0	22050.0	
22	Spectrogram 1	1	165.236941455	165.794480416	0.0	22050.0	
23	Waveform 1	1	174.803136255	175.336221752	0.0	22050.0	
23	Spectrogram 1	1	174.803136255	175.336221752	0.0	22050.0	
24	Waveform 1	1	175.380237986	175.844853786	0.0	22050.0	
24	Spectrogram 1	1	175.380237986	175.844853786	0.0	22050.0	
25	Waveform 1	1	175.888870020	176.377939284	0.0	22050.0	
25	Spectrogram 1	1	175.888870020	176.377939284	0.0	22050.0	
26	Waveform 1	1	176.417064825	176.989275864	0.0	22050.0	
26	Spectrogram 1	1	176.417064825	176.989275864	0.0	22050.0	
27	Waveform 1	1	178.265746642	178.818394910	0.0	22050.0	
27	Spectrogram 1	1	178.265746642	178.818394910	0.0	22050.0	
28	Waveform 1	1	178.901536685	179.512873265	0.0	22050.0	
28	Spectrogram 1	1	178.901536685	179.512873265	0.0	22050.0	
29	Waveform 1	1	181.092566987	181.635433869	0.0	22050.0	
29	Spectrogram 1	1	181.092566987	181.635433869	0.0	22050.0	
30	Waveform 1	1	182.325021531	182.990155730	0.0	22050.0	
30	Spectrogram 1	1	182.325021531	182.990155730	0.0	22050.0	
31	Waveform 1	1	183.127095124	183.723759626	0.0	22050.0	
31	Spectrogram 1	1	183.127095124	183.723759626	0.0	22050.0	
32	Waveform 1	1	183.782447937	184.393784517	0.0	22050.0	
32	Spectrogram 1	1	183.782447937	184.393784517	0.0	22050.0	
33	Waveform 1	1	185.254546421	186.041947936	0.0	22050.0	
33	Spectrogram 1	1	185.254546421	186.041947936	0.0	22050.0	
34	Waveform 1	1	186.110417633	186.834240143	0.0	22050.0	
34	Spectrogram 1	1	186.110417633	186.834240143	0.0	22050.0	
35	Waveform 1	1	190.776138409	191.377693604	0.0	22050.0	
35	Spectrogram 1	1	190.776138409	191.377693604	0.0	22050.0	
36	Waveform 1	1	191.856981482	192.536787759	0.0	22050.0	
36	Spectrogram 1	1	191.856981482	192.536787759	0.0	22050.0	
37	Waveform 1	1	192.884026936	193.578505290	0.0	22050.0	
37	Spectrogram 1	1	192.884026936	193.578505290	0.0	22050.0	
38	Waveform 1	1	193.661647065	194.361016112	0.0	22050.0	
38	Spectrogram 1	1	193.661647065	194.361016112	0.0	22050.0	
39	Waveform 1	1	196.943301825	197.447043167	0.0	22050.0	
39	Spectrogram 1	1	196.943301825	197.447043167	0.0	22050.0	
40	Waveform 1	1	197.530184942	198.117068058	0.0	22050.0	
40	Spectrogram 1	1	197.530184942	198.117068058	0.0	22050.0	
41	Waveform 1	1	198.214881911	198.840890569	0.0	22050.0	
41	Spectrogram 1	1	198.214881911	198.840890569	0.0	22050.0	
42	Waveform 1	1	199.540259616	200.210284507	0.0	22050.0	
42	Spectrogram 1	1	199.540259616	200.210284507	0.0	22050.0	
43	Waveform 1	1	200.278754204	200.831402472	0.0	22050.0	
43	Spectrogram 1	1	200.278754204	200.831402472	0.0	22050.0	
44	Waveform 1	1	205.325949006	206.020427361	0.0	22050.0	
44	Spectrogram 1	1	205.325949006	206.020427361	0.0	22050.0	
45	Waveform 1	1	209.355879739	209.996560475	0.0	22050.0	
45	Spectrogram 1	1	209.355879739	209.996560475	0.0	22050.0	
46	Waveform 1	1	210.084592942	210.617678440	0.0	22050.0	
46	Spectrogram 1	1	210.084592942	210.617678440	0.0	22050.0	
47	Waveform 1	1	212.769583201	213.263543157	0.0	22050.0	
47	Spectrogram 1	1	212.769583201	213.263543157	0.0	22050.0	
48	Waveform 1	1	218.721556141	219.332892720	0.0	22050.0	
48	Spectrogram 1	1	218.721556141	219.332892720	0.0	22050.0	
49	Waveform 1	1	219.455160036	220.125184928	0.0	22050.0	
49	Spectrogram 1	1	219.455160036	220.125184928	0.0	22050.0	
50	Waveform 1	1	220.222998780	220.785428434	0.0	22050.0	
50	Spectrogram 1	1	220.222998780	220.785428434	0.0	22050.0	
51	Waveform 1	1	236.191110242	236.631272580	0.0	22050.0	
51	Spectrogram 1	1	236.191110242	236.631272580	0.0	22050.0	
52	Waveform 1	1	240.088992274	240.524263919	0.0	22050.0	
52	Spectrogram 1	1	240.088992274	240.524263919	0.0	22050.0	
53	Waveform 1	1	366.312878559	366.655227044	0.0	22050.0	
53	Spectrogram 1	1	366.312878559	366.655227044	0.0	22050.0	
54	Waveform 1	1	387.915067940	388.350339585	0.0	22050.0	
54	Spectrogram 1	1	387.915067940	388.350339585	0.0	22050.0	
55	Waveform 1	1	398.244210790	398.674591743	0.0	22050.0	
55	Spectrogram 1	1	398.244210790	398.674591743	0.0	22050.0	
56	Waveform 1	1	447.405453184	447.733129591	0.0	22050.0	
56	Spectrogram 1	1	447.405453184	447.733129591	0.0	22050.0	
57	Waveform 1	1	452.080955346	452.526008376	0.0	22050.0	
57	Spectrogram 1	1	452.080955346	452.526008376	0.0	22050.0	
58	Waveform 1	1	521.607041882	522.154799458	0.0	22050.0	SAT.NA_landing_NA
58	Spectrogram 1	1	521.607041882	522.154799458	0.0	22050.0	SAT.NA_landing_NA
