Selection	View	Channel	Begin Time (s)	End Time (s)	Low Freq (Hz)	High Freq (Hz)	Annotation
1	Waveform 1	1	1.071727092	1.474523852	0.000	22050.000	
1	Spectrogram 1	1	1.071727092	1.474523852	0.000	22050.000	
2	Waveform 1	1	1.805392619	2.241755775	0.000	22050.000	
2	Spectrogram 1	1	1.805392619	2.241755775	0.000	22050.000	
3	Waveform 1	1	33.796566205	34.774786907	0.000	22050.000	
3	Spectrogram 1	1	33.796566205	34.774786907	0.000	22050.000	
4	Waveform 1	1	39.857698396	40.529026328	0.000	22050.000	SAT.NA_return.home_NA
4	Spectrogram 1	1	39.857698396	40.529026328	0.000	22050.000	SAT.NA_return.home_NA
5	Waveform 1	1	59.661340279	60.217583423	0.000	22050.000	SAT.NA_take.off_02
5	Spectrogram 1	1	59.661340279	60.217583423	0.000	22050.000	SAT.NA_take.off_02
7	Waveform 1	1	128.422154832	128.805770794	0.000	22050.000	SAT.NA_landed.U.return.home_01
7	Spectrogram 1	1	128.422154832	128.805770794	0.000	22050.000	SAT.NA_landed.U.return.home_01
8	Waveform 1	1	128.940036380	129.419556332	0.000	22050.000	SAT.NA_landed.U.return.home_01
8	Spectrogram 1	1	128.940036380	129.419556332	0.000	22050.000	SAT.NA_landed.U.return.home_01
9	Waveform 1	1	132.066506466	132.757015197	0.000	22050.000	
9	Spectrogram 1	1	132.066506466	132.757015197	0.000	22050.000	
14	Waveform 1	1	188.832078363	189.522587094	0.000	22050.000	
14	Spectrogram 1	1	188.832078363	189.522587094	0.000	22050.000	
15	Waveform 1	1	194.605498583	195.315188112	0.000	22050.000	
15	Spectrogram 1	1	194.605498583	195.315188112	0.000	22050.000	
16	Waveform 1	1	202.220275418	203.025868938	0.000	22050.000	
16	Spectrogram 1	1	202.220275418	203.025868938	0.000	22050.000	
17	Waveform 1	1	207.207282917	207.897791648	0.000	22050.000	
17	Spectrogram 1	1	207.207282917	207.897791648	0.000	22050.000	
18	Waveform 1	1	208.454034792	209.451436292	0.000	22050.000	
18	Spectrogram 1	1	208.454034792	209.451436292	0.000	22050.000	
19	Waveform 1	1	212.040844032	212.673810368	0.000	22050.000	
19	Spectrogram 1	1	212.040844032	212.673810368	0.000	22050.000	
20	Waveform 1	1	217.334744300	217.756721858	0.000	22050.000	
20	Spectrogram 1	1	217.334744300	217.756721858	0.000	22050.000	
21	Waveform 1	1	217.910168242	218.581496175	0.000	22050.000	
21	Spectrogram 1	1	217.910168242	218.581496175	0.000	22050.000	
22	Waveform 1	1	225.900530970	226.334542886	0.000	22050.000	
22	Spectrogram 1	1	225.900530970	226.334542886	0.000	22050.000	
23	Waveform 1	1	227.033030814	227.555201401	0.000	22050.000	
23	Spectrogram 1	1	227.033030814	227.555201401	0.000	22050.000	
24	Waveform 1	1	260.785862623	261.332515368	0.000	22050.000	SAT.NA_flight_NA
24	Spectrogram 1	1	260.785862623	261.332515368	0.000	22050.000	SAT.NA_flight_NA
26	Waveform 1	1	273.479389383	273.825242629	0.000	22050.000	
26	Spectrogram 1	1	273.479389383	273.825242629	0.000	22050.000	
27	Waveform 1	1	278.504433602	278.904538338	0.000	22050.000	SAT.NA_U.return.nest_01
27	Spectrogram 1	1	278.504433602	278.904538338	0.000	22050.000	SAT.NA_U.return.nest_01
28	Waveform 1	1	280.612583218	280.895499990	0.000	22050.000	SAT.NA_U.return.nest_01
28	Spectrogram 1	1	280.612583218	280.895499990	0.000	22050.000	SAT.NA_U.return.nest_01
29	Waveform 1	1	280.907487988	281.190404760	0.000	22050.000	SAT.NA_U.return.nest_01
29	Spectrogram 1	1	280.907487988	281.190404760	0.000	22050.000	SAT.NA_U.return.nest_01
30	Waveform 1	1	281.449345534	281.693900709	0.000	22050.000	SAT.NA_U.return.nest_01
30	Spectrogram 1	1	281.449345534	281.693900709	0.000	22050.000	SAT.NA_U.return.nest_01
31	Waveform 1	1	281.835359095	282.089504670	0.000	22050.000	SAT.NA_U.return.nest_01
31	Spectrogram 1	1	281.835359095	282.089504670	0.000	22050.000	SAT.NA_U.return.nest_01
32	Waveform 1	1	283.571221321	283.796595698	0.000	22050.000	
32	Spectrogram 1	1	283.571221321	283.796595698	0.000	22050.000	
33	Waveform 1	1	283.969222881	284.338453244	0.000	22050.000	
33	Spectrogram 1	1	283.969222881	284.338453244	0.000	22050.000	
36	Waveform 1	1	291.912470883	292.305677243	0.000	22050.000	
36	Spectrogram 1	1	291.912470883	292.305677243	0.000	22050.000	
37	Waveform 1	1	320.271280834	320.525426408	0.000	22050.000	SAT.NA_nest_NA
37	Spectrogram 1	1	320.271280834	320.525426408	0.000	22050.000	SAT.NA_nest_NA
38	Waveform 1	1	320.626125598	320.935415967	0.000	22050.000	SAT.NA_nest_NA
38	Spectrogram 1	1	320.626125598	320.935415967	0.000	22050.000	SAT.NA_nest_NA
39	Waveform 1	1	321.024127158	321.295055931	0.000	22050.000	SAT.NA_nest_NA
39	Spectrogram 1	1	321.024127158	321.295055931	0.000	22050.000	SAT.NA_nest_NA
40	Waveform 1	1	321.287863132	321.673876693	0.000	22050.000	SAT.NA_nest_NA
40	Spectrogram 1	1	321.287863132	321.673876693	0.000	22050.000	SAT.NA_nest_NA
41	Waveform 1	1	321.695455091	321.947203066	0.000	22050.000	SAT.NA_nest_NA
41	Spectrogram 1	1	321.695455091	321.947203066	0.000	22050.000	SAT.NA_nest_NA
42	Waveform 1	1	322.738410986	323.011737359	0.000	22050.000	SAT.NA_nest_NA
42	Spectrogram 1	1	322.738410986	323.011737359	0.000	22050.000	SAT.NA_nest_NA
43	Waveform 1	1	323.081267752	323.354594124	0.000	22050.000	SAT.NA_nest_NA
43	Spectrogram 1	1	323.081267752	323.354594124	0.000	22050.000	SAT.NA_nest_NA
44	Waveform 1	1	323.388160521	323.757390884	0.000	22050.000	SAT.NA_nest_NA
44	Spectrogram 1	1	323.388160521	323.757390884	0.000	22050.000	SAT.NA_nest_NA
45	Waveform 1	1	323.819728477	324.174573242	0.000	22050.000	SAT.NA_nest_NA
45	Spectrogram 1	1	323.819728477	324.174573242	0.000	22050.000	SAT.NA_nest_NA
46	Waveform 1	1	324.246501235	324.505442009	0.000	22050.000	SAT.NA_nest_NA
46	Spectrogram 1	1	324.246501235	324.505442009	0.000	22050.000	SAT.NA_nest_NA
47	Waveform 1	1	324.773973182	325.140805945	0.000	22050.000	SAT.NA_nest_NA
47	Spectrogram 1	1	324.773973182	325.140805945	0.000	22050.000	SAT.NA_nest_NA
48	Waveform 1	1	326.756788182	327.149994543	0.000	22050.000	SAT.NA_nest_NA
48	Spectrogram 1	1	326.756788182	327.149994543	0.000	22050.000	SAT.NA_nest_NA
49	Waveform 1	1	327.346597723	327.655888092	0.000	22050.000	SAT.NA_nest_NA
49	Spectrogram 1	1	327.346597723	327.655888092	0.000	22050.000	SAT.NA_nest_NA
51	Waveform 1	1	328.487804693	328.782797168	0.000	22050.000	
51	Spectrogram 1	1	328.487804693	328.782797168	0.000	22050.000	
52	Waveform 1	1	329.135431850	329.498238686	0.000	22050.000	
52	Spectrogram 1	1	329.135431850	329.498238686	0.000	22050.000	
53	Waveform 1	1	329.871217677	330.166210151	0.000	22050.000	
53	Spectrogram 1	1	329.871217677	330.166210151	0.000	22050.000	
54	Waveform 1	1	330.684990020	330.905386696	0.000	22050.000	
54	Spectrogram 1	1	330.684990020	330.905386696	0.000	22050.000	
55	Waveform 1	1	330.973201058	331.271584251	0.000	22050.000	
55	Spectrogram 1	1	330.973201058	331.271584251	0.000	22050.000	
56	Waveform 1	1	331.315663586	331.559795289	0.000	22050.000	
56	Spectrogram 1	1	331.315663586	331.559795289	0.000	22050.000	
57	Waveform 1	1	332.295581116	332.566838563	0.000	22050.000	
57	Spectrogram 1	1	332.295581116	332.566838563	0.000	22050.000	
58	Waveform 1	1	332.600745744	332.868612474	0.000	22050.000	
58	Spectrogram 1	1	332.600745744	332.868612474	0.000	22050.000	
59	Waveform 1	1	332.963552581	333.255154337	0.000	22050.000	
59	Spectrogram 1	1	332.963552581	333.255154337	0.000	22050.000	
60	Waveform 1	1	333.353485162	333.631524046	0.000	22050.000	
60	Spectrogram 1	1	333.353485162	333.631524046	0.000	22050.000	
61	Waveform 1	1	333.678994099	333.946860829	0.000	22050.000	
61	Spectrogram 1	1	333.678994099	333.946860829	0.000	22050.000	
62	Waveform 1	1	334.014675191	334.299495511	0.000	22050.000	
62	Spectrogram 1	1	334.014675191	334.299495511	0.000	22050.000	
63	Waveform 1	1	334.384263463	334.604660139	0.000	22050.000	
63	Spectrogram 1	1	334.384263463	334.604660139	0.000	22050.000	
64	Waveform 1	1	334.648739475	334.886089741	0.000	22050.000	
64	Spectrogram 1	1	334.648739475	334.886089741	0.000	22050.000	
65	Waveform 1	1	334.943731949	335.289585195	0.000	22050.000	
65	Spectrogram 1	1	334.943731949	335.289585195	0.000	22050.000	
66	Waveform 1	1	335.303148067	335.472683972	0.000	22050.000	
66	Spectrogram 1	1	335.303148067	335.472683972	0.000	22050.000	
67	Waveform 1	1	335.574405515	335.899914452	0.000	22050.000	
67	Spectrogram 1	1	335.574405515	335.899914452	0.000	22050.000	
68	Waveform 1	1	336.344098523	336.710296077	0.000	22050.000	
68	Spectrogram 1	1	336.344098523	336.710296077	0.000	22050.000	
69	Waveform 1	1	340.572323989	340.877488618	0.000	22050.000	
69	Spectrogram 1	1	340.572323989	340.877488618	0.000	22050.000	
70	Waveform 1	1	341.816717531	342.125272877	0.000	22050.000	
70	Spectrogram 1	1	341.816717531	342.125272877	0.000	22050.000	
71	Waveform 1	1	342.342278836	342.647443464	0.000	22050.000	
71	Spectrogram 1	1	342.342278836	342.647443464	0.000	22050.000	
72	Waveform 1	1	352.667015440	352.941663605	0.000	22050.000	
72	Spectrogram 1	1	352.667015440	352.941663605	0.000	22050.000	
73	Waveform 1	1	352.975570786	353.273953979	0.000	22050.000	
73	Spectrogram 1	1	352.975570786	353.273953979	0.000	22050.000	
74	Waveform 1	1	360.570779323	361.113294218	0.000	22050.000	
74	Spectrogram 1	1	360.570779323	361.113294218	0.000	22050.000	
75	Waveform 1	1	389.524342056	389.802463628	0.000	22050.000	
75	Spectrogram 1	1	389.524342056	389.802463628	0.000	22050.000	
76	Waveform 1	1	389.864801222	390.147717993	0.000	22050.000	
76	Spectrogram 1	1	389.864801222	390.147717993	0.000	22050.000	
77	Waveform 1	1	390.200465188	390.497767558	0.000	22050.000	
77	Spectrogram 1	1	390.200465188	390.497767558	0.000	22050.000	
78	Waveform 1	1	390.531333955	390.814250726	0.000	22050.000	
78	Spectrogram 1	1	390.531333955	390.814250726	0.000	22050.000	
79	Waveform 1	1	390.857407522	391.121143496	0.000	22050.000	
79	Spectrogram 1	1	390.857407522	391.121143496	0.000	22050.000	
80	Waveform 1	1	391.154709892	391.413650666	0.000	22050.000	
80	Spectrogram 1	1	391.154709892	391.413650666	0.000	22050.000	
81	Waveform 1	1	391.591073048	391.926737015	0.000	22050.000	
81	Spectrogram 1	1	391.591073048	391.926737015	0.000	22050.000	
82	Waveform 1	1	391.979484209	392.295967378	0.000	22050.000	
82	Spectrogram 1	1	391.979484209	392.295967378	0.000	22050.000	
83	Waveform 1	1	392.430232964	392.693968938	0.000	22050.000	
83	Spectrogram 1	1	392.430232964	392.693968938	0.000	22050.000	
84	Waveform 1	1	393.653008841	394.070191199	0.000	22050.000	
84	Spectrogram 1	1	393.653008841	394.070191199	0.000	22050.000	
85	Waveform 1	1	394.707952735	394.988471907	0.000	22050.000	
85	Spectrogram 1	1	394.707952735	394.988471907	0.000	22050.000	
86	Waveform 1	1	395.007652705	395.271388679	0.000	22050.000	
86	Spectrogram 1	1	395.007652705	395.271388679	0.000	22050.000	
87	Waveform 1	1	395.307352675	395.542317451	0.000	22050.000	
87	Spectrogram 1	1	395.307352675	395.542317451	0.000	22050.000	
88	Waveform 1	1	395.566293449	395.765294229	0.000	22050.000	
88	Spectrogram 1	1	395.566293449	395.765294229	0.000	22050.000	
89	Waveform 1	1	395.770089429	395.988271007	0.000	22050.000	
89	Spectrogram 1	1	395.770089429	395.988271007	0.000	22050.000	
90	Waveform 1	1	396.566092549	396.846611720	0.000	22050.000	
90	Spectrogram 1	1	396.566092549	396.846611720	0.000	22050.000	
91	Waveform 1	1	397.352505270	397.522734853	0.000	22050.000	
91	Spectrogram 1	1	397.352505270	397.522734853	0.000	22050.000	
92	Waveform 1	1	397.616241243	397.968688408	0.000	22050.000	
92	Spectrogram 1	1	397.616241243	397.968688408	0.000	22050.000	
93	Waveform 1	1	398.987668305	399.275380276	0.000	22050.000	
93	Spectrogram 1	1	398.987668305	399.275380276	0.000	22050.000	
94	Waveform 1	1	399.570285047	399.855599418	0.000	22050.000	
94	Spectrogram 1	1	399.570285047	399.855599418	0.000	22050.000	
95	Waveform 1	1	400.157696988	400.512541752	0.000	22050.000	
95	Spectrogram 1	1	400.157696988	400.512541752	0.000	22050.000	
96	Waveform 1	1	400.972880906	401.253400078	0.000	22050.000	
96	Spectrogram 1	1	400.972880906	401.253400078	0.000	22050.000	
97	Waveform 1	1	402.097355193	402.310741572	0.000	22050.000	
97	Spectrogram 1	1	402.097355193	402.310741572	0.000	22050.000	
98	Waveform 1	1	402.322729570	402.605646342	0.000	22050.000	
98	Spectrogram 1	1	402.322729570	402.605646342	0.000	22050.000	
99	Waveform 1	1	402.612839141	402.859791916	0.000	22050.000	
99	Spectrogram 1	1	402.612839141	402.859791916	0.000	22050.000	
100	Waveform 1	1	403.085166294	403.348902267	0.000	22050.000	
100	Spectrogram 1	1	403.085166294	403.348902267	0.000	22050.000	
101	Waveform 1	1	404.487762153	404.734714928	0.000	22050.000	
101	Spectrogram 1	1	404.487762153	404.734714928	0.000	22050.000	
102	Waveform 1	1	405.199849281	405.442006857	0.000	22050.000	
102	Spectrogram 1	1	405.199849281	405.442006857	0.000	22050.000	
103	Waveform 1	1	405.926322008	406.170877184	0.000	22050.000	
103	Spectrogram 1	1	405.926322008	406.170877184	0.000	22050.000	
104	Waveform 1	1	410.394328731	410.770698440	0.000	22050.000	
104	Spectrogram 1	1	410.394328731	410.770698440	0.000	22050.000	
105	Waveform 1	1	412.540653286	412.784784989	0.000	22050.000	
105	Spectrogram 1	1	412.540653286	412.784784989	0.000	22050.000	
106	Waveform 1	1	412.879725096	413.100121772	0.000	22050.000	
106	Spectrogram 1	1	412.879725096	413.100121772	0.000	22050.000	
107	Waveform 1	1	416.567246495	417.181032034	0.000	22050.000	
107	Spectrogram 1	1	416.567246495	417.181032034	0.000	22050.000	
108	Waveform 1	1	417.574238394	418.226385529	0.000	22050.000	
108	Spectrogram 1	1	417.574238394	418.226385529	0.000	22050.000	
109	Waveform 1	1	418.341470317	418.868942264	0.000	22050.000	
109	Spectrogram 1	1	418.341470317	418.868942264	0.000	22050.000	
110	Waveform 1	1	419.099111841	419.837572567	0.000	22050.000	
110	Spectrogram 1	1	419.099111841	419.837572567	0.000	22050.000	
111	Waveform 1	1	419.923886158	420.422586908	0.000	22050.000	
111	Spectrogram 1	1	419.923886158	420.422586908	0.000	22050.000	
112	Waveform 1	1	420.547262096	421.228180427	0.000	22050.000	
112	Spectrogram 1	1	420.547262096	421.228180427	0.000	22050.000	
113	Waveform 1	1	442.480504692	442.873711053	0.000	22050.000	
113	Spectrogram 1	1	442.480504692	442.873711053	0.000	22050.000	
114	Waveform 1	1	442.979205442	443.286098211	0.000	22050.000	
114	Spectrogram 1	1	442.979205442	443.286098211	0.000	22050.000	
115	Waveform 1	1	443.334050206	443.583400581	0.000	22050.000	
115	Spectrogram 1	1	443.334050206	443.583400581	0.000	22050.000	
116	Waveform 1	1	446.882497850	447.496283388	0.000	22050.000	
116	Spectrogram 1	1	446.882497850	447.496283388	0.000	22050.000	
117	Waveform 1	1	447.611368177	448.522456085	0.000	22050.000	
117	Spectrogram 1	1	447.611368177	448.522456085	0.000	22050.000	
118	Waveform 1	1	482.726614249	482.980759823	0.000	22050.000	
118	Spectrogram 1	1	482.726614249	482.980759823	0.000	22050.000	
119	Waveform 1	1	491.264466991	491.516214966	0.000	22050.000	
119	Spectrogram 1	1	491.264466991	491.516214966	0.000	22050.000	
120	Waveform 1	1	491.549781363	491.815914936	0.000	22050.000	
120	Spectrogram 1	1	491.549781363	491.815914936	0.000	22050.000	
121	Waveform 1	1	491.847083733	492.084446109	0.000	22050.000	
121	Spectrogram 1	1	491.847083733	492.084446109	0.000	22050.000	
122	Waveform 1	1	492.539990063	492.878051629	0.000	22050.000	
122	Spectrogram 1	1	492.539990063	492.878051629	0.000	22050.000	
123	Waveform 1	1	492.921208425	493.232896394	0.000	22050.000	
123	Spectrogram 1	1	492.921208425	493.232896394	0.000	22050.000	
124	Waveform 1	1	493.321607585	493.604524356	0.000	22050.000	
124	Spectrogram 1	1	493.321607585	493.604524356	0.000	22050.000	
125	Waveform 1	1	499.193329395	499.591330955	0.000	22050.000	
125	Spectrogram 1	1	499.193329395	499.591330955	0.000	22050.000	
126	Waveform 1	1	499.668054147	499.895826124	0.000	22050.000	
126	Spectrogram 1	1	499.668054147	499.895826124	0.000	22050.000	
127	Waveform 1	1	463.407954190	463.608153770	0.000	22050.000	
127	Spectrogram 1	1	463.407954190	463.608153770	0.000	22050.000	
128	Waveform 1	1	463.798762950	464.046914526	0.000	22050.000	
128	Spectrogram 1	1	463.798762950	464.046914526	0.000	22050.000	
129	Waveform 1	1	464.249511705	464.533627277	0.000	22050.000	
129	Spectrogram 1	1	464.249511705	464.533627277	0.000	22050.000	
130	Waveform 1	1	465.033526826	465.267292803	0.000	22050.000	
130	Spectrogram 1	1	465.033526826	465.267292803	0.000	22050.000	
131	Waveform 1	1	470.898055837	471.183370209	0.000	22050.000	
131	Spectrogram 1	1	470.898055837	471.183370209	0.000	22050.000	
132	Waveform 1	1	471.340412993	471.602950166	0.000	22050.000	
132	Spectrogram 1	1	471.340412993	471.602950166	0.000	22050.000	
133	Waveform 1	1	471.867884940	472.108843716	0.000	22050.000	
133	Spectrogram 1	1	471.867884940	472.108843716	0.000	22050.000	
134	Waveform 1	1	472.237115303	472.492459677	0.000	22050.000	
134	Spectrogram 1	1	472.237115303	472.492459677	0.000	22050.000	
135	Waveform 1	1	472.832918843	473.118233214	0.000	22050.000	
135	Spectrogram 1	1	472.832918843	473.118233214	0.000	22050.000	
136	Waveform 1	1	473.244107202	473.481469578	0.000	22050.000	
136	Spectrogram 1	1	473.244107202	473.481469578	0.000	22050.000	
137	Waveform 1	1	473.968182329	474.245105101	0.000	22050.000	
137	Spectrogram 1	1	473.968182329	474.245105101	0.000	22050.000	
138	Waveform 1	1	474.973975428	475.229319802	0.000	22050.000	
138	Spectrogram 1	1	474.973975428	475.229319802	0.000	22050.000	
139	Waveform 1	1	475.447501380	475.754394149	0.000	22050.000	
139	Spectrogram 1	1	475.447501380	475.754394149	0.000	22050.000	
140	Waveform 1	1	485.396341581	485.657679955	0.000	22050.000	
140	Spectrogram 1	1	485.396341581	485.657679955	0.000	22050.000	
141	Waveform 1	1	486.507629069	486.779756642	0.000	22050.000	
141	Spectrogram 1	1	486.507629069	486.779756642	0.000	22050.000	
142	Waveform 1	1	495.330796183	495.602923755	0.000	22050.000	
142	Spectrogram 1	1	495.330796183	495.602923755	0.000	22050.000	
143	Waveform 1	1	503.606111751	503.865052525	0.000	22050.000	
143	Spectrogram 1	1	503.606111751	503.865052525	0.000	22050.000	
144	Waveform 1	1	504.043673707	504.374542474	0.000	22050.000	
144	Spectrogram 1	1	504.043673707	504.374542474	0.000	22050.000	
145	Waveform 1	1	505.312003980	505.599715951	0.000	22050.000	
145	Spectrogram 1	1	505.312003980	505.599715951	0.000	22050.000	
146	Waveform 1	1	509.011500408	509.257254384	0.000	22050.000	
146	Spectrogram 1	1	509.011500408	509.257254384	0.000	22050.000	
147	Waveform 1	1	509.276435182	509.476634762	0.000	22050.000	
147	Spectrogram 1	1	509.276435182	509.476634762	0.000	22050.000	
148	Waveform 1	1	510.125185497	510.391319070	0.000	22050.000	
148	Spectrogram 1	1	510.125185497	510.391319070	0.000	22050.000	
149	Waveform 1	1	510.418891467	510.736573435	0.000	22050.000	
149	Spectrogram 1	1	510.418891467	510.736573435	0.000	22050.000	
150	Waveform 1	1	545.199672373	545.453817947	0.000	22050.000	
150	Spectrogram 1	1	545.199672373	545.453817947	0.000	22050.000	
151	Waveform 1	1	545.469402346	545.754716717	0.000	22050.000	
151	Spectrogram 1	1	545.469402346	545.754716717	0.000	22050.000	
152	Waveform 1	1	545.807463912	546.090380683	0.000	22050.000	
152	Spectrogram 1	1	545.807463912	546.090380683	0.000	22050.000	
153	Waveform 1	1	546.149121878	546.379291454	0.000	22050.000	
153	Spectrogram 1	1	546.149121878	546.379291454	0.000	22050.000	
154	Waveform 1	1	546.452418247	546.719750620	0.000	22050.000	
154	Spectrogram 1	1	546.452418247	546.719750620	0.000	22050.000	
155	Waveform 1	1	546.759311016	547.067402585	0.000	22050.000	
155	Spectrogram 1	1	546.759311016	547.067402585	0.000	22050.000	
156	Waveform 1	1	548.458346214	548.731672587	0.000	22050.000	
156	Spectrogram 1	1	548.458346214	548.731672587	0.000	22050.000	
157	Waveform 1	1	548.761642584	549.000203760	0.000	22050.000	
157	Spectrogram 1	1	548.761642584	549.000203760	0.000	22050.000	
158	Waveform 1	1	550.022780057	550.270931632	0.000	22050.000	
158	Spectrogram 1	1	550.022780057	550.270931632	0.000	22050.000	
159	Waveform 1	1	550.299702829	550.537065205	0.000	22050.000	
159	Spectrogram 1	1	550.299702829	550.537065205	0.000	22050.000	
160	Waveform 1	1	550.593408800	550.809192778	0.000	22050.000	
160	Spectrogram 1	1	550.593408800	550.809192778	0.000	22050.000	
161	Waveform 1	1	551.018982757	551.331869525	0.000	22050.000	
161	Spectrogram 1	1	551.018982757	551.331869525	0.000	22050.000	
162	Waveform 1	1	551.432568715	551.626774296	0.000	22050.000	
162	Spectrogram 1	1	551.432568715	551.626774296	0.000	22050.000	
163	Waveform 1	1	553.336262924	553.588010899	0.000	22050.000	
163	Spectrogram 1	1	553.336262924	553.588010899	0.000	22050.000	
164	Waveform 1	1	553.601197697	553.862536071	0.000	22050.000	
164	Spectrogram 1	1	553.601197697	553.862536071	0.000	22050.000	
165	Waveform 1	1	553.896102468	554.150248042	0.000	22050.000	
165	Spectrogram 1	1	553.896102468	554.150248042	0.000	22050.000	
166	Waveform 1	1	555.399397517	555.720675885	0.000	22050.000	
166	Spectrogram 1	1	555.399397517	555.720675885	0.000	22050.000	
167	Waveform 1	1	555.815381075	556.039556652	0.000	22050.000	
167	Spectrogram 1	1	555.815381075	556.039556652	0.000	22050.000	
168	Waveform 1	1	556.091105047	556.425570214	0.000	22050.000	
168	Spectrogram 1	1	556.091105047	556.425570214	0.000	22050.000	
169	Waveform 1	1	556.581414198	556.866728569	0.000	22050.000	
169	Spectrogram 1	1	556.581414198	556.866728569	0.000	22050.000	
170	Waveform 1	1	556.949445761	557.265928929	0.000	22050.000	
170	Spectrogram 1	1	556.949445761	557.265928929	0.000	22050.000	
171	Waveform 1	1	557.476917708	557.743051281	0.000	22050.000	
171	Spectrogram 1	1	557.476917708	557.743051281	0.000	22050.000	
172	Waveform 1	1	561.310679723	561.610379693	0.000	22050.000	
172	Spectrogram 1	1	561.310679723	561.610379693	0.000	22050.000	
173	Waveform 1	1	561.839350470	562.252936428	0.000	22050.000	
173	Spectrogram 1	1	561.839350470	562.252936428	0.000	22050.000	
174	Waveform 1	1	562.559829197	562.845143569	0.000	22050.000	
174	Spectrogram 1	1	562.559829197	562.845143569	0.000	22050.000	
175	Waveform 1	1	569.756224875	570.184196432	0.000	22050.000	
175	Spectrogram 1	1	569.756224875	570.184196432	0.000	22050.000	
176	Waveform 1	1	574.311681364	574.705004663	0.000	22050.000	
176	Spectrogram 1	1	574.311681364	574.705004663	0.000	22050.000	
177	Waveform 1	1	578.753522070	579.452009998	0.000	22050.000	
177	Spectrogram 1	1	578.753522070	579.452009998	0.000	22050.000	
178	Waveform 1	1	580.774390056	581.276216334	0.000	22050.000	SAT.01_perched.U.Nest_NA
178	Spectrogram 1	1	580.774390056	581.276216334	0.000	22050.000	SAT.01_perched.U.Nest_NA
179	Waveform 1	1	583.046171181	583.798910598	0.000	22050.000	SAT.01_perched.U.Nest_NA
179	Spectrogram 1	1	583.046171181	583.798910598	0.000	22050.000	SAT.01_perched.U.Nest_NA
180	Waveform 1	1	588.790047636	589.719104395	0.000	22050.000	SAT.01_perched.U.Nest_NA
180	Spectrogram 1	1	588.790047636	589.719104395	0.000	22050.000	SAT.01_perched.U.Nest_NA
181	Waveform 1	1	590.892292856	591.787442433	0.000	22050.000	SAT.01_perched.U.Nest_NA
181	Spectrogram 1	1	590.892292856	591.787442433	0.000	22050.000	SAT.01_perched.U.Nest_NA
183	Waveform 1	1	599.675914463	600.328061598	0.000	22050.000	
183	Spectrogram 1	1	599.675914463	600.328061598	0.000	22050.000	
184	Waveform 1	1	601.315872699	601.728259857	0.000	22050.000	
184	Spectrogram 1	1	601.315872699	601.728259857	0.000	22050.000	
185	Waveform 1	1	601.747440655	602.212575009	0.000	22050.000	
185	Spectrogram 1	1	601.747440655	602.212575009	0.000	22050.000	
186	Waveform 1	1	604.212173208	604.634150765	0.000	22050.000	
186	Spectrogram 1	1	604.212173208	604.634150765	0.000	22050.000	
187	Waveform 1	1	604.706078758	605.228755506	0.000	22050.000	
187	Spectrogram 1	1	604.706078758	605.228755506	0.000	22050.000	
188	Waveform 1	1	608.029152024	608.532647974	0.000	22050.000	
188	Spectrogram 1	1	608.029152024	608.532647974	0.000	22050.000	
189	Waveform 1	1	609.160819111	609.678700659	0.000	22050.000	
189	Spectrogram 1	1	609.160819111	609.678700659	0.000	22050.000	
190	Waveform 1	1	611.122055714	611.711865254	0.000	22050.000	
190	Spectrogram 1	1	611.122055714	611.711865254	0.000	22050.000	
191	Waveform 1	1	612.867508338	613.423751482	0.000	22050.000	
191	Spectrogram 1	1	612.867508338	613.423751482	0.000	22050.000	
192	Waveform 1	1	613.505269874	613.879295437	0.000	22050.000	
192	Spectrogram 1	1	613.505269874	613.879295437	0.000	22050.000	
193	Waveform 1	1	614.612960963	615.087685715	0.000	22050.000	
193	Spectrogram 1	1	614.612960963	615.087685715	0.000	22050.000	
194	Waveform 1	1	618.113456611	618.506662972	0.000	22050.000	
194	Spectrogram 1	1	618.113456611	618.506662972	0.000	22050.000	
195	Waveform 1	1	618.545024568	618.866302936	0.000	22050.000	
195	Spectrogram 1	1	618.545024568	618.866302936	0.000	22050.000	
196	Waveform 1	1	618.919050130	619.221147700	0.000	22050.000	
196	Spectrogram 1	1	618.919050130	619.221147700	0.000	22050.000	
197	Waveform 1	1	619.273894895	619.599968462	0.000	22050.000	
197	Spectrogram 1	1	619.273894895	619.599968462	0.000	22050.000	
198	Waveform 1	1	620.199368402	620.592574762	0.000	22050.000	
198	Spectrogram 1	1	620.199368402	620.592574762	0.000	22050.000	
199	Waveform 1	1	620.702864351	621.038528317	0.000	22050.000	
199	Spectrogram 1	1	620.702864351	621.038528317	0.000	22050.000	
200	Waveform 1	1	621.110456310	621.474891474	0.000	22050.000	
200	Spectrogram 1	1	621.110456310	621.474891474	0.000	22050.000	
201	Waveform 1	1	621.518048269	621.829736238	0.000	22050.000	
201	Spectrogram 1	1	621.518048269	621.829736238	0.000	22050.000	
202	Waveform 1	1	621.844121836	622.045520216	0.000	22050.000	
202	Spectrogram 1	1	621.844121836	622.045520216	0.000	22050.000	
203	Waveform 1	1	622.093472211	622.448316976	0.000	22050.000	
203	Spectrogram 1	1	622.093472211	622.448316976	0.000	22050.000	
204	Waveform 1	1	624.332830386	624.630132757	0.000	22050.000	
204	Spectrogram 1	1	624.332830386	624.630132757	0.000	22050.000	
205	Waveform 1	1	625.066495913	625.483678271	0.000	22050.000	
205	Spectrogram 1	1	625.066495913	625.483678271	0.000	22050.000	
206	Waveform 1	1	625.785775840	626.097463809	0.000	22050.000	
206	Spectrogram 1	1	625.785775840	626.097463809	0.000	22050.000	
207	Waveform 1	1	626.178982201	626.423537376	0.000	22050.000	
207	Spectrogram 1	1	626.178982201	626.423537376	0.000	22050.000	
208	Waveform 1	1	626.557802963	626.912647727	0.000	22050.000	
208	Spectrogram 1	1	626.557802963	626.912647727	0.000	22050.000	
209	Waveform 1	1	627.157202903	627.473686071	0.000	22050.000	
209	Spectrogram 1	1	627.157202903	627.473686071	0.000	22050.000	
210	Waveform 1	1	627.579180460	627.886073229	0.000	22050.000	
210	Spectrogram 1	1	627.579180460	627.886073229	0.000	22050.000	
211	Waveform 1	1	628.327231585	628.624533955	0.000	22050.000	
211	Spectrogram 1	1	628.327231585	628.624533955	0.000	22050.000	
212	Waveform 1	1	628.658100352	628.998559518	0.000	22050.000	
212	Spectrogram 1	1	628.658100352	628.998559518	0.000	22050.000	
213	Waveform 1	1	630.518637765	630.815940135	0.000	22050.000	
213	Spectrogram 1	1	630.518637765	630.815940135	0.000	22050.000	
214	Waveform 1	1	630.907048926	631.118037705	0.000	22050.000	
214	Spectrogram 1	1	630.907048926	631.118037705	0.000	22050.000	
215	Waveform 1	1	631.209146496	631.376978479	0.000	22050.000	
215	Spectrogram 1	1	631.209146496	631.376978479	0.000	22050.000	
216	Waveform 1	1	631.386568878	631.645509652	0.000	22050.000	
216	Spectrogram 1	1	631.386568878	631.645509652	0.000	22050.000	
217	Waveform 1	1	631.961992820	632.220933594	0.000	22050.000	
217	Spectrogram 1	1	631.961992820	632.220933594	0.000	22050.000	
218	Waveform 1	1	632.268885589	632.523031164	0.000	22050.000	
218	Spectrogram 1	1	632.268885589	632.523031164	0.000	22050.000	
219	Waveform 1	1	632.618935154	632.849104731	0.000	22050.000	
219	Spectrogram 1	1	632.618935154	632.849104731	0.000	22050.000	
220	Waveform 1	1	632.940213522	633.199154296	0.000	22050.000	
220	Spectrogram 1	1	632.940213522	633.199154296	0.000	22050.000	
221	Waveform 1	1	634.887064526	635.246704490	0.000	22050.000	
221	Spectrogram 1	1	634.887064526	635.246704490	0.000	22050.000	
222	Waveform 1	1	636.311238783	636.570179557	0.000	22050.000	
222	Spectrogram 1	1	636.311238783	636.570179557	0.000	22050.000	
223	Waveform 1	1	636.574974757	636.838710730	0.000	22050.000	
223	Spectrogram 1	1	636.574974757	636.838710730	0.000	22050.000	
224	Waveform 1	1	636.877072326	637.217531492	0.000	22050.000	
224	Spectrogram 1	1	636.877072326	637.217531492	0.000	22050.000	
225	Waveform 1	1	637.236712290	637.668280247	0.000	22050.000	
225	Spectrogram 1	1	637.236712290	637.668280247	0.000	22050.000	
226	Waveform 1	1	637.673075446	638.027920211	0.000	22050.000	
226	Spectrogram 1	1	637.673075446	638.027920211	0.000	22050.000	
227	Waveform 1	1	638.119029001	638.493054564	0.000	22050.000	
227	Spectrogram 1	1	638.119029001	638.493054564	0.000	22050.000	
228	Waveform 1	1	641.926417419	642.156586996	0.000	22050.000	
228	Spectrogram 1	1	641.926417419	642.156586996	0.000	22050.000	
229	Waveform 1	1	654.969360109	655.381747267	0.000	22050.000	
229	Spectrogram 1	1	654.969360109	655.381747267	0.000	22050.000	
230	Waveform 1	1	655.396132866	655.698230435	0.000	22050.000	
230	Spectrogram 1	1	655.396132866	655.698230435	0.000	22050.000	
231	Waveform 1	1	679.280255480	679.487089283	0.000	22050.000	
231	Spectrogram 1	1	679.280255480	679.487089283	0.000	22050.000	
232	Waveform 1	1	679.710876678	679.904147609	0.000	22050.000	
232	Spectrogram 1	1	679.710876678	679.904147609	0.000	22050.000	
233	Waveform 1	1	682.060644319	682.474311926	0.000	22050.000	
233	Spectrogram 1	1	682.060644319	682.474311926	0.000	22050.000	
234	Waveform 1	1	682.511609826	682.793039428	0.000	22050.000	
234	Spectrogram 1	1	682.511609826	682.793039428	0.000	22050.000	
235	Waveform 1	1	684.512133502	684.820688849	0.000	22050.000	
235	Spectrogram 1	1	684.512133502	684.820688849	0.000	22050.000	
236	Waveform 1	1	684.861377466	685.098727733	0.000	22050.000	
236	Spectrogram 1	1	684.861377466	685.098727733	0.000	22050.000	
237	Waveform 1	1	685.108899887	685.488660314	0.000	22050.000	
237	Spectrogram 1	1	685.108899887	685.488660314	0.000	22050.000	
238	Waveform 1	1	686.390591328	686.685583802	0.000	22050.000	
238	Spectrogram 1	1	686.390591328	686.685583802	0.000	22050.000	
239	Waveform 1	1	686.722881701	687.011092740	0.000	22050.000	
239	Spectrogram 1	1	686.722881701	687.011092740	0.000	22050.000	
240	Waveform 1	1	687.038218484	687.414588193	0.000	22050.000	
240	Spectrogram 1	1	687.038218484	687.414588193	0.000	22050.000	
241	Waveform 1	1	701.279234490	701.631869172	0.000	22050.000	
241	Spectrogram 1	1	701.279234490	701.631869172	0.000	22050.000	
242	Waveform 1	1	702.279290825	702.701268383	0.000	22050.000	
242	Spectrogram 1	1	702.279290825	702.701268383	0.000	22050.000	
243	Waveform 1	1	707.486877502	708.071891843	0.000	22050.000	
243	Spectrogram 1	1	707.486877502	708.071891843	0.000	22050.000	
244	Waveform 1	1	706.997767151	707.333431117	0.000	22050.000	
244	Spectrogram 1	1	706.997767151	707.333431117	0.000	22050.000	
245	Waveform 1	1	720.477072997	720.755194569	0.000	22050.000	
245	Spectrogram 1	1	720.477072997	720.755194569	0.000	22050.000	
246	Waveform 1	1	721.500848094	721.714234472	0.000	22050.000	
246	Spectrogram 1	1	721.500848094	721.714234472	0.000	22050.000	
247	Waveform 1	1	722.898648753	723.231915120	0.000	22050.000	
247	Spectrogram 1	1	722.898648753	723.231915120	0.000	22050.000	
248	Waveform 1	1	725.603141282	725.864479656	0.000	22050.000	
248	Spectrogram 1	1	725.603141282	725.864479656	0.000	22050.000	
249	Waveform 1	1	725.910034051	726.185758023	0.000	22050.000	
249	Spectrogram 1	1	725.910034051	726.185758023	0.000	22050.000	
250	Waveform 1	1	742.909016343	743.247077909	0.000	22050.000	
250	Spectrogram 1	1	742.909016343	743.247077909	0.000	22050.000	
251	Waveform 1	1	743.683441065	744.052671428	0.000	22050.000	
251	Spectrogram 1	1	743.683441065	744.052671428	0.000	22050.000	
252	Waveform 1	1	755.556355073	755.882428640	0.000	22050.000	
252	Spectrogram 1	1	755.556355073	755.882428640	0.000	22050.000	
253	Waveform 1	1	756.174935811	756.378731790	0.000	22050.000	
253	Spectrogram 1	1	756.174935811	756.378731790	0.000	22050.000	
254	Waveform 1	1	758.582125969	758.860247541	0.000	22050.000	
254	Spectrogram 1	1	758.582125969	758.860247541	0.000	22050.000	
255	Waveform 1	1	759.289417898	759.632274663	0.000	22050.000	
255	Spectrogram 1	1	759.289417898	759.632274663	0.000	22050.000	
256	Waveform 1	1	762.226477603	762.439863981	0.000	22050.000	
256	Spectrogram 1	1	762.226477603	762.439863981	0.000	22050.000	
257	Waveform 1	1	766.067432417	766.446253179	0.000	22050.000	
257	Spectrogram 1	1	766.067432417	766.446253179	0.000	22050.000	
258	Waveform 1	1	766.515783572	766.690808354	0.000	22050.000	
258	Spectrogram 1	1	766.515783572	766.690808354	0.000	22050.000	
259	Waveform 1	1	766.796302744	767.074424316	0.000	22050.000	
259	Spectrogram 1	1	766.796302744	767.074424316	0.000	22050.000	
260	Waveform 1	1	768.606490562	768.882214534	0.000	22050.000	
260	Spectrogram 1	1	768.606490562	768.882214534	0.000	22050.000	
261	Waveform 1	1	768.968528125	769.191504903	0.000	22050.000	
261	Spectrogram 1	1	768.968528125	769.191504903	0.000	22050.000	
262	Waveform 1	1	769.671024855	769.920375230	0.000	22050.000	
262	Spectrogram 1	1	769.671024855	769.920375230	0.000	22050.000	
263	Waveform 1	1	769.980315224	770.272822394	0.000	22050.000	
263	Spectrogram 1	1	769.980315224	770.272822394	0.000	22050.000	
264	Waveform 1	1	774.952937124	775.221468297	0.000	22050.000	
264	Spectrogram 1	1	774.952937124	775.221468297	0.000	22050.000	
265	Waveform 1	1	775.552337064	775.856832233	0.000	22050.000	
265	Spectrogram 1	1	775.552337064	775.856832233	0.000	22050.000	
266	Waveform 1	1	775.962326623	776.297990589	0.000	22050.000	
266	Spectrogram 1	1	775.962326623	776.297990589	0.000	22050.000	
267	Waveform 1	1	810.166484787	810.626823940	0.000	22050.000	
267	Spectrogram 1	1	810.166484787	810.626823940	0.000	22050.000	
268	Waveform 1	1	809.408843263	809.792459224	0.000	22050.000	
268	Spectrogram 1	1	809.408843263	809.792459224	0.000	22050.000	
269	Waveform 1	1	809.854796818	810.106544793	0.000	22050.000	
269	Spectrogram 1	1	809.854796818	810.106544793	0.000	22050.000	
270	Waveform 1	1	816.208436180	816.613630539	0.000	22050.000	
270	Spectrogram 1	1	816.208436180	816.613630539	0.000	22050.000	
271	Waveform 1	1	816.625618538	816.985258502	0.000	22050.000	
271	Spectrogram 1	1	816.625618538	816.985258502	0.000	22050.000	
272	Waveform 1	1	817.059584094	817.412031259	0.000	22050.000	
272	Spectrogram 1	1	817.059584094	817.412031259	0.000	22050.000	
273	Waveform 1	1	821.300938068	821.617421236	0.000	22050.000	
273	Spectrogram 1	1	821.300938068	821.617421236	0.000	22050.000	
274	Waveform 1	1	823.775261019	824.163672180	0.000	22050.000	
274	Spectrogram 1	1	823.775261019	824.163672180	0.000	22050.000	
