Selection	View	Channel	Begin Time (s)	End Time (s)	Low Freq (Hz)	High Freq (Hz)	Annotation
1	Waveform 1	1	50.522605804	50.816615077	0.000	22050.000	
1	Spectrogram 1	1	50.522605804	50.816615077	0.000	22050.000	
1	Waveform 2	1	50.522605804	50.816615077	0.000	22050.000	
2	Waveform 1	1	166.718768679	167.053132166	0.000	22050.000	
2	Spectrogram 1	1	166.718768679	167.053132166	0.000	22050.000	
2	Waveform 2	1	166.718768679	167.053132166	0.000	22050.000	
3	Waveform 1	1	441.242090540	441.541864700	0.000	22050.000	
3	Spectrogram 1	1	441.242090540	441.541864700	0.000	22050.000	
3	Waveform 2	1	441.242090540	441.541864700	0.000	22050.000	
