Selection	View	Channel	Begin Time (s)	End Time (s)	Low Freq (Hz)	High Freq (Hz)	Annotation
1	Waveform 1	1	1.782792020	2.147018346	0.000	22050.000	
1	Spectrogram 1	1	1.782792020	2.147018346	0.000	22050.000	
2	Waveform 1	1	2.242867379	2.660769165	0.000	22050.000	
2	Spectrogram 1	1	2.242867379	2.660769165	0.000	22050.000	
3	Waveform 1	1	5.869794800	6.249356972	0.000	22050.000	
3	Spectrogram 1	1	5.869794800	6.249356972	0.000	22050.000	
4	Waveform 1	1	6.579077646	7.131168078	0.000	22050.000	
4	Spectrogram 1	1	6.579077646	7.131168078	0.000	22050.000	
5	Waveform 1	1	10.194503183	10.531891780	0.000	22050.000	
5	Spectrogram 1	1	10.194503183	10.531891780	0.000	22050.000	
6	Waveform 1	1	11.110819941	11.590065108	0.000	22050.000	
6	Spectrogram 1	1	11.110819941	11.590065108	0.000	22050.000	
7	Waveform 1	1	12.353023413	13.000962878	0.000	22050.000	
7	Spectrogram 1	1	12.353023413	13.000962878	0.000	22050.000	
8	Waveform 1	1	14.005460747	14.710909632	0.000	22050.000	
8	Spectrogram 1	1	14.005460747	14.710909632	0.000	22050.000	
9	Waveform 1	1	16.635558221	17.133973195	0.000	22050.000	
9	Spectrogram 1	1	16.635558221	17.133973195	0.000	22050.000	
10	Waveform 1	1	18.705897341	19.334666999	0.000	22050.000	
10	Spectrogram 1	1	18.705897341	19.334666999	0.000	22050.000	
11	Waveform 1	1	19.790908398	20.312327139	0.000	22050.000	
11	Spectrogram 1	1	19.790908398	20.312327139	0.000	22050.000	
12	Waveform 1	1	21.573700418	22.098953120	0.000	22050.000	
12	Spectrogram 1	1	21.573700418	22.098953120	0.000	22050.000	
13	Waveform 1	1	22.758394469	23.375662244	0.000	22050.000	
13	Spectrogram 1	1	22.758394469	23.375662244	0.000	22050.000	
14	Waveform 1	1	25.273473103	25.733548463	0.000	22050.000	
14	Spectrogram 1	1	25.273473103	25.733548463	0.000	22050.000	
15	Waveform 1	1	26.044099331	26.462001116	0.000	22050.000	
15	Spectrogram 1	1	26.044099331	26.462001116	0.000	22050.000	
16	Waveform 1	1	28.854392988	29.226287237	0.000	22050.000	
16	Spectrogram 1	1	28.854392988	29.226287237	0.000	22050.000	
17	Waveform 1	1	34.613002909	35.084580153	0.000	22050.000	
17	Spectrogram 1	1	34.613002909	35.084580153	0.000	22050.000	
18	Waveform 1	1	36.733183526	37.131915504	0.000	22050.000	
18	Spectrogram 1	1	36.733183526	37.131915504	0.000	22050.000	
19	Waveform 1	1	41.349272970	41.682827606	0.000	22050.000	
19	Spectrogram 1	1	41.349272970	41.682827606	0.000	22050.000	
20	Waveform 1	1	46.578796228	47.038871587	0.000	22050.000	
20	Spectrogram 1	1	46.578796228	47.038871587	0.000	22050.000	
21	Waveform 1	1	58.073012302	58.467910319	0.000	22050.000	
21	Spectrogram 1	1	58.073012302	58.467910319	0.000	22050.000	
22	Waveform 1	1	66.396542355	66.960134671	0.000	22050.000	
22	Spectrogram 1	1	66.396542355	66.960134671	0.000	22050.000	
23	Waveform 1	1	131.361415521	132.143543633	0.000	22050.000	
23	Spectrogram 1	1	131.361415521	132.143543633	0.000	22050.000	
24	Waveform 1	1	137.127693365	137.971164858	0.000	22050.000	
24	Spectrogram 1	1	137.127693365	137.971164858	0.000	22050.000	
25	Waveform 1	1	140.455571802	141.191692377	0.000	22050.000	
25	Spectrogram 1	1	140.455571802	141.191692377	0.000	22050.000	
26	Waveform 1	1	146.881290995	147.617411571	0.000	22050.000	
26	Spectrogram 1	1	146.881290995	147.617411571	0.000	22050.000	
27	Waveform 1	1	148.476218909	149.150996104	0.000	22050.000	
27	Spectrogram 1	1	148.476218909	149.150996104	0.000	22050.000	
28	Waveform 1	1	149.718422381	150.607901410	0.000	22050.000	
28	Spectrogram 1	1	149.718422381	150.607901410	0.000	22050.000	
29	Waveform 1	1	160.254148122	160.760231018	0.000	22050.000	
29	Spectrogram 1	1	160.254148122	160.760231018	0.000	22050.000	
30	Waveform 1	1	212.580052387	213.469531416	0.000	22050.000	
30	Spectrogram 1	1	212.580052387	213.469531416	0.000	22050.000	
31	Waveform 1	1	223.882570395	224.588019280	0.000	22050.000	SAT.01_U.take.off_NA
31	Spectrogram 1	1	223.882570395	224.588019280	0.000	22050.000	SAT.01_U.take.off_NA
32	Waveform 1	1	225.293468165	226.182947194	0.000	22050.000	SAT.01_U.take.off_NA
32	Spectrogram 1	1	225.293468165	226.182947194	0.000	22050.000	SAT.01_U.take.off_NA
33	Waveform 1	1	255.229038249	256.302547422	0.000	22050.000	
33	Spectrogram 1	1	255.229038249	256.302547422	0.000	22050.000	
35	Waveform 1	1	290.994402260	291.249661209	0.000	22050.000	SAT.NA_take.off_02
35	Spectrogram 1	1	290.994402260	291.249661209	0.000	22050.000	SAT.NA_take.off_02
36	Waveform 1	1	291.272866568	291.385025803	0.000	22050.000	SAT.NA_take.off_02
36	Spectrogram 1	1	291.272866568	291.385025803	0.000	22050.000	SAT.NA_take.off_02
37	Waveform 1	1	291.433370300	291.678960349	0.000	22050.000	SAT.NA_take.off_02
37	Spectrogram 1	1	291.433370300	291.678960349	0.000	22050.000	SAT.NA_take.off_02
38	Waveform 1	1	291.719569727	291.889742360	0.000	22050.000	SAT.NA_take.off_02
38	Spectrogram 1	1	291.719569727	291.889742360	0.000	22050.000	SAT.NA_take.off_02
39	Waveform 1	1	291.920682838	292.141133748	0.000	22050.000	SAT.NA_take.off_02
39	Spectrogram 1	1	291.920682838	292.141133748	0.000	22050.000	SAT.NA_take.off_02
40	Waveform 1	1	292.166272887	292.320975280	0.000	22050.000	SAT.NA_take.off_02
40	Spectrogram 1	1	292.166272887	292.320975280	0.000	22050.000	SAT.NA_take.off_02
41	Waveform 1	1	292.378988678	292.560763989	0.000	22050.000	SAT.NA_take.off_02
41	Spectrogram 1	1	292.378988678	292.560763989	0.000	22050.000	SAT.NA_take.off_02
42	Waveform 1	1	292.593638248	292.816022938	0.000	22050.000	SAT.NA_take.off_02
42	Spectrogram 1	1	292.593638248	292.816022938	0.000	22050.000	SAT.NA_take.off_02
43	Waveform 1	1	294.645378735	295.248718068	0.000	22050.000	SAT.NA_take.off_02
43	Spectrogram 1	1	294.645378735	295.248718068	0.000	22050.000	SAT.NA_take.off_02
44	Waveform 1	1	296.246548503	296.548218169	0.000	22050.000	SAT.NA_take.off_02
44	Spectrogram 1	1	296.246548503	296.548218169	0.000	22050.000	SAT.NA_take.off_02
45	Waveform 1	1	303.293242504	303.664528247	0.000	22050.000	
45	Spectrogram 1	1	303.293242504	303.664528247	0.000	22050.000	
46	Waveform 1	1	312.289186657	312.552180725	0.000	22050.000	
46	Spectrogram 1	1	312.289186657	312.552180725	0.000	22050.000	
47	Waveform 1	1	314.625192792	315.143445808	0.000	22050.000	
47	Spectrogram 1	1	314.625192792	315.143445808	0.000	22050.000	
48	Waveform 1	1	326.948262714	327.205570302	0.000	22050.000	
48	Spectrogram 1	1	326.948262714	327.205570302	0.000	22050.000	
49	Waveform 1	1	327.570258221	327.916711745	0.000	22050.000	
49	Spectrogram 1	1	327.570258221	327.916711745	0.000	22050.000	
50	Waveform 1	1	336.713794784	337.035935780	0.000	22050.000	
50	Spectrogram 1	1	336.713794784	337.035935780	0.000	22050.000	
51	Waveform 1	1	381.511462264	381.894244512	0.000	22050.000	
51	Spectrogram 1	1	381.511462264	381.894244512	0.000	22050.000	
52	Waveform 1	1	633.281710323	634.035148758	0.000	22050.000	
52	Spectrogram 1	1	633.281710323	634.035148758	0.000	22050.000	
53	Waveform 1	1	634.240631967	634.902744531	0.000	22050.000	
53	Spectrogram 1	1	634.240631967	634.902744531	0.000	22050.000	
54	Waveform 1	1	635.290879482	636.204138191	0.000	22050.000	
54	Spectrogram 1	1	635.290879482	636.204138191	0.000	22050.000	
55	Waveform 1	1	637.619689190	638.943914318	0.000	22050.000	
55	Spectrogram 1	1	637.619689190	638.943914318	0.000	22050.000	
