Selection	View	Channel	Begin Time (s)	End Time (s)	Low Freq (Hz)	High Freq (Hz)	Annotation
1	Waveform 1	1	473.529100611	474.122092283	0.000	22050.000	SAT.NA_nest_NA
1	Spectrogram 1	1	473.529100611	474.122092283	0.000	22050.000	SAT.NA_nest_NA
2	Waveform 1	1	475.284772831	475.691534595	0.000	22050.000	SAT.NA_nest_NA
2	Spectrogram 1	1	475.284772831	475.691534595	0.000	22050.000	SAT.NA_nest_NA
3	Waveform 1	1	475.716498313	476.085080272	0.000	22050.000	SAT.NA_nest_NA
3	Spectrogram 1	1	475.716498313	476.085080272	0.000	22050.000	SAT.NA_nest_NA
4	Waveform 1	1	476.449256869	476.903009161	0.000	22050.000	SAT.NA_nest_NA
4	Spectrogram 1	1	476.449256869	476.903009161	0.000	22050.000	SAT.NA_nest_NA
5	Waveform 1	1	476.980837224	477.434589516	0.000	22050.000	SAT.NA_nest_NA
5	Spectrogram 1	1	476.980837224	477.434589516	0.000	22050.000	SAT.NA_nest_NA
6	Waveform 1	1	477.916242435	478.333283376	0.000	22050.000	SAT.NA_nest_NA
6	Spectrogram 1	1	477.916242435	478.333283376	0.000	22050.000	SAT.NA_nest_NA
7	Waveform 1	1	478.436075158	478.828152381	0.000	22050.000	SAT.NA_nest_NA
7	Spectrogram 1	1	478.436075158	478.828152381	0.000	22050.000	SAT.NA_nest_NA
8	Waveform 1	1	478.850179191	479.220229604	0.000	22050.000	SAT.NA_nest_NA
8	Spectrogram 1	1	478.850179191	479.220229604	0.000	22050.000	SAT.NA_nest_NA
9	Waveform 1	1	479.252535593	479.380291093	0.000	22050.000	SAT.NA_nest_NA
9	Spectrogram 1	1	479.252535593	479.380291093	0.000	22050.000	SAT.NA_nest_NA
10	Waveform 1	1	479.418470897	479.657828902	0.000	22050.000	SAT.NA_nest_NA
10	Spectrogram 1	1	479.418470897	479.657828902	0.000	22050.000	SAT.NA_nest_NA
11	Waveform 1	1	479.665171172	479.951519706	0.000	22050.000	SAT.NA_nest_NA
11	Spectrogram 1	1	479.665171172	479.951519706	0.000	22050.000	SAT.NA_nest_NA
12	Waveform 1	1	481.049923313	481.248164606	0.000	22050.000	SAT.NA_nest_NA
12	Spectrogram 1	1	481.049923313	481.248164606	0.000	22050.000	SAT.NA_nest_NA
13	Waveform 1	1	481.262849146	481.701916898	0.000	22050.000	SAT.NA_nest_NA
13	Spectrogram 1	1	481.262849146	481.701916898	0.000	22050.000	SAT.NA_nest_NA
14	Waveform 1	1	481.726880616	482.227623437	0.000	22050.000	SAT.NA_nest_NA
14	Spectrogram 1	1	481.726880616	482.227623437	0.000	22050.000	SAT.NA_nest_NA
15	Waveform 1	1	482.359784299	482.825284223	0.000	22050.000	SAT.NA_nest_NA
15	Spectrogram 1	1	482.359784299	482.825284223	0.000	22050.000	SAT.NA_nest_NA
16	Waveform 1	1	483.146875653	483.497836164	0.000	22050.000	SAT.NA_nest_NA
16	Spectrogram 1	1	483.146875653	483.497836164	0.000	22050.000	SAT.NA_nest_NA
17	Waveform 1	1	483.516926066	483.671113739	0.000	22050.000	SAT.NA_nest_NA
17	Spectrogram 1	1	483.516926066	483.671113739	0.000	22050.000	SAT.NA_nest_NA
18	Waveform 1	1	483.703419727	484.142487479	0.000	22050.000	SAT.NA_nest_NA
18	Spectrogram 1	1	483.703419727	484.142487479	0.000	22050.000	SAT.NA_nest_NA
19	Waveform 1	1	484.180667283	484.533096248	0.000	22050.000	SAT.NA_nest_NA
19	Spectrogram 1	1	484.180667283	484.533096248	0.000	22050.000	SAT.NA_nest_NA
20	Waveform 1	1	485.729886274	486.151332578	0.000	22050.000	SAT.NA_nest_NA
20	Spectrogram 1	1	485.729886274	486.151332578	0.000	22050.000	SAT.NA_nest_NA
21	Waveform 1	1	486.166017118	486.308457158	0.000	22050.000	SAT.NA_nest_NA
21	Spectrogram 1	1	486.166017118	486.308457158	0.000	22050.000	SAT.NA_nest_NA
22	Waveform 1	1	486.381879859	486.756335634	0.000	22050.000	SAT.NA_nest_NA
22	Spectrogram 1	1	486.381879859	486.756335634	0.000	22050.000	SAT.NA_nest_NA
23	Waveform 1	1	486.934018571	487.211556380	0.000	22050.000	SAT.NA_nest_NA
23	Spectrogram 1	1	486.934018571	487.211556380	0.000	22050.000	SAT.NA_nest_NA
24	Waveform 1	1	487.819496345	488.267374821	0.000	22050.000	SAT.NA_nest_NA
24	Spectrogram 1	1	487.819496345	488.267374821	0.000	22050.000	SAT.NA_nest_NA
25	Waveform 1	1	488.387788050	488.934052946	0.000	22050.000	SAT.NA_nest_NA
25	Spectrogram 1	1	488.387788050	488.934052946	0.000	22050.000	SAT.NA_nest_NA
26	Waveform 1	1	489.506750013	490.061825633	0.000	22050.000	SAT.NA_nest_NA
26	Spectrogram 1	1	489.506750013	490.061825633	0.000	22050.000	SAT.NA_nest_NA
27	Waveform 1	1	491.149950062	491.699151865	0.000	22050.000	SAT.NA_nest_NA
27	Spectrogram 1	1	491.149950062	491.699151865	0.000	22050.000	SAT.NA_nest_NA
28	Waveform 1	1	491.819565095	492.301218013	0.000	22050.000	SAT.NA_nest_NA
28	Spectrogram 1	1	491.819565095	492.301218013	0.000	22050.000	SAT.NA_nest_NA
29	Waveform 1	1	492.324713277	492.467153317	0.000	22050.000	SAT.NA_nest_NA
29	Spectrogram 1	1	492.324713277	492.467153317	0.000	22050.000	SAT.NA_nest_NA
30	Waveform 1	1	492.527359932	492.822519190	0.000	22050.000	SAT.NA_nest_NA
30	Spectrogram 1	1	492.527359932	492.822519190	0.000	22050.000	SAT.NA_nest_NA
31	Waveform 1	1	492.887131167	493.304172109	0.000	22050.000	SAT.NA_nest_NA
31	Spectrogram 1	1	492.887131167	493.304172109	0.000	22050.000	SAT.NA_nest_NA
32	Waveform 1	1	493.332072735	493.838689372	0.000	22050.000	SAT.NA_nest_NA
32	Spectrogram 1	1	493.332072735	493.838689372	0.000	22050.000	SAT.NA_nest_NA
33	Waveform 1	1	494.935624525	495.449583432	0.000	22050.000	SAT.NA_nest_NA
33	Spectrogram 1	1	494.935624525	495.449583432	0.000	22050.000	SAT.NA_nest_NA
34	Waveform 1	1	496.201431890	496.733012245	0.000	22050.000	SAT.NA_nest_NA
34	Spectrogram 1	1	496.201431890	496.733012245	0.000	22050.000	SAT.NA_nest_NA
35	Waveform 1	1	496.840209388	497.280745594	0.000	22050.000	SAT.NA_nest_NA
35	Spectrogram 1	1	496.840209388	497.280745594	0.000	22050.000	SAT.NA_nest_NA
36	Waveform 1	1	497.518635146	497.903370099	0.000	22050.000	SAT.NA_nest_NA
36	Spectrogram 1	1	497.518635146	497.903370099	0.000	22050.000	SAT.NA_nest_NA
37	Waveform 1	1	498.029657145	498.580327402	0.000	22050.000	SAT.NA_nest_NA
37	Spectrogram 1	1	498.029657145	498.580327402	0.000	22050.000	SAT.NA_nest_NA
38	Waveform 1	1	499.570065411	500.037033790	0.000	22050.000	SAT.NA_nest_NA
38	Spectrogram 1	1	499.570065411	500.037033790	0.000	22050.000	SAT.NA_nest_NA
39	Waveform 1	1	501.039987885	501.549541430	0.000	22050.000	SAT.NA_nest_NA
39	Spectrogram 1	1	501.039987885	501.549541430	0.000	22050.000	SAT.NA_nest_NA
40	Waveform 1	1	501.696386832	502.189787383	0.000	22050.000	SAT.NA_nest_NA
40	Spectrogram 1	1	501.696386832	502.189787383	0.000	22050.000	SAT.NA_nest_NA
41	Waveform 1	1	502.830033335	503.251479639	0.000	22050.000	SAT.NA_nest_NA
41	Spectrogram 1	1	502.830033335	503.251479639	0.000	22050.000	SAT.NA_nest_NA
42	Waveform 1	1	503.336649972	503.774249270	0.000	22050.000	SAT.NA_nest_NA
42	Spectrogram 1	1	503.336649972	503.774249270	0.000	22050.000	SAT.NA_nest_NA
43	Waveform 1	1	503.869698781	504.377783872	0.000	22050.000	SAT.NA_nest_NA
43	Spectrogram 1	1	503.869698781	504.377783872	0.000	22050.000	SAT.NA_nest_NA
44	Waveform 1	1	504.402747591	504.862373699	0.000	22050.000	SAT.NA_nest_NA
44	Spectrogram 1	1	504.402747591	504.862373699	0.000	22050.000	SAT.NA_nest_NA
45	Waveform 1	1	505.430665405	506.050353001	0.000	22050.000	SAT.NA_nest_NA
45	Spectrogram 1	1	505.430665405	506.050353001	0.000	22050.000	SAT.NA_nest_NA
46	Waveform 1	1	506.097343530	506.568717270	0.000	22050.000	SAT.NA_nest_NA
46	Spectrogram 1	1	506.097343530	506.568717270	0.000	22050.000	SAT.NA_nest_NA
47	Waveform 1	1	507.670057785	508.186953600	0.000	22050.000	SAT.NA_nest_NA
47	Spectrogram 1	1	507.670057785	508.186953600	0.000	22050.000	SAT.NA_nest_NA
48	Waveform 1	1	511.150293812	511.589361564	0.000	22050.000	SAT.NA_nest_NA
48	Spectrogram 1	1	511.150293812	511.589361564	0.000	22050.000	SAT.NA_nest_NA
49	Waveform 1	1	511.664252719	512.216391430	0.000	22050.000	SAT.NA_nest_NA
49	Spectrogram 1	1	511.664252719	512.216391430	0.000	22050.000	SAT.NA_nest_NA
50	Waveform 1	1	512.451344073	512.940339262	0.000	22050.000	SAT.NA_nest_NA
50	Spectrogram 1	1	512.451344073	512.940339262	0.000	22050.000	SAT.NA_nest_NA
51	Waveform 1	1	513.777358053	514.060769679	0.000	22050.000	SAT.NA_nest_NA
51	Spectrogram 1	1	513.777358053	514.060769679	0.000	22050.000	SAT.NA_nest_NA
52	Waveform 1	1	514.589413126	514.859608666	0.000	22050.000	SAT.NA_nest_NA
52	Spectrogram 1	1	514.589413126	514.859608666	0.000	22050.000	SAT.NA_nest_NA
53	Waveform 1	1	514.930094459	515.269307337	0.000	22050.000	SAT.NA_nest_NA
53	Spectrogram 1	1	514.930094459	515.269307337	0.000	22050.000	SAT.NA_nest_NA
54	Waveform 1	1	516.265305663	516.755408655	0.000	22050.000	SAT.NA_nest_NA
54	Spectrogram 1	1	516.265305663	516.755408655	0.000	22050.000	SAT.NA_nest_NA
55	Waveform 1	1	516.809403052	517.137522851	0.000	22050.000	SAT.NA_nest_NA
55	Spectrogram 1	1	516.809403052	517.137522851	0.000	22050.000	SAT.NA_nest_NA
56	Waveform 1	1	517.166596757	517.606858767	0.000	22050.000	SAT.NA_nest_NA
56	Spectrogram 1	1	517.166596757	517.606858767	0.000	22050.000	SAT.NA_nest_NA
57	Waveform 1	1	518.404314481	518.852883321	0.000	22050.000	SAT.NA_nest_NA
57	Spectrogram 1	1	518.404314481	518.852883321	0.000	22050.000	SAT.NA_nest_NA
58	Waveform 1	1	518.906877718	519.405287540	0.000	22050.000	SAT.NA_nest_NA
58	Spectrogram 1	1	518.906877718	519.405287540	0.000	22050.000	SAT.NA_nest_NA
59	Waveform 1	1	519.442668277	519.928617853	0.000	22050.000	SAT.NA_nest_NA
59	Spectrogram 1	1	519.442668277	519.928617853	0.000	22050.000	SAT.NA_nest_NA
60	Waveform 1	1	525.053932186	525.776626428	0.000	22050.000	SAT.NA_nest_NA
60	Spectrogram 1	1	525.053932186	525.776626428	0.000	22050.000	SAT.NA_nest_NA
61	Waveform 1	1	527.857487434	528.114999175	0.000	22050.000	SAT.NA_nest_NA
61	Spectrogram 1	1	527.857487434	528.114999175	0.000	22050.000	SAT.NA_nest_NA
62	Waveform 1	1	528.168993572	528.488806541	0.000	22050.000	SAT.NA_nest_NA
62	Spectrogram 1	1	528.168993572	528.488806541	0.000	22050.000	SAT.NA_nest_NA
63	Waveform 1	1	528.526187278	528.833540001	0.000	22050.000	SAT.NA_nest_NA
63	Spectrogram 1	1	528.526187278	528.833540001	0.000	22050.000	SAT.NA_nest_NA
64	Waveform 1	1	528.866767323	529.178273461	0.000	22050.000	SAT.NA_nest_NA
64	Spectrogram 1	1	528.866767323	529.178273461	0.000	22050.000	SAT.NA_nest_NA
65	Waveform 1	1	529.194887122	529.547927412	0.000	22050.000	SAT.NA_nest_NA
65	Spectrogram 1	1	529.194887122	529.547927412	0.000	22050.000	SAT.NA_nest_NA
66	Waveform 1	1	529.896814288	530.341229712	0.000	22050.000	SAT.NA_nest_NA
66	Spectrogram 1	1	529.896814288	530.341229712	0.000	22050.000	SAT.NA_nest_NA
67	Waveform 1	1	530.378610449	530.814719043	0.000	22050.000	SAT.NA_nest_NA
67	Spectrogram 1	1	530.378610449	530.814719043	0.000	22050.000	SAT.NA_nest_NA
68	Waveform 1	1	532.181192637	533.011875674	0.000	22050.000	SAT.NA_nest_NA
68	Spectrogram 1	1	532.181192637	533.011875674	0.000	22050.000	SAT.NA_nest_NA
69	Waveform 1	1	533.061716656	533.389836455	0.000	22050.000	SAT.NA_nest_NA
69	Spectrogram 1	1	533.061716656	533.389836455	0.000	22050.000	SAT.NA_nest_NA
70	Waveform 1	1	533.423063776	533.722109670	0.000	22050.000	SAT.NA_nest_NA
70	Spectrogram 1	1	533.423063776	533.722109670	0.000	22050.000	SAT.NA_nest_NA
71	Waveform 1	1	533.771950652	534.270360473	0.000	22050.000	SAT.NA_nest_NA
71	Spectrogram 1	1	533.771950652	534.270360473	0.000	22050.000	SAT.NA_nest_NA
72	Waveform 1	1	534.465570987	535.109350340	0.000	22050.000	SAT.NA_nest_NA
72	Spectrogram 1	1	534.465570987	535.109350340	0.000	22050.000	SAT.NA_nest_NA
73	Waveform 1	1	535.184111813	535.591146501	0.000	22050.000	SAT.NA_nest_NA
73	Spectrogram 1	1	535.184111813	535.591146501	0.000	22050.000	SAT.NA_nest_NA
74	Waveform 1	1	535.649294314	536.085402908	0.000	22050.000	SAT.NA_nest_NA
74	Spectrogram 1	1	535.649294314	536.085402908	0.000	22050.000	SAT.NA_nest_NA
75	Waveform 1	1	536.118630229	536.600426390	0.000	22050.000	SAT.NA_nest_NA
75	Spectrogram 1	1	536.118630229	536.600426390	0.000	22050.000	SAT.NA_nest_NA
76	Waveform 1	1	537.539098221	537.929519248	0.000	22050.000	SAT.NA_nest_NA
76	Spectrogram 1	1	537.539098221	537.929519248	0.000	22050.000	SAT.NA_nest_NA
77	Waveform 1	1	537.975206815	538.261792463	0.000	22050.000	SAT.NA_nest_NA
77	Spectrogram 1	1	537.975206815	538.261792463	0.000	22050.000	SAT.NA_nest_NA
78	Waveform 1	1	538.290866369	538.598219092	0.000	22050.000	SAT.NA_nest_NA
78	Spectrogram 1	1	538.290866369	538.598219092	0.000	22050.000	SAT.NA_nest_NA
80	Waveform 1	1	539.017714026	539.304299673	0.000	22050.000	SAT.NA_nest_NA
80	Spectrogram 1	1	539.017714026	539.304299673	0.000	22050.000	SAT.NA_nest_NA
81	Waveform 1	1	539.358294070	539.653186548	0.000	22050.000	SAT.NA_nest_NA
81	Spectrogram 1	1	539.358294070	539.653186548	0.000	22050.000	SAT.NA_nest_NA
82	Waveform 1	1	539.856703892	540.388341035	0.000	22050.000	SAT.NA_nest_NA
82	Spectrogram 1	1	539.856703892	540.388341035	0.000	22050.000	SAT.NA_nest_NA
83	Waveform 1	1	540.429875187	540.865983781	0.000	22050.000	SAT.NA_nest_NA
83	Spectrogram 1	1	540.429875187	540.865983781	0.000	22050.000	SAT.NA_nest_NA
84	Waveform 1	1	540.940745254	541.426694831	0.000	22050.000	SAT.NA_nest_NA
84	Spectrogram 1	1	540.940745254	541.426694831	0.000	22050.000	SAT.NA_nest_NA
85	Waveform 1	1	541.534683625	542.128621996	0.000	22050.000	SAT.NA_nest_NA
85	Spectrogram 1	1	541.534683625	542.128621996	0.000	22050.000	SAT.NA_nest_NA
86	Waveform 1	1	544.915563583	545.542729275	0.000	22050.000	SAT.NA_nest_NA
86	Spectrogram 1	1	544.915563583	545.542729275	0.000	22050.000	SAT.NA_nest_NA
87	Waveform 1	1	547.872795192	548.616256509	0.000	22050.000	SAT.NA_nest_NA
87	Spectrogram 1	1	547.872795192	548.616256509	0.000	22050.000	SAT.NA_nest_NA
88	Waveform 1	1	548.703478228	549.330643920	0.000	22050.000	SAT.NA_nest_NA
88	Spectrogram 1	1	548.703478228	549.330643920	0.000	22050.000	SAT.NA_nest_NA
89	Waveform 1	1	550.514367247	551.295209301	0.000	22050.000	SAT.NA_nest_NA
89	Spectrogram 1	1	550.514367247	551.295209301	0.000	22050.000	SAT.NA_nest_NA
90	Waveform 1	1	551.365817359	552.017903543	0.000	22050.000	SAT.NA_nest_NA
90	Spectrogram 1	1	551.365817359	552.017903543	0.000	22050.000	SAT.NA_nest_NA
91	Waveform 1	1	593.201754417	593.795692788	0.000	22050.000	SAT.NA_nest_NA
91	Spectrogram 1	1	593.201754417	593.795692788	0.000	22050.000	SAT.NA_nest_NA
92	Waveform 1	1	623.389067946	624.235080482	0.000	22050.000	SAT.NA_nest_NA
92	Spectrogram 1	1	623.389067946	624.235080482	0.000	22050.000	SAT.NA_nest_NA
93	Waveform 1	1	639.561679680	640.348668086	0.000	22050.000	SAT.NA_nest_NA
93	Spectrogram 1	1	639.561679680	640.348668086	0.000	22050.000	SAT.NA_nest_NA
79	Waveform 1	1	538.635599829	538.963719628	0.000	22050.000	SAT.NA_nest_NA
79	Spectrogram 1	1	538.635599829	538.963719628	0.000	22050.000	SAT.NA_nest_NA
