Selection	View	Channel	Begin Time (s)	End Time (s)	Low Freq (Hz)	High Freq (Hz)	Annotation
1	Waveform 1	1	1.602356488	2.048229598	0.0	22050.0	SAT.NA_nest_NA
1	Spectrogram 1	1	1.602356488	2.048229598	0.0	22050.0	SAT.NA_nest_NA
2	Waveform 1	1	6.437293023	6.771697855	0.0	22050.0	SAT.NA_nest_NA
2	Spectrogram 1	1	6.437293023	6.771697855	0.0	22050.0	SAT.NA_nest_NA
3	Waveform 1	1	9.042864008	9.363335306	0.0	22050.0	SAT.NA_nest_NA
3	Spectrogram 1	1	9.042864008	9.363335306	0.0	22050.0	SAT.NA_nest_NA
4	Waveform 1	1	11.181661582	11.495166112	0.0	22050.0	SAT.NA_nest_NA
4	Spectrogram 1	1	11.181661582	11.495166112	0.0	22050.0	SAT.NA_nest_NA
5	Waveform 1	1	19.785619247	20.168791451	0.0	22050.0	SAT.NA_nest_NA
5	Spectrogram 1	1	19.785619247	20.168791451	0.0	22050.0	SAT.NA_nest_NA
6	Waveform 1	1	32.695039129	33.057311031	0.0	22050.0	SAT.NA_nest_NA
6	Spectrogram 1	1	32.695039129	33.057311031	0.0	22050.0	SAT.NA_nest_NA
7	Waveform 1	1	37.418507386	37.766845753	0.0	22050.0	SAT.NA_nest_NA
7	Spectrogram 1	1	37.418507386	37.766845753	0.0	22050.0	SAT.NA_nest_NA
8	Waveform 1	1	42.427613104	42.817752075	0.0	22050.0	SAT.NA_nest_NA
8	Spectrogram 1	1	42.427613104	42.817752075	0.0	22050.0	SAT.NA_nest_NA
9	Waveform 1	1	57.273794307	57.656966510	0.0	22050.0	SAT.NA_nest_NA
9	Spectrogram 1	1	57.273794307	57.656966510	0.0	22050.0	SAT.NA_nest_NA
10	Waveform 1	1	75.052984560	75.484924135	0.0	22050.0	SAT.NA_nest_NA
10	Spectrogram 1	1	75.052984560	75.484924135	0.0	22050.0	SAT.NA_nest_NA
11	Waveform 1	1	169.253351299	169.447938112	0.0	22050.0	SAT.NA_nest_NA
11	Spectrogram 1	1	169.253351299	169.447938112	0.0	22050.0	SAT.NA_nest_NA
12	Waveform 1	1	169.509516217	169.743513017	0.0	22050.0	SAT.NA_nest_NA
12	Spectrogram 1	1	169.509516217	169.743513017	0.0	22050.0	SAT.NA_nest_NA
13	Waveform 1	1	169.807554247	170.046477296	0.0	22050.0	SAT.NA_nest_NA
13	Spectrogram 1	1	169.807554247	170.046477296	0.0	22050.0	SAT.NA_nest_NA
14	Waveform 1	1	170.112981650	170.322347208	0.0	22050.0	SAT.NA_nest_NA
14	Spectrogram 1	1	170.112981650	170.322347208	0.0	22050.0	SAT.NA_nest_NA
15	Waveform 1	1	170.418409052	170.593290871	0.0	22050.0	SAT.NA_nest_NA
15	Spectrogram 1	1	170.418409052	170.593290871	0.0	22050.0	SAT.NA_nest_NA
16	Waveform 1	1	170.723836455	170.908570771	0.0	22050.0	SAT.NA_nest_NA
16	Spectrogram 1	1	170.723836455	170.908570771	0.0	22050.0	SAT.NA_nest_NA
17	Waveform 1	1	170.972612001	171.177051310	0.0	22050.0	SAT.NA_nest_NA
17	Spectrogram 1	1	170.972612001	171.177051310	0.0	22050.0	SAT.NA_nest_NA
18	Waveform 1	1	406.641658771	406.907676186	0.0	22050.0	SAT.NA_nest_NA
18	Spectrogram 1	1	406.641658771	406.907676186	0.0	22050.0	SAT.NA_nest_NA
19	Waveform 1	1	410.814191190	411.114692345	0.0	22050.0	SAT.NA_flight_02
19	Spectrogram 1	1	410.814191190	411.114692345	0.0	22050.0	SAT.NA_flight_02
20	Waveform 1	1	412.168909508	412.464484414	0.0	22050.0	SAT.NA_flight_02
20	Spectrogram 1	1	412.168909508	412.464484414	0.0	22050.0	SAT.NA_flight_02
21	Waveform 1	1	414.159113874	414.444836283	0.0	22050.0	SAT.NA_flight_02
21	Spectrogram 1	1	414.159113874	414.444836283	0.0	22050.0	SAT.NA_flight_02
22	Waveform 1	1	504.957694712	505.116188669	0.0	22050.0	SAT.NA_nest_NA
22	Spectrogram 1	1	504.957694712	505.116188669	0.0	22050.0	SAT.NA_nest_NA
23	Waveform 1	1	506.464258150	506.636685641	0.0	22050.0	SAT.NA_nest_NA
23	Spectrogram 1	1	506.464258150	506.636685641	0.0	22050.0	SAT.NA_nest_NA
24	Waveform 1	1	508.418436389	508.587380497	0.0	22050.0	SAT.NA_nest_NA
24	Spectrogram 1	1	508.418436389	508.587380497	0.0	22050.0	SAT.NA_nest_NA
25	Waveform 1	1	510.637351787	510.832421272	0.0	22050.0	SAT.NA_nest_NA
25	Spectrogram 1	1	510.637351787	510.832421272	0.0	22050.0	SAT.NA_nest_NA
26	Waveform 1	1	513.228989237	513.401416729	0.0	22050.0	SAT.NA_nest_NA
26	Spectrogram 1	1	513.228989237	513.401416729	0.0	22050.0	SAT.NA_nest_NA
27	Waveform 1	1	530.682483117	530.903677980	0.0	22050.0	SAT.NA_nest_NA
27	Spectrogram 1	1	530.682483117	530.903677980	0.0	22050.0	SAT.NA_nest_NA
28	Waveform 1	1	561.444244309	561.712464852	0.0	22050.0	SAT.NA_nest_NA
28	Spectrogram 1	1	561.444244309	561.712464852	0.0	22050.0	SAT.NA_nest_NA
29	Waveform 1	1	564.754742071	564.961644505	0.0	22050.0	SAT.NA_U.leaving.nest_03
29	Spectrogram 1	1	564.754742071	564.961644505	0.0	22050.0	SAT.NA_U.leaving.nest_03
30	Waveform 1	1	564.986275747	565.291703150	0.0	22050.0	SAT.NA_U.leaving.nest_03
30	Spectrogram 1	1	564.986275747	565.291703150	0.0	22050.0	SAT.NA_U.leaving.nest_03
31	Waveform 1	1	565.296629398	565.666098030	0.0	22050.0	SAT.NA_U.leaving.nest_03
31	Spectrogram 1	1	565.296629398	565.666098030	0.0	22050.0	SAT.NA_U.leaving.nest_03
32	Waveform 1	1	565.941967942	566.350846562	0.0	22050.0	SAT.NA_U.leaving.nest_03
32	Spectrogram 1	1	565.941967942	566.350846562	0.0	22050.0	SAT.NA_U.leaving.nest_03
33	Waveform 1	1	566.616863977	567.025742597	0.0	22050.0	SAT.NA_U.leaving.nest_03
33	Spectrogram 1	1	566.616863977	567.025742597	0.0	22050.0	SAT.NA_U.leaving.nest_03
34	Waveform 1	1	567.153825056	567.542998682	0.0	22050.0	SAT.NA_U.leaving.nest_03
34	Spectrogram 1	1	567.153825056	567.542998682	0.0	22050.0	SAT.NA_U.leaving.nest_03
35	Waveform 1	1	567.690786135	568.045476022	0.0	22050.0	SAT.NA_U.leaving.nest_03
35	Spectrogram 1	1	567.690786135	568.045476022	0.0	22050.0	SAT.NA_U.leaving.nest_03
36	Waveform 1	1	568.365682170	568.843528267	0.0	22050.0	SAT.NA_U.leaving.nest_03
36	Spectrogram 1	1	568.365682170	568.843528267	0.0	22050.0	SAT.NA_U.leaving.nest_03
