Selection	View	Channel	Begin Time (s)	End Time (s)	Low Freq (Hz)	High Freq (Hz)	Annotation
1	Waveform 1	1	8.732617282	9.056171093	0.000	22050.000	SAT.NA_U.nest_NA
1	Spectrogram 1	1	8.732617282	9.056171093	0.000	22050.000	SAT.NA_U.nest_NA
2	Waveform 1	1	9.102869581	9.456443849	0.000	22050.000	SAT.NA_U.nest_NA
2	Spectrogram 1	1	9.102869581	9.456443849	0.000	22050.000	SAT.NA_U.nest_NA
3	Waveform 1	1	9.706614321	9.966791612	0.000	22050.000	SAT.NA_U.nest_NA
3	Spectrogram 1	1	9.706614321	9.966791612	0.000	22050.000	SAT.NA_U.nest_NA
4	Waveform 1	1	9.976798431	10.123565108	0.000	22050.000	SAT.NA_U.nest_NA
4	Spectrogram 1	1	9.976798431	10.123565108	0.000	22050.000	SAT.NA_U.nest_NA
5	Waveform 1	1	10.156921171	10.400420430	0.000	22050.000	SAT.NA_U.nest_NA
5	Spectrogram 1	1	10.156921171	10.400420430	0.000	22050.000	SAT.NA_U.nest_NA
6	Waveform 1	1	11.697971279	11.981497815	0.000	22050.000	SAT.NA_U.nest_NA
6	Spectrogram 1	1	11.697971279	11.981497815	0.000	22050.000	SAT.NA_U.nest_NA
7	Waveform 1	1	44.116728869	44.557028900	0.000	22050.000	SAT.NA_U.nest_NA
7	Spectrogram 1	1	44.116728869	44.557028900	0.000	22050.000	SAT.NA_U.nest_NA
8	Waveform 1	1	47.677363545	47.948577243	0.000	22050.000	SAT.NA_U.nest_NA
8	Spectrogram 1	1	47.677363545	47.948577243	0.000	22050.000	SAT.NA_U.nest_NA
9	Waveform 1	1	47.973313346	48.223324670	0.000	22050.000	SAT.NA_U.nest_NA
9	Spectrogram 1	1	47.973313346	48.223324670	0.000	22050.000	SAT.NA_U.nest_NA
10	Waveform 1	1	50.445313316	50.683728195	0.000	22050.000	SAT.NA_U.nest_NA
10	Spectrogram 1	1	50.445313316	50.683728195	0.000	22050.000	SAT.NA_U.nest_NA
11	Waveform 1	1	51.045421011	51.302443879	0.000	22050.000	SAT.NA_U.nest_NA
11	Spectrogram 1	1	51.045421011	51.302443879	0.000	22050.000	SAT.NA_U.nest_NA
12	Waveform 1	1	53.181538771	53.668378713	0.000	22050.000	SAT.NA_U.nest_NA
12	Spectrogram 1	1	53.181538771	53.668378713	0.000	22050.000	SAT.NA_U.nest_NA
13	Waveform 1	1	54.666503730	54.927789916	0.000	22050.000	SAT.NA_U.nest_NA
13	Spectrogram 1	1	54.666503730	54.927789916	0.000	22050.000	SAT.NA_U.nest_NA
14	Waveform 1	1	55.006967548	55.233943427	0.000	22050.000	SAT.NA_U.nest_NA
14	Spectrogram 1	1	55.006967548	55.233943427	0.000	22050.000	SAT.NA_U.nest_NA
15	Waveform 1	1	55.273532243	55.471476324	0.000	22050.000	SAT.NA_U.nest_NA
15	Spectrogram 1	1	55.273532243	55.471476324	0.000	22050.000	SAT.NA_U.nest_NA
16	Waveform 1	1	55.579685754	55.888478519	0.000	22050.000	SAT.NA_U.nest_NA
16	Spectrogram 1	1	55.579685754	55.888478519	0.000	22050.000	SAT.NA_U.nest_NA
17	Waveform 1	1	55.930706590	56.213106811	0.000	22050.000	SAT.NA_U.nest_NA
17	Spectrogram 1	1	55.930706590	56.213106811	0.000	22050.000	SAT.NA_U.nest_NA
18	Waveform 1	1	56.260613390	56.429525672	0.000	22050.000	SAT.NA_U.nest_NA
18	Spectrogram 1	1	56.260613390	56.429525672	0.000	22050.000	SAT.NA_U.nest_NA
19	Waveform 1	1	56.490228524	56.764710982	0.000	22050.000	SAT.NA_U.nest_NA
19	Spectrogram 1	1	56.490228524	56.764710982	0.000	22050.000	SAT.NA_U.nest_NA
20	Waveform 1	1	56.846527868	57.036554185	0.000	22050.000	SAT.NA_U.nest_NA
20	Spectrogram 1	1	56.846527868	57.036554185	0.000	22050.000	SAT.NA_U.nest_NA
21	Waveform 1	1	58.767905074	59.303673718	0.000	22050.000	SAT.NA_U.nest_NA
21	Spectrogram 1	1	58.767905074	59.303673718	0.000	22050.000	SAT.NA_U.nest_NA
22	Waveform 1	1	60.230540254	60.603787191	0.000	22050.000	SAT.NA_U.nest_NA
22	Spectrogram 1	1	60.230540254	60.603787191	0.000	22050.000	SAT.NA_U.nest_NA
23	Waveform 1	1	61.081543271	61.536904535	0.000	22050.000	SAT.NA_U.nest_NA
23	Spectrogram 1	1	61.081543271	61.536904535	0.000	22050.000	SAT.NA_U.nest_NA
24	Waveform 1	1	63.223980691	63.798780974	0.000	22050.000	SAT.NA_U.nest_NA
24	Spectrogram 1	1	63.223980691	63.798780974	0.000	22050.000	SAT.NA_U.nest_NA
25	Waveform 1	1	64.373581258	65.030495867	0.000	22050.000	SAT.NA_U.nest_NA
25	Spectrogram 1	1	64.373581258	65.030495867	0.000	22050.000	SAT.NA_U.nest_NA
26	Waveform 1	1	66.837011044	67.456600960	0.000	22050.000	
26	Spectrogram 1	1	66.837011044	67.456600960	0.000	22050.000	
27	Waveform 1	1	74.712521420	74.958864399	0.000	22050.000	SAT.NA_U.nest_NA
27	Spectrogram 1	1	74.712521420	74.958864399	0.000	22050.000	SAT.NA_U.nest_NA
28	Waveform 1	1	77.870190510	78.109068550	0.000	22050.000	SAT.NA_U.nest_NA
28	Spectrogram 1	1	77.870190510	78.109068550	0.000	22050.000	SAT.NA_U.nest_NA
29	Waveform 1	1	88.895905037	89.351266300	0.000	22050.000	SAT.NA_U.nest_NA
29	Spectrogram 1	1	88.895905037	89.351266300	0.000	22050.000	SAT.NA_U.nest_NA
30	Waveform 1	1	90.870381335	91.210036048	0.000	22050.000	SAT.NA_U.nest_NA
30	Spectrogram 1	1	90.870381335	91.210036048	0.000	22050.000	SAT.NA_U.nest_NA
31	Waveform 1	1	92.850456337	93.098665551	0.000	22050.000	SAT.NA_U.nest_NA
31	Spectrogram 1	1	92.850456337	93.098665551	0.000	22050.000	SAT.NA_U.nest_NA
32	Waveform 1	1	93.119194132	93.380466988	0.000	22050.000	SAT.NA_U.nest_NA
32	Spectrogram 1	1	93.119194132	93.380466988	0.000	22050.000	SAT.NA_U.nest_NA
33	Waveform 1	1	93.410326743	93.611880089	0.000	22050.000	SAT.NA_U.nest_NA
33	Spectrogram 1	1	93.410326743	93.611880089	0.000	22050.000	SAT.NA_U.nest_NA
34	Waveform 1	1	93.617478793	93.899280231	0.000	22050.000	SAT.NA_U.nest_NA
34	Spectrogram 1	1	93.617478793	93.899280231	0.000	22050.000	SAT.NA_U.nest_NA
35	Waveform 1	1	102.433390273	102.571951129	0.000	22050.000	SAT.NA_U.nest_NA
35	Spectrogram 1	1	102.433390273	102.571951129	0.000	22050.000	SAT.NA_U.nest_NA
36	Waveform 1	1	102.583827774	102.740863411	0.000	22050.000	SAT.NA_U.nest_NA
36	Spectrogram 1	1	102.583827774	102.740863411	0.000	22050.000	SAT.NA_U.nest_NA
37	Waveform 1	1	117.184474663	117.378459862	0.000	22050.000	SAT.NA_U.nest_NA
37	Spectrogram 1	1	117.184474663	117.378459862	0.000	22050.000	SAT.NA_U.nest_NA
38	Waveform 1	1	117.489308547	117.709686290	0.000	22050.000	SAT.NA_U.nest_NA
38	Spectrogram 1	1	117.489308547	117.709686290	0.000	22050.000	SAT.NA_U.nest_NA
39	Waveform 1	1	121.436313508	121.676485659	0.000	22050.000	SAT.NA_U.nest_NA
39	Spectrogram 1	1	121.436313508	121.676485659	0.000	22050.000	SAT.NA_U.nest_NA
40	Waveform 1	1	121.114324471	121.256844209	0.000	22050.000	SAT.NA_U.nest_NA
40	Spectrogram 1	1	121.114324471	121.256844209	0.000	22050.000	SAT.NA_U.nest_NA
41	Waveform 1	1	121.793761636	121.911121812	0.000	22050.000	SAT.NA_U.nest_NA
41	Spectrogram 1	1	121.793761636	121.911121812	0.000	22050.000	SAT.NA_U.nest_NA
42	Waveform 1	1	121.922177481	122.065050739	0.000	22050.000	SAT.NA_U.nest_NA
42	Spectrogram 1	1	121.922177481	122.065050739	0.000	22050.000	SAT.NA_U.nest_NA
43	Waveform 1	1	122.102469925	122.279360626	0.000	22050.000	SAT.NA_U.nest_NA
43	Spectrogram 1	1	122.102469925	122.279360626	0.000	22050.000	SAT.NA_U.nest_NA
44	Waveform 1	1	122.321882429	122.530239263	0.000	22050.000	SAT.NA_U.nest_NA
44	Spectrogram 1	1	122.321882429	122.530239263	0.000	22050.000	SAT.NA_U.nest_NA
45	Waveform 1	1	124.157973882	124.355275047	0.000	22050.000	SAT.NA_U.nest_NA
45	Spectrogram 1	1	124.157973882	124.355275047	0.000	22050.000	SAT.NA_U.nest_NA
46	Waveform 1	1	131.669025160	131.961575165	0.000	22050.000	SAT.NA_U.nest_NA
46	Spectrogram 1	1	131.669025160	131.961575165	0.000	22050.000	SAT.NA_U.nest_NA
47	Waveform 1	1	134.540097297	134.771415905	0.000	22050.000	SAT.NA_U.nest_NA
47	Spectrogram 1	1	134.540097297	134.771415905	0.000	22050.000	SAT.NA_U.nest_NA
48	Waveform 1	1	134.948306606	135.179625214	0.000	22050.000	SAT.NA_U.nest_NA
48	Spectrogram 1	1	134.948306606	135.179625214	0.000	22050.000	SAT.NA_U.nest_NA
49	Waveform 1	1	138.118732236	138.384068287	0.000	22050.000	SAT.NA_U.nest_NA
49	Spectrogram 1	1	138.118732236	138.384068287	0.000	22050.000	SAT.NA_U.nest_NA
50	Waveform 1	1	140.554381111	141.057839258	0.000	22050.000	SAT.NA_U.nest_NA
50	Spectrogram 1	1	140.554381111	141.057839258	0.000	22050.000	SAT.NA_U.nest_NA
51	Waveform 1	1	143.200938128	143.629557902	0.000	22050.000	SAT.NA_U.nest_NA
51	Spectrogram 1	1	143.200938128	143.629557902	0.000	22050.000	SAT.NA_U.nest_NA
52	Waveform 1	1	169.550848999	170.033896681	0.000	22050.000	SAT.NA_U.nest_NA
52	Spectrogram 1	1	169.550848999	170.033896681	0.000	22050.000	SAT.NA_U.nest_NA
53	Waveform 1	1	172.700725047	172.871322355	0.000	22050.000	SAT.NA_U.nest_NA
53	Spectrogram 1	1	172.700725047	172.871322355	0.000	22050.000	SAT.NA_U.nest_NA
54	Waveform 1	1	173.283108960	173.522337369	0.000	22050.000	SAT.NA_U.nest_NA
54	Spectrogram 1	1	173.283108960	173.522337369	0.000	22050.000	SAT.NA_U.nest_NA
55	Waveform 1	1	173.563516030	173.781174664	0.000	22050.000	SAT.NA_U.nest_NA
55	Spectrogram 1	1	173.563516030	173.781174664	0.000	22050.000	SAT.NA_U.nest_NA
56	Waveform 1	1	173.859610208	174.100799505	0.000	22050.000	SAT.NA_U.nest_NA
56	Spectrogram 1	1	173.859610208	174.100799505	0.000	22050.000	SAT.NA_U.nest_NA
57	Waveform 1	1	175.216545117	175.734219707	0.000	22050.000	SAT.NA_U.nest_NA
57	Spectrogram 1	1	175.216545117	175.734219707	0.000	22050.000	SAT.NA_U.nest_NA
58	Waveform 1	1	177.789012195	177.994573751	0.000	22050.000	SAT.NA_U.nest_NA
58	Spectrogram 1	1	177.789012195	177.994573751	0.000	22050.000	SAT.NA_U.nest_NA
59	Waveform 1	1	178.250683230	178.493313263	0.000	22050.000	SAT.NA_U.nest_NA
59	Spectrogram 1	1	178.250683230	178.493313263	0.000	22050.000	SAT.NA_U.nest_NA
60	Waveform 1	1	178.698874818	178.968463744	0.000	22050.000	SAT.NA_U.nest_NA
60	Spectrogram 1	1	178.698874818	178.968463744	0.000	22050.000	SAT.NA_U.nest_NA
61	Waveform 1	1	179.197614330	179.386326578	0.000	22050.000	SAT.NA_U.nest_NA
61	Spectrogram 1	1	179.197614330	179.386326578	0.000	22050.000	SAT.NA_U.nest_NA
62	Waveform 1	1	179.413285471	179.652545642	0.000	22050.000	SAT.NA_U.nest_NA
62	Spectrogram 1	1	179.413285471	179.652545642	0.000	22050.000	SAT.NA_U.nest_NA
63	Waveform 1	1	179.676134673	179.881696228	0.000	22050.000	SAT.NA_U.nest_NA
63	Spectrogram 1	1	179.676134673	179.881696228	0.000	22050.000	SAT.NA_U.nest_NA
64	Waveform 1	1	179.905285259	180.151285154	0.000	22050.000	SAT.NA_U.nest_NA
64	Spectrogram 1	1	179.905285259	180.151285154	0.000	22050.000	SAT.NA_U.nest_NA
65	Waveform 1	1	184.707337993	185.229666536	0.000	22050.000	SAT.NA_U.nest_NA
65	Spectrogram 1	1	184.707337993	185.229666536	0.000	22050.000	SAT.NA_U.nest_NA
66	Waveform 1	1	214.161171203	214.500923666	0.000	22050.000	SAT.NA_U.nest_NA
66	Spectrogram 1	1	214.161171203	214.500923666	0.000	22050.000	SAT.NA_U.nest_NA
67	Waveform 1	1	214.604274940	214.919080543	0.000	22050.000	SAT.NA_U.nest_NA
67	Spectrogram 1	1	214.604274940	214.919080543	0.000	22050.000	SAT.NA_U.nest_NA
68	Waveform 1	1	224.498125237	224.830580510	0.000	22050.000	SAT.NA_U.nest_NA
68	Spectrogram 1	1	224.498125237	224.830580510	0.000	22050.000	SAT.NA_U.nest_NA
69	Waveform 1	1	226.788878692	227.153213238	0.000	22050.000	SAT.NA_U.nest_NA
69	Spectrogram 1	1	226.788878692	227.153213238	0.000	22050.000	SAT.NA_U.nest_NA
70	Waveform 1	1	228.264433602	228.524021966	0.000	22050.000	SAT.NA_U.nest_NA
70	Spectrogram 1	1	228.264433602	228.524021966	0.000	22050.000	SAT.NA_U.nest_NA
71	Waveform 1	1	232.408739059	233.064541241	0.000	22050.000	SAT.NA_U.nest_NA
71	Spectrogram 1	1	232.408739059	233.064541241	0.000	22050.000	SAT.NA_U.nest_NA
72	Waveform 1	1	235.047344203	235.244021002	0.000	22050.000	SAT.NA_U.nest_NA
72	Spectrogram 1	1	235.047344203	235.244021002	0.000	22050.000	SAT.NA_U.nest_NA
73	Waveform 1	1	235.548060926	235.682498231	0.000	22050.000	SAT.NA_U.nest_NA
73	Spectrogram 1	1	235.548060926	235.682498231	0.000	22050.000	SAT.NA_U.nest_NA
74	Waveform 1	1	235.713522225	235.910007517	0.000	22050.000	SAT.NA_U.nest_NA
74	Spectrogram 1	1	235.713522225	235.910007517	0.000	22050.000	SAT.NA_U.nest_NA
75	Waveform 1	1	235.928104847	236.114248808	0.000	22050.000	SAT.NA_U.nest_NA
75	Spectrogram 1	1	235.928104847	236.114248808	0.000	22050.000	SAT.NA_U.nest_NA
76	Waveform 1	1	236.129760805	236.326246097	0.000	22050.000	SAT.NA_U.nest_NA
76	Spectrogram 1	1	236.129760805	236.326246097	0.000	22050.000	SAT.NA_U.nest_NA
77	Waveform 1	1	236.357270091	236.589950042	0.000	22050.000	SAT.NA_U.nest_NA
77	Spectrogram 1	1	236.357270091	236.589950042	0.000	22050.000	SAT.NA_U.nest_NA
78	Waveform 1	1	236.615803370	236.807117997	0.000	22050.000	SAT.NA_U.nest_NA
78	Spectrogram 1	1	236.615803370	236.807117997	0.000	22050.000	SAT.NA_U.nest_NA
79	Waveform 1	1	236.822629994	237.050139280	0.000	22050.000	SAT.NA_U.nest_NA
79	Spectrogram 1	1	236.822629994	237.050139280	0.000	22050.000	SAT.NA_U.nest_NA
80	Waveform 1	1	237.063065944	237.308672559	0.000	22050.000	SAT.NA_U.nest_NA
80	Spectrogram 1	1	237.063065944	237.308672559	0.000	22050.000	SAT.NA_U.nest_NA
81	Waveform 1	1	237.319013890	237.538767178	0.000	22050.000	SAT.NA_U.nest_NA
81	Spectrogram 1	1	237.319013890	237.538767178	0.000	22050.000	SAT.NA_U.nest_NA
82	Waveform 1	1	237.554279175	237.812812454	0.000	22050.000	SAT.NA_U.nest_NA
82	Spectrogram 1	1	237.554279175	237.812812454	0.000	22050.000	SAT.NA_U.nest_NA
83	Waveform 1	1	237.830909784	238.094613729	0.000	22050.000	SAT.NA_U.nest_NA
83	Spectrogram 1	1	237.830909784	238.094613729	0.000	22050.000	SAT.NA_U.nest_NA
84	Waveform 1	1	239.428645451	239.813860037	0.000	22050.000	SAT.NA_U.nest_NA
84	Spectrogram 1	1	239.428645451	239.813860037	0.000	22050.000	SAT.NA_U.nest_NA
85	Waveform 1	1	240.036198658	240.302487936	0.000	22050.000	SAT.NA_U.nest_NA
85	Spectrogram 1	1	240.036198658	240.302487936	0.000	22050.000	SAT.NA_U.nest_NA
86	Waveform 1	1	240.359365257	240.612727871	0.000	22050.000	SAT.NA_U.nest_NA
86	Spectrogram 1	1	240.359365257	240.612727871	0.000	22050.000	SAT.NA_U.nest_NA
87	Waveform 1	1	240.648922530	240.941065136	0.000	22050.000	SAT.NA_U.nest_NA
87	Spectrogram 1	1	240.648922530	240.941065136	0.000	22050.000	SAT.NA_U.nest_NA
88	Waveform 1	1	240.959162465	241.160818423	0.000	22050.000	SAT.NA_U.nest_NA
88	Spectrogram 1	1	240.959162465	241.160818423	0.000	22050.000	SAT.NA_U.nest_NA
89	Waveform 1	1	241.209939747	241.509838351	0.000	22050.000	SAT.NA_U.nest_NA
89	Spectrogram 1	1	241.209939747	241.509838351	0.000	22050.000	SAT.NA_U.nest_NA
90	Waveform 1	1	241.527935680	241.853687612	0.000	22050.000	SAT.NA_U.nest_NA
90	Spectrogram 1	1	241.527935680	241.853687612	0.000	22050.000	SAT.NA_U.nest_NA
91	Waveform 1	1	242.598263457	242.973136713	0.000	22050.000	SAT.NA_U.nest_NA
91	Spectrogram 1	1	242.598263457	242.973136713	0.000	22050.000	SAT.NA_U.nest_NA
92	Waveform 1	1	244.079659149	244.270973776	0.000	22050.000	SAT.NA_U.nest_NA
92	Spectrogram 1	1	244.079659149	244.270973776	0.000	22050.000	SAT.NA_U.nest_NA
93	Waveform 1	1	245.080182940	245.336130887	0.000	22050.000	SAT.NA_U.nest_NA
93	Spectrogram 1	1	245.080182940	245.336130887	0.000	22050.000	SAT.NA_U.nest_NA
94	Waveform 1	1	246.535725304	246.820111911	0.000	22050.000	SAT.NA_U.nest_NA
94	Spectrogram 1	1	246.535725304	246.820111911	0.000	22050.000	SAT.NA_U.nest_NA
95	Waveform 1	1	249.076231398	249.265134391	0.000	22050.000	SAT.NA_U.nest_NA
95	Spectrogram 1	1	249.076231398	249.265134391	0.000	22050.000	SAT.NA_U.nest_NA
96	Waveform 1	1	249.351490044	249.578173635	0.000	22050.000	SAT.NA_U.nest_NA
96	Spectrogram 1	1	249.351490044	249.578173635	0.000	22050.000	SAT.NA_U.nest_NA
97	Waveform 1	1	249.676673052	249.981616454	0.000	22050.000	SAT.NA_U.nest_NA
97	Spectrogram 1	1	249.676673052	249.981616454	0.000	22050.000	SAT.NA_U.nest_NA
98	Waveform 1	1	251.883674349	252.124121660	0.000	22050.000	SAT.NA_U.nest_NA
98	Spectrogram 1	1	251.883674349	252.124121660	0.000	22050.000	SAT.NA_U.nest_NA
99	Waveform 1	1	252.293148978	252.552641620	0.000	22050.000	SAT.NA_U.nest_NA
99	Spectrogram 1	1	252.293148978	252.552641620	0.000	22050.000	SAT.NA_U.nest_NA
100	Waveform 1	1	252.597874283	252.840702260	0.000	22050.000	SAT.NA_U.nest_NA
100	Spectrogram 1	1	252.597874283	252.840702260	0.000	22050.000	SAT.NA_U.nest_NA
101	Waveform 1	1	253.921524827	254.226250132	0.000	22050.000	SAT.NA_U.nest_NA
101	Spectrogram 1	1	253.921524827	254.226250132	0.000	22050.000	SAT.NA_U.nest_NA
102	Waveform 1	1	254.500026774	254.766661416	0.000	22050.000	SAT.NA_U.nest_NA
102	Spectrogram 1	1	254.500026774	254.766661416	0.000	22050.000	SAT.NA_U.nest_NA
103	Waveform 1	1	254.892836738	255.157090713	0.000	22050.000	SAT.NA_U.nest_NA
103	Spectrogram 1	1	254.892836738	255.157090713	0.000	22050.000	SAT.NA_U.nest_NA
106	Waveform 1	1	255.215417041	255.560613676	0.000	22050.000	SAT.NA_U.nest_NA
106	Spectrogram 1	1	255.215417041	255.560613676	0.000	22050.000	SAT.NA_U.nest_NA
107	Waveform 1	1	256.091502294	256.301000941	0.000	22050.000	SAT.NA_U.nest_NA
107	Spectrogram 1	1	256.091502294	256.301000941	0.000	22050.000	SAT.NA_U.nest_NA
108	Waveform 1	1	256.777134230	257.041388206	0.000	22050.000	SAT.NA_U.nest_NA
108	Spectrogram 1	1	256.777134230	257.041388206	0.000	22050.000	SAT.NA_U.nest_NA
109	Waveform 1	1	257.148518196	257.405630172	0.000	22050.000	SAT.NA_U.nest_NA
109	Spectrogram 1	1	257.148518196	257.405630172	0.000	22050.000	SAT.NA_U.nest_NA
110	Waveform 1	1	257.467527500	257.636554818	0.000	22050.000	SAT.NA_U.nest_NA
110	Spectrogram 1	1	257.467527500	257.636554818	0.000	22050.000	SAT.NA_U.nest_NA
111	Waveform 1	1	257.731781476	258.119830106	0.000	22050.000	SAT.NA_U.nest_NA
111	Spectrogram 1	1	257.731781476	258.119830106	0.000	22050.000	SAT.NA_U.nest_NA
112	Waveform 1	1	258.303141423	258.662622056	0.000	22050.000	SAT.NA_U.nest_NA
112	Spectrogram 1	1	258.303141423	258.662622056	0.000	22050.000	SAT.NA_U.nest_NA
113	Waveform 1	1	261.828908431	262.097923739	0.000	22050.000	SAT.NA_U.nest_NA
113	Spectrogram 1	1	261.828908431	262.097923739	0.000	22050.000	SAT.NA_U.nest_NA
114	Waveform 1	1	262.193106354	262.371607658	0.000	22050.000	SAT.NA_U.nest_NA
114	Spectrogram 1	1	262.193106354	262.371607658	0.000	22050.000	SAT.NA_U.nest_NA
115	Waveform 1	1	262.467576100	262.717094052	0.000	22050.000	SAT.NA_U.nest_NA
115	Spectrogram 1	1	262.467576100	262.717094052	0.000	22050.000	SAT.NA_U.nest_NA
116	Waveform 1	1	264.532346056	264.740449862	0.000	22050.000	SAT.NA_U.nest_NA
116	Spectrogram 1	1	264.532346056	264.740449862	0.000	22050.000	SAT.NA_U.nest_NA
117	Waveform 1	1	264.812833795	264.975697643	0.000	22050.000	SAT.NA_U.nest_NA
117	Spectrogram 1	1	264.812833795	264.975697643	0.000	22050.000	SAT.NA_U.nest_NA
118	Waveform 1	1	265.057129567	265.438954812	0.000	22050.000	SAT.NA_U.nest_NA
118	Spectrogram 1	1	265.057129567	265.438954812	0.000	22050.000	SAT.NA_U.nest_NA
119	Waveform 1	1	268.166314537	268.514360090	0.000	22050.000	SAT.NA_U.nest_NA
119	Spectrogram 1	1	268.166314537	268.514360090	0.000	22050.000	SAT.NA_U.nest_NA
120	Waveform 1	1	274.113798841	274.733115193	0.000	22050.000	SAT.NA_U.nest_NA
120	Spectrogram 1	1	274.113798841	274.733115193	0.000	22050.000	SAT.NA_U.nest_NA
121	Waveform 1	1	274.997528344	275.158842544	0.000	22050.000	SAT.NA_U.nest_NA
121	Spectrogram 1	1	274.997528344	275.158842544	0.000	22050.000	SAT.NA_U.nest_NA
122	Waveform 1	1	275.225266038	275.426908788	0.000	22050.000	SAT.NA_U.nest_NA
122	Spectrogram 1	1	275.225266038	275.426908788	0.000	22050.000	SAT.NA_U.nest_NA
123	Waveform 1	1	275.533660832	275.742420385	0.000	22050.000	SAT.NA_U.nest_NA
123	Spectrogram 1	1	275.533660832	275.742420385	0.000	22050.000	SAT.NA_U.nest_NA
124	Waveform 1	1	275.763770794	276.038953841	0.000	22050.000	SAT.NA_U.nest_NA
124	Spectrogram 1	1	275.763770794	276.038953841	0.000	22050.000	SAT.NA_U.nest_NA
125	Waveform 1	1	276.366326776	276.665232499	0.000	22050.000	SAT.NA_U.nest_NA
125	Spectrogram 1	1	276.366326776	276.665232499	0.000	22050.000	SAT.NA_U.nest_NA
126	Waveform 1	1	276.717422387	277.170525507	0.000	22050.000	SAT.NA_U.nest_NA
126	Spectrogram 1	1	276.717422387	277.170525507	0.000	22050.000	SAT.NA_U.nest_NA
127	Waveform 1	1	277.225087663	277.557205133	0.000	22050.000	SAT.NA_U.nest_NA
127	Spectrogram 1	1	277.225087663	277.557205133	0.000	22050.000	SAT.NA_U.nest_NA
128	Waveform 1	1	277.635489966	278.017425057	0.000	22050.000	SAT.NA_U.nest_NA
128	Spectrogram 1	1	277.635489966	278.017425057	0.000	22050.000	SAT.NA_U.nest_NA
129	Waveform 1	1	279.011405200	279.364873079	0.000	22050.000	SAT.NA_U.nest_NA
129	Spectrogram 1	1	279.011405200	279.364873079	0.000	22050.000	SAT.NA_U.nest_NA
130	Waveform 1	1	279.409946164	279.628194788	0.000	22050.000	SAT.NA_U.nest_NA
130	Spectrogram 1	1	279.409946164	279.628194788	0.000	22050.000	SAT.NA_U.nest_NA
131	Waveform 1	1	279.678012408	279.915239173	0.000	22050.000	SAT.NA_U.nest_NA
131	Spectrogram 1	1	279.678012408	279.915239173	0.000	22050.000	SAT.NA_U.nest_NA
132	Waveform 1	1	280.724182440	281.025460431	0.000	22050.000	SAT.NA_U.nest_NA
132	Spectrogram 1	1	280.724182440	281.025460431	0.000	22050.000	SAT.NA_U.nest_NA
133	Waveform 1	1	281.044438572	281.265059463	0.000	22050.000	SAT.NA_U.nest_NA
133	Spectrogram 1	1	281.044438572	281.265059463	0.000	22050.000	SAT.NA_U.nest_NA
134	Waveform 1	1	281.331482957	281.554476115	0.000	22050.000	SAT.NA_U.nest_NA
134	Spectrogram 1	1	281.331482957	281.554476115	0.000	22050.000	SAT.NA_U.nest_NA
135	Waveform 1	1	282.928019082	283.188968523	0.000	22050.000	SAT.NA_U.nest_NA
135	Spectrogram 1	1	282.928019082	283.188968523	0.000	22050.000	SAT.NA_U.nest_NA
136	Waveform 1	1	283.229297073	283.397728076	0.000	22050.000	SAT.NA_U.nest_NA
136	Spectrogram 1	1	283.229297073	283.397728076	0.000	22050.000	SAT.NA_U.nest_NA
137	Waveform 1	1	283.490246514	283.706122870	0.000	22050.000	SAT.NA_U.nest_NA
137	Spectrogram 1	1	283.490246514	283.706122870	0.000	22050.000	SAT.NA_U.nest_NA
138	Waveform 1	1	303.995374212	304.260033353	0.000	22050.000	SAT.NA_U.nest_NA
138	Spectrogram 1	1	303.995374212	304.260033353	0.000	22050.000	SAT.NA_U.nest_NA
139	Waveform 1	1	304.284093275	304.596872260	0.000	22050.000	SAT.NA_U.nest_NA
139	Spectrogram 1	1	304.284093275	304.596872260	0.000	22050.000	SAT.NA_U.nest_NA
140	Waveform 1	1	304.729201830	305.029950854	0.000	22050.000	SAT.NA_U.nest_NA
140	Spectrogram 1	1	304.729201830	305.029950854	0.000	22050.000	SAT.NA_U.nest_NA
141	Waveform 1	1	305.146240477	305.370799748	0.000	22050.000	SAT.NA_U.nest_NA
141	Spectrogram 1	1	305.146240477	305.370799748	0.000	22050.000	SAT.NA_U.nest_NA
142	Waveform 1	1	305.414909605	305.675558759	0.000	22050.000	SAT.NA_U.nest_NA
142	Spectrogram 1	1	305.414909605	305.675558759	0.000	22050.000	SAT.NA_U.nest_NA
143	Waveform 1	1	305.727688589	305.996357717	0.000	22050.000	SAT.NA_U.nest_NA
143	Spectrogram 1	1	305.727688589	305.996357717	0.000	22050.000	SAT.NA_U.nest_NA
144	Waveform 1	1	306.072547470	306.341216598	0.000	22050.000	SAT.NA_U.nest_NA
144	Spectrogram 1	1	306.072547470	306.341216598	0.000	22050.000	SAT.NA_U.nest_NA
145	Waveform 1	1	306.373296494	306.694095452	0.000	22050.000	SAT.NA_U.nest_NA
145	Spectrogram 1	1	306.373296494	306.694095452	0.000	22050.000	SAT.NA_U.nest_NA
146	Waveform 1	1	306.730185335	307.083064190	0.000	22050.000	SAT.NA_U.nest_NA
146	Spectrogram 1	1	306.730185335	307.083064190	0.000	22050.000	SAT.NA_U.nest_NA
147	Waveform 1	1	307.115144086	307.636442393	0.000	22050.000	SAT.NA_U.nest_NA
147	Spectrogram 1	1	307.115144086	307.636442393	0.000	22050.000	SAT.NA_U.nest_NA
148	Waveform 1	1	307.664512302	307.977291287	0.000	22050.000	SAT.NA_U.nest_NA
148	Spectrogram 1	1	307.664512302	307.977291287	0.000	22050.000	SAT.NA_U.nest_NA
149	Waveform 1	1	308.077540962	308.338190115	0.000	22050.000	SAT.NA_U.nest_NA
149	Spectrogram 1	1	308.077540962	308.338190115	0.000	22050.000	SAT.NA_U.nest_NA
150	Waveform 1	1	308.442449777	308.839438488	0.000	22050.000	SAT.NA_U.nest_NA
150	Spectrogram 1	1	308.442449777	308.839438488	0.000	22050.000	SAT.NA_U.nest_NA
151	Waveform 1	1	309.348706835	309.749705534	0.000	22050.000	SAT.NA_U.nest_NA
151	Spectrogram 1	1	309.348706835	309.749705534	0.000	22050.000	SAT.NA_U.nest_NA
152	Waveform 1	1	309.785795416	310.130654297	0.000	22050.000	SAT.NA_U.nest_NA
152	Spectrogram 1	1	309.785795416	310.130654297	0.000	22050.000	SAT.NA_U.nest_NA
153	Waveform 1	1	311.502069845	311.786778921	0.000	22050.000	SAT.NA_U.nest_NA
153	Spectrogram 1	1	311.502069845	311.786778921	0.000	22050.000	SAT.NA_U.nest_NA
154	Waveform 1	1	312.207827554	312.420356865	0.000	22050.000	SAT.NA_U.nest_NA
154	Spectrogram 1	1	312.207827554	312.420356865	0.000	22050.000	SAT.NA_U.nest_NA
155	Waveform 1	1	312.500556604	312.789275667	0.000	22050.000	SAT.NA_U.nest_NA
155	Spectrogram 1	1	312.500556604	312.789275667	0.000	22050.000	SAT.NA_U.nest_NA
156	Waveform 1	1	320.039332133	320.259881417	0.000	22050.000	SAT.NA_U.nest_NA
156	Spectrogram 1	1	320.039332133	320.259881417	0.000	22050.000	SAT.NA_U.nest_NA
157	Waveform 1	1	320.356121105	320.580680376	0.000	22050.000	SAT.NA_U.nest_NA
157	Spectrogram 1	1	320.356121105	320.580680376	0.000	22050.000	SAT.NA_U.nest_NA
158	Waveform 1	1	320.652860141	320.865389452	0.000	22050.000	SAT.NA_U.nest_NA
158	Spectrogram 1	1	320.652860141	320.865389452	0.000	22050.000	SAT.NA_U.nest_NA
159	Waveform 1	1	320.969649113	321.238318241	0.000	22050.000	SAT.NA_U.nest_NA
159	Spectrogram 1	1	320.969649113	321.238318241	0.000	22050.000	SAT.NA_U.nest_NA
160	Waveform 1	1	322.365124583	322.669883594	0.000	22050.000	SAT.NA_U.nest_NA
160	Spectrogram 1	1	322.365124583	322.669883594	0.000	22050.000	SAT.NA_U.nest_NA
161	Waveform 1	1	322.701963490	323.022762449	0.000	22050.000	SAT.NA_U.nest_NA
161	Spectrogram 1	1	322.701963490	323.022762449	0.000	22050.000	SAT.NA_U.nest_NA
162	Waveform 1	1	323.187171915	323.616240522	0.000	22050.000	SAT.NA_U.nest_NA
162	Spectrogram 1	1	323.187171915	323.616240522	0.000	22050.000	SAT.NA_U.nest_NA
163	Waveform 1	1	323.728520158	324.342048166	0.000	22050.000	SAT.NA_U.nest_NA
163	Spectrogram 1	1	323.728520158	324.342048166	0.000	22050.000	SAT.NA_U.nest_NA
164	Waveform 1	1	331.251255739	331.427695166	0.000	22050.000	SAT.NA_U.nest_NA
164	Spectrogram 1	1	331.251255739	331.427695166	0.000	22050.000	SAT.NA_U.nest_NA
165	Waveform 1	1	331.560024736	331.716414229	0.000	22050.000	SAT.NA_U.nest_NA
165	Spectrogram 1	1	331.560024736	331.716414229	0.000	22050.000	SAT.NA_U.nest_NA
166	Waveform 1	1	331.804633942	332.037213187	0.000	22050.000	SAT.NA_U.nest_NA
166	Spectrogram 1	1	331.804633942	332.037213187	0.000	22050.000	SAT.NA_U.nest_NA
167	Waveform 1	1	332.161522784	332.394102029	0.000	22050.000	SAT.NA_U.nest_NA
167	Spectrogram 1	1	332.161522784	332.394102029	0.000	22050.000	SAT.NA_U.nest_NA
168	Waveform 1	1	332.470291782	332.666781144	0.000	22050.000	SAT.NA_U.nest_NA
168	Spectrogram 1	1	332.470291782	332.666781144	0.000	22050.000	SAT.NA_U.nest_NA
169	Waveform 1	1	332.746980883	333.027679972	0.000	22050.000	SAT.NA_U.nest_NA
169	Spectrogram 1	1	332.746980883	333.027679972	0.000	22050.000	SAT.NA_U.nest_NA
170	Waveform 1	1	333.079809803	333.340458957	0.000	22050.000	SAT.NA_U.nest_NA
170	Spectrogram 1	1	333.079809803	333.340458957	0.000	22050.000	SAT.NA_U.nest_NA
171	Waveform 1	1	333.412638723	333.645217968	0.000	22050.000	SAT.NA_U.nest_NA
171	Spectrogram 1	1	333.412638723	333.645217968	0.000	22050.000	SAT.NA_U.nest_NA
172	Waveform 1	1	335.265252709	335.610111590	0.000	22050.000	SAT.NA_U.nest_NA
172	Spectrogram 1	1	335.265252709	335.610111590	0.000	22050.000	SAT.NA_U.nest_NA
173	Waveform 1	1	345.322300063	345.598989165	0.000	22050.000	SAT.NA_U.nest_NA
173	Spectrogram 1	1	345.322300063	345.598989165	0.000	22050.000	SAT.NA_U.nest_NA
174	Waveform 1	1	358.066038697	358.238468137	0.000	22050.000	SAT.NA_U.nest_NA
174	Spectrogram 1	1	358.066038697	358.238468137	0.000	22050.000	SAT.NA_U.nest_NA
175	Waveform 1	1	358.358767746	358.675556718	0.000	22050.000	SAT.NA_U.nest_NA
175	Spectrogram 1	1	358.358767746	358.675556718	0.000	22050.000	SAT.NA_U.nest_NA
176	Waveform 1	1	358.719666575	359.100615338	0.000	22050.000	SAT.NA_U.nest_NA
176	Spectrogram 1	1	358.719666575	359.100615338	0.000	22050.000	SAT.NA_U.nest_NA
177	Waveform 1	1	359.533693932	359.834442956	0.000	22050.000	SAT.NA_U.nest_NA
177	Spectrogram 1	1	359.533693932	359.834442956	0.000	22050.000	SAT.NA_U.nest_NA
178	Waveform 1	1	359.910632709	360.211381733	0.000	22050.000	SAT.NA_U.nest_NA
178	Spectrogram 1	1	359.910632709	360.211381733	0.000	22050.000	SAT.NA_U.nest_NA
179	Waveform 1	1	360.351731277	360.588320509	0.000	22050.000	SAT.NA_U.nest_NA
179	Spectrogram 1	1	360.351731277	360.588320509	0.000	22050.000	SAT.NA_U.nest_NA
180	Waveform 1	1	363.174762113	363.475511137	0.000	22050.000	SAT.NA_U.nest_NA
180	Spectrogram 1	1	363.174762113	363.475511137	0.000	22050.000	SAT.NA_U.nest_NA
181	Waveform 1	1	362.757723467	363.102582348	0.000	22050.000	SAT.NA_U.nest_NA
181	Spectrogram 1	1	362.757723467	363.102582348	0.000	22050.000	SAT.NA_U.nest_NA
182	Waveform 1	1	363.543680916	363.840419953	0.000	22050.000	SAT.NA_U.nest_NA
182	Spectrogram 1	1	363.543680916	363.840419953	0.000	22050.000	SAT.NA_U.nest_NA
183	Waveform 1	1	363.904579744	364.149188950	0.000	22050.000	SAT.NA_U.nest_NA
183	Spectrogram 1	1	363.904579744	364.149188950	0.000	22050.000	SAT.NA_U.nest_NA
184	Waveform 1	1	364.469987909	364.786776881	0.000	22050.000	SAT.NA_U.nest_NA
184	Spectrogram 1	1	364.469987909	364.786776881	0.000	22050.000	SAT.NA_U.nest_NA
185	Waveform 1	1	364.830886738	365.067475970	0.000	22050.000	SAT.NA_U.nest_NA
185	Spectrogram 1	1	364.830886738	365.067475970	0.000	22050.000	SAT.NA_U.nest_NA
186	Waveform 1	1	365.211835501	365.428374798	0.000	22050.000	SAT.NA_U.nest_NA
186	Spectrogram 1	1	365.211835501	365.428374798	0.000	22050.000	SAT.NA_U.nest_NA
187	Waveform 1	1	365.773233679	366.037892820	0.000	22050.000	SAT.NA_U.nest_NA
187	Spectrogram 1	1	365.773233679	366.037892820	0.000	22050.000	SAT.NA_U.nest_NA
188	Waveform 1	1	366.102052611	366.346661817	0.000	22050.000	SAT.NA_U.nest_NA
188	Spectrogram 1	1	366.102052611	366.346661817	0.000	22050.000	SAT.NA_U.nest_NA
189	Waveform 1	1	366.466961427	366.787760385	0.000	22050.000	SAT.NA_U.nest_NA
189	Spectrogram 1	1	366.466961427	366.787760385	0.000	22050.000	SAT.NA_U.nest_NA
190	Waveform 1	1	415.464992377	416.050450476	0.000	22050.000	SAT.NA_U.nest_NA
190	Spectrogram 1	1	415.464992377	416.050450476	0.000	22050.000	SAT.NA_U.nest_NA
191	Waveform 1	1	468.276520948	468.432910440	0.000	22050.000	SAT.NA_U.nest_NA
191	Spectrogram 1	1	468.276520948	468.432910440	0.000	22050.000	SAT.NA_U.nest_NA
192	Waveform 1	1	468.619374835	468.821879178	0.000	22050.000	SAT.NA_U.nest_NA
192	Spectrogram 1	1	468.619374835	468.821879178	0.000	22050.000	SAT.NA_U.nest_NA
193	Waveform 1	1	468.968243703	469.164733065	0.000	22050.000	SAT.NA_U.nest_NA
193	Spectrogram 1	1	468.968243703	469.164733065	0.000	22050.000	SAT.NA_U.nest_NA
194	Waveform 1	1	469.303077616	469.467487082	0.000	22050.000	SAT.NA_U.nest_NA
194	Spectrogram 1	1	469.303077616	469.467487082	0.000	22050.000	SAT.NA_U.nest_NA
195	Waveform 1	1	469.571746744	469.798311008	0.000	22050.000	SAT.NA_U.nest_NA
195	Spectrogram 1	1	469.571746744	469.798311008	0.000	22050.000	SAT.NA_U.nest_NA
196	Waveform 1	1	469.922620605	470.125124947	0.000	22050.000	SAT.NA_U.nest_NA
196	Spectrogram 1	1	469.922620605	470.125124947	0.000	22050.000	SAT.NA_U.nest_NA
197	Waveform 1	1	470.261464505	470.496048743	0.000	22050.000	SAT.NA_U.nest_NA
197	Spectrogram 1	1	470.261464505	470.496048743	0.000	22050.000	SAT.NA_U.nest_NA
198	Waveform 1	1	470.546173581	470.879002500	0.000	22050.000	SAT.NA_U.nest_NA
198	Spectrogram 1	1	470.546173581	470.879002500	0.000	22050.000	SAT.NA_U.nest_NA
199	Waveform 1	1	470.955192253	471.141656648	0.000	22050.000	SAT.NA_U.nest_NA
199	Spectrogram 1	1	470.955192253	471.141656648	0.000	22050.000	SAT.NA_U.nest_NA
200	Waveform 1	1	471.267971238	471.488520522	0.000	22050.000	SAT.NA_U.nest_NA
200	Spectrogram 1	1	471.267971238	471.488520522	0.000	22050.000	SAT.NA_U.nest_NA
201	Waveform 1	1	471.634885047	471.827364422	0.000	22050.000	SAT.NA_U.nest_NA
201	Spectrogram 1	1	471.634885047	471.827364422	0.000	22050.000	SAT.NA_U.nest_NA
202	Waveform 1	1	471.925609103	472.152173368	0.000	22050.000	SAT.NA_U.nest_NA
202	Spectrogram 1	1	471.925609103	472.152173368	0.000	22050.000	SAT.NA_U.nest_NA
203	Waveform 1	1	472.342647749	472.485002287	0.000	22050.000	SAT.NA_U.nest_NA
203	Spectrogram 1	1	472.342647749	472.485002287	0.000	22050.000	SAT.NA_U.nest_NA
204	Waveform 1	1	472.607306890	472.799786265	0.000	22050.000	SAT.NA_U.nest_NA
204	Spectrogram 1	1	472.607306890	472.799786265	0.000	22050.000	SAT.NA_U.nest_NA
205	Waveform 1	1	472.918080881	473.196774977	0.000	22050.000	SAT.NA_U.nest_NA
205	Spectrogram 1	1	472.918080881	473.196774977	0.000	22050.000	SAT.NA_U.nest_NA
206	Waveform 1	1	473.419329254	473.581733727	0.000	22050.000	SAT.NA_U.nest_NA
206	Spectrogram 1	1	473.419329254	473.581733727	0.000	22050.000	SAT.NA_U.nest_NA
207	Waveform 1	1	474.143131905	474.301526391	0.000	22050.000	SAT.NA_U.nest_NA
207	Spectrogram 1	1	474.143131905	474.301526391	0.000	22050.000	SAT.NA_U.nest_NA
208	Waveform 1	1	474.662425219	474.828839679	0.000	22050.000	SAT.NA_U.nest_NA
208	Spectrogram 1	1	474.662425219	474.828839679	0.000	22050.000	SAT.NA_U.nest_NA
209	Waveform 1	1	474.935104334	475.129588703	0.000	22050.000	SAT.NA_U.nest_NA
209	Spectrogram 1	1	474.935104334	475.129588703	0.000	22050.000	SAT.NA_U.nest_NA
210	Waveform 1	1	475.610787141	475.889481236	0.000	22050.000	SAT.NA_U.nest_NA
210	Spectrogram 1	1	475.610787141	475.889481236	0.000	22050.000	SAT.NA_U.nest_NA
211	Waveform 1	1	475.967675982	476.188225266	0.000	22050.000	SAT.NA_U.nest_NA
211	Spectrogram 1	1	475.967675982	476.188225266	0.000	22050.000	SAT.NA_U.nest_NA
212	Waveform 1	1	476.372684668	476.533084147	0.000	22050.000	SAT.NA_U.nest_NA
212	Spectrogram 1	1	476.372684668	476.533084147	0.000	22050.000	SAT.NA_U.nest_NA
213	Waveform 1	1	476.667418711	476.948117800	0.000	22050.000	SAT.NA_U.nest_NA
213	Spectrogram 1	1	476.667418711	476.948117800	0.000	22050.000	SAT.NA_U.nest_NA
214	Waveform 1	1	477.008267604	477.292976680	0.000	22050.000	SAT.NA_U.nest_NA
214	Spectrogram 1	1	477.008267604	477.292976680	0.000	22050.000	SAT.NA_U.nest_NA
215	Waveform 1	1	477.363151452	477.593725704	0.000	22050.000	SAT.NA_U.nest_NA
215	Spectrogram 1	1	477.363151452	477.593725704	0.000	22050.000	SAT.NA_U.nest_NA
216	Waveform 1	1	477.693975379	477.924549630	0.000	22050.000	SAT.NA_U.nest_NA
216	Spectrogram 1	1	477.693975379	477.924549630	0.000	22050.000	SAT.NA_U.nest_NA
217	Waveform 1	1	478.064899175	478.335573296	0.000	22050.000	SAT.NA_U.nest_NA
217	Spectrogram 1	1	478.064899175	478.335573296	0.000	22050.000	SAT.NA_U.nest_NA
218	Waveform 1	1	478.435822971	478.724542033	0.000	22050.000	SAT.NA_U.nest_NA
218	Spectrogram 1	1	478.435822971	478.724542033	0.000	22050.000	SAT.NA_U.nest_NA
219	Waveform 1	1	480.567131052	480.801715291	0.000	22050.000	SAT.NA_U.nest_NA
219	Spectrogram 1	1	480.567131052	480.801715291	0.000	22050.000	SAT.NA_U.nest_NA
220	Waveform 1	1	480.972139738	481.220758931	0.000	22050.000	SAT.NA_U.nest_NA
220	Spectrogram 1	1	480.972139738	481.220758931	0.000	22050.000	SAT.NA_U.nest_NA
221	Waveform 1	1	481.691932401	481.888421763	0.000	22050.000	SAT.NA_U.nest_NA
221	Spectrogram 1	1	481.691932401	481.888421763	0.000	22050.000	SAT.NA_U.nest_NA
222	Waveform 1	1	482.042806262	482.341550292	0.000	22050.000	SAT.NA_U.nest_NA
222	Spectrogram 1	1	482.042806262	482.341550292	0.000	22050.000	SAT.NA_U.nest_NA
223	Waveform 1	1	482.794678821	483.099437832	0.000	22050.000	SAT.NA_U.nest_NA
223	Spectrogram 1	1	482.794678821	483.099437832	0.000	22050.000	SAT.NA_U.nest_NA
224	Waveform 1	1	483.175627585	483.386151902	0.000	22050.000	SAT.NA_U.nest_NA
224	Spectrogram 1	1	483.175627585	483.386151902	0.000	22050.000	SAT.NA_U.nest_NA
225	Waveform 1	1	483.514471485	483.737025763	0.000	22050.000	SAT.NA_U.nest_NA
225	Spectrogram 1	1	483.514471485	483.737025763	0.000	22050.000	SAT.NA_U.nest_NA
226	Waveform 1	1	484.563083081	484.763582430	0.000	22050.000	SAT.NA_U.nest_NA
226	Spectrogram 1	1	484.563083081	484.763582430	0.000	22050.000	SAT.NA_U.nest_NA
227	Waveform 1	1	484.783632365	485.036261545	0.000	22050.000	SAT.NA_U.nest_NA
227	Spectrogram 1	1	484.783632365	485.036261545	0.000	22050.000	SAT.NA_U.nest_NA
228	Waveform 1	1	485.298915693	485.519464977	0.000	22050.000	SAT.NA_U.nest_NA
228	Spectrogram 1	1	485.298915693	485.519464977	0.000	22050.000	SAT.NA_U.nest_NA
229	Waveform 1	1	485.621719645	485.886378786	0.000	22050.000	SAT.NA_U.nest_NA
229	Spectrogram 1	1	485.621719645	485.886378786	0.000	22050.000	SAT.NA_U.nest_NA
230	Waveform 1	1	485.938508616	486.153042920	0.000	22050.000	SAT.NA_U.nest_NA
230	Spectrogram 1	1	485.938508616	486.153042920	0.000	22050.000	SAT.NA_U.nest_NA
231	Waveform 1	1	486.193142790	486.295397458	0.000	22050.000	SAT.NA_U.nest_NA
231	Spectrogram 1	1	486.193142790	486.295397458	0.000	22050.000	SAT.NA_U.nest_NA
232	Waveform 1	1	486.309432412	486.604166456	0.000	22050.000	SAT.NA_U.nest_NA
232	Spectrogram 1	1	486.309432412	486.604166456	0.000	22050.000	SAT.NA_U.nest_NA
233	Waveform 1	1	486.888875532	487.107419822	0.000	22050.000	SAT.NA_U.nest_NA
233	Spectrogram 1	1	486.888875532	487.107419822	0.000	22050.000	SAT.NA_U.nest_NA
234	Waveform 1	1	487.143509705	487.528468455	0.000	22050.000	SAT.NA_U.nest_NA
234	Spectrogram 1	1	487.143509705	487.528468455	0.000	22050.000	SAT.NA_U.nest_NA
235	Waveform 1	1	487.622703149	487.923452173	0.000	22050.000	SAT.NA_U.nest_NA
235	Spectrogram 1	1	487.622703149	487.923452173	0.000	22050.000	SAT.NA_U.nest_NA
236	Waveform 1	1	492.581052054	492.821651273	0.000	22050.000	SAT.NA_U.nest_NA
236	Spectrogram 1	1	492.581052054	492.821651273	0.000	22050.000	SAT.NA_U.nest_NA
237	Waveform 1	1	493.024155616	493.232674939	0.000	22050.000	SAT.NA_U.nest_NA
237	Spectrogram 1	1	493.024155616	493.232674939	0.000	22050.000	SAT.NA_U.nest_NA
238	Waveform 1	1	500.679220767	501.112299362	0.000	22050.000	SAT.NA_U.nest_NA
238	Spectrogram 1	1	500.679220767	501.112299362	0.000	22050.000	SAT.NA_U.nest_NA
239	Waveform 1	1	502.136851036	502.439605053	0.000	22050.000	SAT.NA_U.nest_NA
239	Spectrogram 1	1	502.136851036	502.439605053	0.000	22050.000	SAT.NA_U.nest_NA
240	Waveform 1	1	505.783934197	506.094708188	0.000	22050.000	SAT.NA_U.nest_NA
240	Spectrogram 1	1	505.783934197	506.094708188	0.000	22050.000	SAT.NA_U.nest_NA
241	Waveform 1	1	507.680658040	508.135791563	0.000	22050.000	SAT.NA_U.nest_NA
241	Spectrogram 1	1	507.680658040	508.135791563	0.000	22050.000	SAT.NA_U.nest_NA
242	Waveform 1	1	509.487157176	509.679636552	0.000	22050.000	SAT.NA_U.nest_NA
242	Spectrogram 1	1	509.487157176	509.679636552	0.000	22050.000	SAT.NA_U.nest_NA
243	Waveform 1	1	510.774362998	510.988897302	0.000	22050.000	SAT.NA_U.nest_NA
243	Spectrogram 1	1	510.774362998	510.988897302	0.000	22050.000	SAT.NA_U.nest_NA
244	Waveform 1	1	511.064298333	511.267981853	0.000	22050.000	SAT.NA_U.nest_NA
244	Spectrogram 1	1	511.064298333	511.267981853	0.000	22050.000	SAT.NA_U.nest_NA
245	Waveform 1	1	511.269926326	511.511527066	0.000	22050.000	SAT.NA_U.nest_NA
245	Spectrogram 1	1	511.269926326	511.511527066	0.000	22050.000	SAT.NA_U.nest_NA
246	Waveform 1	1	512.847865966	513.310650481	0.000	22050.000	SAT.NA_U.nest_NA
246	Spectrogram 1	1	512.847865966	513.310650481	0.000	22050.000	SAT.NA_U.nest_NA
247	Waveform 1	1	514.415111005	514.811783446	0.000	22050.000	SAT.NA_U.nest_NA
247	Spectrogram 1	1	514.415111005	514.811783446	0.000	22050.000	SAT.NA_U.nest_NA
248	Waveform 1	1	516.293471685	516.662921508	0.000	22050.000	SAT.NA_U.nest_NA
248	Spectrogram 1	1	516.293471685	516.662921508	0.000	22050.000	SAT.NA_U.nest_NA
249	Waveform 1	1	522.914373010	523.135895222	0.000	22050.000	SAT.NA_U.nest_NA
249	Spectrogram 1	1	522.914373010	523.135895222	0.000	22050.000	SAT.NA_U.nest_NA
250	Waveform 1	1	523.150663369	523.391497775	0.000	22050.000	SAT.NA_U.nest_NA
250	Spectrogram 1	1	523.150663369	523.391497775	0.000	22050.000	SAT.NA_U.nest_NA
251	Waveform 1	1	523.422170081	523.698220838	0.000	22050.000	SAT.NA_U.nest_NA
251	Spectrogram 1	1	523.422170081	523.698220838	0.000	22050.000	SAT.NA_U.nest_NA
252	Waveform 1	1	570.278334628	570.689614667	0.000	22050.000	SAT.NA_U.nest_NA
252	Spectrogram 1	1	570.278334628	570.689614667	0.000	22050.000	SAT.NA_U.nest_NA
253	Waveform 1	1	577.270095290	577.745637835	0.000	22050.000	SAT.NA_U.nest_NA
253	Spectrogram 1	1	577.270095290	577.745637835	0.000	22050.000	SAT.NA_U.nest_NA
254	Waveform 1	1	578.709575426	579.853448035	0.000	22050.000	SAT.NA_U.nest_NA
254	Spectrogram 1	1	578.709575426	579.853448035	0.000	22050.000	SAT.NA_U.nest_NA
255	Waveform 1	1	584.136772457	584.460725569	0.000	22050.000	SAT.NA_U.nest_NA
255	Spectrogram 1	1	584.136772457	584.460725569	0.000	22050.000	SAT.NA_U.nest_NA
256	Waveform 1	1	586.279634157	586.545921107	0.000	22050.000	SAT.NA_U.nest_NA
256	Spectrogram 1	1	586.279634157	586.545921107	0.000	22050.000	SAT.NA_U.nest_NA
257	Waveform 1	1	586.746186498	586.972860513	0.000	22050.000	SAT.NA_U.nest_NA
257	Spectrogram 1	1	586.746186498	586.972860513	0.000	22050.000	SAT.NA_U.nest_NA
258	Waveform 1	1	591.167430150	591.616376742	0.000	22050.000	SAT.NA_U.nest_NA
258	Spectrogram 1	1	591.167430150	591.616376742	0.000	22050.000	SAT.NA_U.nest_NA
259	Waveform 1	1	595.257566314	595.830226953	0.000	22050.000	SAT.NA_U.nest_NA
259	Spectrogram 1	1	595.257566314	595.830226953	0.000	22050.000	SAT.NA_U.nest_NA
