Selection	View	Channel	Begin Time (s)	End Time (s)	Low Freq (Hz)	High Freq (Hz)	Annotation
1	Waveform 1	1	5.350790006	5.627548904	0.000	22050.000	SAT.01_perched_NA
1	Spectrogram 1	1	5.350790006	5.627548904	0.000	22050.000	SAT.01_perched_NA
2	Waveform 1	1	19.420205969	19.737220707	0.000	22050.000	SAT.01_perched_NA
2	Spectrogram 1	1	19.420205969	19.737220707	0.000	22050.000	SAT.01_perched_NA
3	Waveform 1	1	35.447062136	35.774140833	0.000	22050.000	SAT.01_perched_NA
3	Spectrogram 1	1	35.447062136	35.774140833	0.000	22050.000	SAT.01_perched_NA
4	Waveform 1	1	43.699509267	44.016524005	0.000	22050.000	SAT.01_perched_NA
4	Spectrogram 1	1	43.699509267	44.016524005	0.000	22050.000	SAT.01_perched_NA
5	Waveform 1	1	47.252087118	47.564069875	0.000	22050.000	SAT.01_perched_NA
5	Spectrogram 1	1	47.252087118	47.564069875	0.000	22050.000	SAT.01_perched_NA
6	Waveform 1	1	90.246280537	90.786592285	0.000	22050.000	
6	Spectrogram 1	1	90.246280537	90.786592285	0.000	22050.000	
7	Waveform 1	1	94.010478221	94.283056955	0.000	22050.000	
7	Spectrogram 1	1	94.010478221	94.283056955	0.000	22050.000	
8	Waveform 1	1	94.299615476	94.527613576	0.000	22050.000	
8	Spectrogram 1	1	94.299615476	94.527613576	0.000	22050.000	
9	Waveform 1	1	111.537665522	112.062443272	0.000	22050.000	
9	Spectrogram 1	1	111.537665522	112.062443272	0.000	22050.000	
10	Waveform 1	1	114.090225257	114.395921034	0.000	22050.000	
10	Spectrogram 1	1	114.090225257	114.395921034	0.000	22050.000	
11	Waveform 1	1	125.915556886	126.190683085	0.000	22050.000	
11	Spectrogram 1	1	125.915556886	126.190683085	0.000	22050.000	
12	Waveform 1	1	127.024495701	127.273079191	0.000	22050.000	
12	Spectrogram 1	1	127.024495701	127.273079191	0.000	22050.000	
13	Waveform 1	1	128.103492155	128.323254371	0.000	22050.000	
13	Spectrogram 1	1	128.103492155	128.323254371	0.000	22050.000	
14	Waveform 1	1	128.658301684	128.894275866	0.000	22050.000	
14	Spectrogram 1	1	128.658301684	128.894275866	0.000	22050.000	
15	Waveform 1	1	131.019844840	131.281037638	0.000	22050.000	
15	Spectrogram 1	1	131.019844840	131.281037638	0.000	22050.000	
16	Waveform 1	1	132.545571045	132.759929272	0.000	22050.000	
16	Spectrogram 1	1	132.545571045	132.759929272	0.000	22050.000	
17	Waveform 1	1	133.316540130	133.514686390	0.000	22050.000	
17	Spectrogram 1	1	133.316540130	133.514686390	0.000	22050.000	
18	Waveform 1	1	133.720037969	134.053283952	0.000	22050.000	
18	Spectrogram 1	1	133.720037969	134.053283952	0.000	22050.000	
19	Waveform 1	1	134.386529936	134.561258911	0.000	22050.000	
19	Spectrogram 1	1	134.386529936	134.561258911	0.000	22050.000	
20	Waveform 1	1	134.698159963	134.939538135	0.000	22050.000	
20	Spectrogram 1	1	134.698159963	134.939538135	0.000	22050.000	
21	Waveform 1	1	155.512523942	155.910617792	0.000	22050.000	
21	Spectrogram 1	1	155.512523942	155.910617792	0.000	22050.000	
22	Waveform 1	1	156.034909537	156.458222003	0.000	22050.000	
22	Spectrogram 1	1	156.034909537	156.458222003	0.000	22050.000	
23	Waveform 1	1	159.313329481	159.552906323	0.000	22050.000	
23	Spectrogram 1	1	159.313329481	159.552906323	0.000	22050.000	
24	Waveform 1	1	159.574522278	159.767264550	0.000	22050.000	
24	Spectrogram 1	1	159.574522278	159.767264550	0.000	22050.000	
25	Waveform 1	1	159.788880505	160.026656018	0.000	22050.000	
25	Spectrogram 1	1	159.788880505	160.026656018	0.000	22050.000	
26	Waveform 1	1	160.071689259	160.251822222	0.000	22050.000	
26	Spectrogram 1	1	160.071689259	160.251822222	0.000	22050.000	
27	Waveform 1	1	163.148360282	163.425765046	0.000	22050.000	
27	Spectrogram 1	1	163.148360282	163.425765046	0.000	22050.000	
28	Waveform 1	1	173.026951999	173.349121646	0.000	22050.000	
28	Spectrogram 1	1	173.026951999	173.349121646	0.000	22050.000	
29	Waveform 1	1	173.392339526	173.677184641	0.000	22050.000	
29	Spectrogram 1	1	173.392339526	173.677184641	0.000	22050.000	
30	Waveform 1	1	173.777371544	174.203656992	0.000	22050.000	
30	Spectrogram 1	1	173.777371544	174.203656992	0.000	22050.000	
31	Waveform 1	1	174.268483812	174.571008969	0.000	22050.000	
31	Spectrogram 1	1	174.268483812	174.571008969	0.000	22050.000	
32	Waveform 1	1	177.297664279	177.613940579	0.000	22050.000	
32	Spectrogram 1	1	177.297664279	177.613940579	0.000	22050.000	
33	Waveform 1	1	178.012723741	178.332928939	0.000	22050.000	
33	Spectrogram 1	1	178.012723741	178.332928939	0.000	22050.000	
34	Waveform 1	1	178.401684657	178.582413971	0.000	22050.000	
34	Spectrogram 1	1	178.401684657	178.582413971	0.000	22050.000	
35	Waveform 1	1	179.051917299	179.220859919	0.000	22050.000	
35	Spectrogram 1	1	179.051917299	179.220859919	0.000	22050.000	
36	Waveform 1	1	180.401493811	180.670623333	0.000	22050.000	
36	Spectrogram 1	1	180.401493811	180.670623333	0.000	22050.000	
37	Waveform 1	1	185.530670335	185.903915658	0.000	22050.000	
37	Spectrogram 1	1	185.530670335	185.903915658	0.000	22050.000	
38	Waveform 1	1	186.051249338	186.334130004	0.000	22050.000	
38	Spectrogram 1	1	186.051249338	186.334130004	0.000	22050.000	
39	Waveform 1	1	188.249467849	188.544135209	0.000	22050.000	
39	Spectrogram 1	1	188.249467849	188.544135209	0.000	22050.000	
40	Waveform 1	1	190.282672637	190.435899664	0.000	22050.000	
40	Spectrogram 1	1	190.282672637	190.435899664	0.000	22050.000	
41	Waveform 1	1	190.481081993	190.642166817	0.000	22050.000	
41	Spectrogram 1	1	190.481081993	190.642166817	0.000	22050.000	
42	Waveform 1	1	190.669669104	190.948620872	0.000	22050.000	
42	Spectrogram 1	1	190.669669104	190.948620872	0.000	22050.000	
43	Waveform 1	1	190.987909853	191.097919001	0.000	22050.000	
43	Spectrogram 1	1	190.987909853	191.097919001	0.000	22050.000	
44	Waveform 1	1	191.203999251	191.463306528	0.000	22050.000	
44	Spectrogram 1	1	191.203999251	191.463306528	0.000	22050.000	
45	Waveform 1	1	193.873685538	194.148708408	0.000	22050.000	
45	Spectrogram 1	1	193.873685538	194.148708408	0.000	22050.000	
46	Waveform 1	1	196.891079311	197.181817773	0.000	22050.000	
46	Spectrogram 1	1	196.891079311	197.181817773	0.000	22050.000	
47	Waveform 1	1	200.971271988	201.211421053	0.000	22050.000	
47	Spectrogram 1	1	200.971271988	201.211421053	0.000	22050.000	
48	Waveform 1	1	201.298882750	201.507901381	0.000	22050.000	
48	Spectrogram 1	1	201.298882750	201.507901381	0.000	22050.000	
49	Waveform 1	1	201.613151898	201.986717111	0.000	22050.000	
49	Spectrogram 1	1	201.613151898	201.986717111	0.000	22050.000	
50	Waveform 1	1	211.450369180	212.126344328	0.000	22050.000	
50	Spectrogram 1	1	211.450369180	212.126344328	0.000	22050.000	
51	Waveform 1	1	212.161921967	212.576994426	0.000	22050.000	
51	Spectrogram 1	1	212.161921967	212.576994426	0.000	22050.000	
52	Waveform 1	1	225.764439414	226.262526365	0.000	22050.000	
52	Spectrogram 1	1	225.764439414	226.262526365	0.000	22050.000	
53	Waveform 1	1	226.298104005	226.725035677	0.000	22050.000	
53	Spectrogram 1	1	226.298104005	226.725035677	0.000	22050.000	
54	Waveform 1	1	226.808050169	227.199404202	0.000	22050.000	
54	Spectrogram 1	1	226.808050169	227.199404202	0.000	22050.000	
55	Waveform 1	1	244.202155512	244.484825110	0.000	22050.000	
55	Spectrogram 1	1	244.202155512	244.484825110	0.000	22050.000	
56	Waveform 1	1	244.615288002	245.025314233	0.000	22050.000	
56	Spectrogram 1	1	244.615288002	245.025314233	0.000	22050.000	
57	Waveform 1	1	245.130927050	245.472615576	0.000	22050.000	
57	Spectrogram 1	1	245.130927050	245.472615576	0.000	22050.000	
58	Waveform 1	1	248.386286825	248.740400389	0.000	22050.000	
58	Spectrogram 1	1	248.386286825	248.740400389	0.000	22050.000	
59	Waveform 1	1	248.877075799	249.147320360	0.000	22050.000	
59	Spectrogram 1	1	248.877075799	249.147320360	0.000	22050.000	
60	Waveform 1	1	249.256039437	249.715765817	0.000	22050.000	
60	Spectrogram 1	1	249.256039437	249.715765817	0.000	22050.000	
61	Waveform 1	1	251.846659716	252.238048391	0.000	22050.000	
61	Spectrogram 1	1	251.846659716	252.238048391	0.000	22050.000	
62	Waveform 1	1	254.254010694	254.670249444	0.000	22050.000	
62	Spectrogram 1	1	254.254010694	254.670249444	0.000	22050.000	
63	Waveform 1	1	268.968361127	269.838113739	0.000	22050.000	
63	Spectrogram 1	1	268.968361127	269.838113739	0.000	22050.000	
64	Waveform 1	1	271.720506891	272.251677236	0.000	22050.000	
64	Spectrogram 1	1	271.720506891	272.251677236	0.000	22050.000	
65	Waveform 1	1	289.221890792	289.504560391	0.000	22050.000	
65	Spectrogram 1	1	289.221890792	289.504560391	0.000	22050.000	
66	Waveform 1	1	293.520953701	293.816048337	0.000	22050.000	
66	Spectrogram 1	1	293.520953701	293.816048337	0.000	22050.000	
67	Waveform 1	1	298.509606181	298.882357300	0.000	22050.000	
67	Spectrogram 1	1	298.509606181	298.882357300	0.000	22050.000	
68	Waveform 1	1	298.956907524	299.345189940	0.000	22050.000	
68	Spectrogram 1	1	298.956907524	299.345189940	0.000	22050.000	
69	Waveform 1	1	299.435271460	299.926060434	0.000	22050.000	
69	Spectrogram 1	1	299.435271460	299.926060434	0.000	22050.000	
70	Waveform 1	1	303.541746291	303.871009779	0.000	22050.000	
70	Spectrogram 1	1	303.541746291	303.871009779	0.000	22050.000	
71	Waveform 1	1	303.898966113	304.237548380	0.000	22050.000	
71	Spectrogram 1	1	303.898966113	304.237548380	0.000	22050.000	
72	Waveform 1	1	308.250835431	308.549036326	0.000	22050.000	
72	Spectrogram 1	1	308.250835431	308.549036326	0.000	22050.000	
73	Waveform 1	1	308.716774330	309.005656447	0.000	22050.000	
73	Spectrogram 1	1	308.716774330	309.005656447	0.000	22050.000	
74	Waveform 1	1	311.823033657	312.205103554	0.000	22050.000	
74	Spectrogram 1	1	311.823033657	312.205103554	0.000	22050.000	
75	Waveform 1	1	317.706288822	318.097677498	0.000	22050.000	
75	Spectrogram 1	1	317.706288822	318.097677498	0.000	22050.000	
76	Waveform 1	1	318.631954102	319.122743076	0.000	22050.000	
76	Spectrogram 1	1	318.631954102	319.122743076	0.000	22050.000	
77	Waveform 1	1	319.222143374	319.479962898	0.000	22050.000	
77	Spectrogram 1	1	319.222143374	319.479962898	0.000	22050.000	
