Selection	View	Channel	Begin Time (s)	End Time (s)	Low Freq (Hz)	High Freq (Hz)	Annotation
1	Waveform 1	1	4.536666351	4.916945736	0.000	22050.000	
1	Spectrogram 1	1	4.536666351	4.916945736	0.000	22050.000	
2	Waveform 1	1	24.484655157	24.944993360	0.000	22050.000	
2	Spectrogram 1	1	24.484655157	24.944993360	0.000	22050.000	
3	Waveform 1	1	25.018380610	25.578792336	0.000	22050.000	
3	Spectrogram 1	1	25.018380610	25.578792336	0.000	22050.000	
4	Waveform 1	1	31.629904659	32.156958544	0.000	22050.000	
4	Spectrogram 1	1	31.629904659	32.156958544	0.000	22050.000	
5	Waveform 1	1	37.761075801	38.141355186	0.000	22050.000	
5	Spectrogram 1	1	37.761075801	38.141355186	0.000	22050.000	
6	Waveform 1	1	38.748467889	39.288864910	0.000	22050.000	
6	Spectrogram 1	1	38.748467889	39.288864910	0.000	22050.000	
7	Waveform 1	1	40.536448157	41.216948109	0.000	22050.000	
7	Spectrogram 1	1	40.536448157	41.216948109	0.000	22050.000	
8	Waveform 1	1	45.039756667	45.580153688	0.000	22050.000	
8	Spectrogram 1	1	45.039756667	45.580153688	0.000	22050.000	
9	Waveform 1	1	58.863245900	59.350270376	0.000	22050.000	
9	Spectrogram 1	1	58.863245900	59.350270376	0.000	22050.000	
10	Waveform 1	1	73.147073336	73.700813494	0.000	22050.000	
10	Spectrogram 1	1	73.147073336	73.700813494	0.000	22050.000	
11	Waveform 1	1	74.461372264	74.788279104	0.000	22050.000	
11	Spectrogram 1	1	74.461372264	74.788279104	0.000	22050.000	
12	Waveform 1	1	76.496200554	76.969881893	0.000	22050.000	
12	Spectrogram 1	1	76.496200554	76.969881893	0.000	22050.000	
13	Waveform 1	1	77.170028938	77.456906369	0.000	22050.000	
13	Spectrogram 1	1	77.170028938	77.456906369	0.000	22050.000	
14	Waveform 1	1	80.759332610	81.192984540	0.000	22050.000	
14	Spectrogram 1	1	80.759332610	81.192984540	0.000	22050.000	
15	Waveform 1	1	81.780082539	82.167033492	0.000	22050.000	
15	Spectrogram 1	1	81.780082539	82.167033492	0.000	22050.000	
16	Waveform 1	1	82.293793287	82.707430513	0.000	22050.000	
16	Spectrogram 1	1	82.293793287	82.707430513	0.000	22050.000	
17	Waveform 1	1	84.119854112	84.371028585	0.000	22050.000	SAT.NA_U.returning.nest.FP38_NA
17	Spectrogram 1	1	84.119854112	84.371028585	0.000	22050.000	SAT.NA_U.returning.nest.FP38_NA
18	Waveform 1	1	84.394824061	84.643354591	0.000	22050.000	SAT.NA_U.returning.nest.FP38_NA
18	Spectrogram 1	1	84.394824061	84.643354591	0.000	22050.000	SAT.NA_U.returning.nest.FP38_NA
19	Waveform 1	1	85.690355549	86.049931636	0.000	22050.000	SAT.NA_U.returning.nest.FP38_NA
19	Spectrogram 1	1	85.690355549	86.049931636	0.000	22050.000	SAT.NA_U.returning.nest.FP38_NA
20	Waveform 1	1	86.155689309	86.470318384	0.000	22050.000	SAT.NA_U.returning.nest.FP38_NA
20	Spectrogram 1	1	86.155689309	86.470318384	0.000	22050.000	SAT.NA_U.returning.nest.FP38_NA
21	Waveform 1	1	86.977955212	87.324311590	0.000	22050.000	SAT.NA_U.returning.nest.FP38_NA
21	Spectrogram 1	1	86.977955212	87.324311590	0.000	22050.000	SAT.NA_U.returning.nest.FP38_NA
22	Waveform 1	1	91.422421401	91.686815582	0.000	22050.000	
22	Spectrogram 1	1	91.422421401	91.686815582	0.000	22050.000	
23	Waveform 1	1	91.961785530	92.355732861	0.000	22050.000	
23	Spectrogram 1	1	91.961785530	92.355732861	0.000	22050.000	
24	Waveform 1	1	96.834570292	97.326343470	0.000	22050.000	
24	Spectrogram 1	1	96.834570292	97.326343470	0.000	22050.000	
25	Waveform 1	1	98.534624878	98.952367685	0.000	22050.000	
25	Spectrogram 1	1	98.534624878	98.952367685	0.000	22050.000	
26	Waveform 1	1	113.274600487	113.520487076	0.000	22050.000	
26	Spectrogram 1	1	113.274600487	113.520487076	0.000	22050.000	
27	Waveform 1	1	117.362134531	117.912074428	0.000	22050.000	
27	Spectrogram 1	1	117.362134531	117.912074428	0.000	22050.000	
28	Waveform 1	1	118.483165859	118.639158426	0.000	22050.000	
28	Spectrogram 1	1	118.483165859	118.639158426	0.000	22050.000	
29	Waveform 1	1	118.686749379	118.858605597	0.000	22050.000	
29	Spectrogram 1	1	118.686749379	118.858605597	0.000	22050.000	
30	Waveform 1	1	118.961719328	119.128287662	0.000	22050.000	
30	Spectrogram 1	1	118.961719328	119.128287662	0.000	22050.000	
31	Waveform 1	1	119.239333218	119.387393960	0.000	22050.000	
31	Spectrogram 1	1	119.239333218	119.387393960	0.000	22050.000	
32	Waveform 1	1	119.495795574	119.633280548	0.000	22050.000	
32	Spectrogram 1	1	119.495795574	119.633280548	0.000	22050.000	
33	Waveform 1	1	119.657076025	119.887098962	0.000	22050.000	
33	Spectrogram 1	1	119.657076025	119.887098962	0.000	22050.000	
34	Waveform 1	1	119.908250497	120.127697667	0.000	22050.000	
34	Spectrogram 1	1	119.908250497	120.127697667	0.000	22050.000	
35	Waveform 1	1	120.532220765	120.722584575	0.000	22050.000	
35	Spectrogram 1	1	120.532220765	120.722584575	0.000	22050.000	
36	Waveform 1	1	121.283100240	121.457600399	0.000	22050.000	
36	Spectrogram 1	1	121.283100240	121.457600399	0.000	22050.000	
37	Waveform 1	1	121.542206537	121.780161301	0.000	22050.000	
37	Spectrogram 1	1	121.542206537	121.780161301	0.000	22050.000	
38	Waveform 1	1	122.052487307	122.364472441	0.000	22050.000	
38	Spectrogram 1	1	122.052487307	122.364472441	0.000	22050.000	
39	Waveform 1	1	122.406775510	122.607715088	0.000	22050.000	
39	Spectrogram 1	1	122.406775510	122.607715088	0.000	22050.000	
40	Waveform 1	1	122.660593924	122.840381968	0.000	22050.000	
40	Spectrogram 1	1	122.660593924	122.840381968	0.000	22050.000	
41	Waveform 1	1	123.184094403	123.416761283	0.000	22050.000	
41	Spectrogram 1	1	123.184094403	123.416761283	0.000	22050.000	
42	Waveform 1	1	123.445844643	123.607125094	0.000	22050.000	
42	Spectrogram 1	1	123.445844643	123.607125094	0.000	22050.000	
43	Waveform 1	1	124.611822983	124.852421688	0.000	22050.000	
43	Spectrogram 1	1	124.611822983	124.852421688	0.000	22050.000	
44	Waveform 1	1	124.876217164	125.058649149	0.000	22050.000	
44	Spectrogram 1	1	124.876217164	125.058649149	0.000	22050.000	
45	Waveform 1	1	125.095664334	125.270164494	0.000	22050.000	
45	Spectrogram 1	1	125.095664334	125.270164494	0.000	22050.000	
46	Waveform 1	1	125.455240421	125.635028464	0.000	22050.000	
46	Spectrogram 1	1	125.455240421	125.635028464	0.000	22050.000	
47	Waveform 1	1	127.305999690	127.702590962	0.000	22050.000	
47	Spectrogram 1	1	127.305999690	127.702590962	0.000	22050.000	
48	Waveform 1	1	128.704644910	128.987546684	0.000	22050.000	
48	Spectrogram 1	1	128.704644910	128.987546684	0.000	22050.000	
49	Waveform 1	1	129.778085286	130.084782536	0.000	22050.000	
49	Spectrogram 1	1	129.778085286	130.084782536	0.000	22050.000	
50	Waveform 1	1	133.262800596	133.524550835	0.000	22050.000	
50	Spectrogram 1	1	133.262800596	133.524550835	0.000	22050.000	
51	Waveform 1	1	133.574785730	133.818028376	0.000	22050.000	
51	Spectrogram 1	1	133.574785730	133.818028376	0.000	22050.000	
52	Waveform 1	1	133.929073933	134.431422877	0.000	22050.000	
52	Spectrogram 1	1	133.929073933	134.431422877	0.000	22050.000	
53	Waveform 1	1	134.714324651	135.079188621	0.000	22050.000	
53	Spectrogram 1	1	134.714324651	135.079188621	0.000	22050.000	
54	Waveform 1	1	156.368208102	156.648465934	0.000	22050.000	
54	Spectrogram 1	1	156.368208102	156.648465934	0.000	22050.000	
55	Waveform 1	1	158.419906949	158.753043617	0.000	22050.000	
55	Spectrogram 1	1	158.419906949	158.753043617	0.000	22050.000	
56	Waveform 1	1	160.392287542	160.833825824	0.000	22050.000	
56	Spectrogram 1	1	160.392287542	160.833825824	0.000	22050.000	
57	Waveform 1	1	163.977472640	164.389927563	0.000	22050.000	
57	Spectrogram 1	1	163.977472640	164.389927563	0.000	22050.000	
58	Waveform 1	1	168.369059992	168.749787613	0.000	22050.000	
58	Spectrogram 1	1	168.369059992	168.749787613	0.000	22050.000	
59	Waveform 1	1	172.440730385	172.800306471	0.000	22050.000	
59	Spectrogram 1	1	172.440730385	172.800306471	0.000	22050.000	
60	Waveform 1	1	208.898044048	209.117491218	0.000	22050.000	
60	Spectrogram 1	1	208.898044048	209.117491218	0.000	22050.000	
62	Waveform 1	1	209.318430796	209.577537094	0.000	22050.000	
62	Spectrogram 1	1	209.318430796	209.577537094	0.000	22050.000	
63	Waveform 1	1	210.074598155	210.299333209	0.000	22050.000	
63	Spectrogram 1	1	210.074598155	210.299333209	0.000	22050.000	
64	Waveform 1	1	210.479121252	210.722363899	0.000	22050.000	
64	Spectrogram 1	1	210.479121252	210.722363899	0.000	22050.000	
65	Waveform 1	1	211.539341919	211.711198137	0.000	22050.000	
65	Spectrogram 1	1	211.539341919	211.711198137	0.000	22050.000	
66	Waveform 1	1	213.271123807	213.588396825	0.000	22050.000	
66	Spectrogram 1	1	213.271123807	213.588396825	0.000	22050.000	
67	Waveform 1	1	217.234392585	217.490854941	0.000	22050.000	
67	Spectrogram 1	1	217.234392585	217.490854941	0.000	22050.000	
68	Waveform 1	1	221.009941494	221.419752475	0.000	22050.000	
68	Spectrogram 1	1	221.009941494	221.419752475	0.000	22050.000	
69	Waveform 1	1	221.652419355	222.033146976	0.000	22050.000	
69	Spectrogram 1	1	221.652419355	222.033146976	0.000	22050.000	
70	Waveform 1	1	224.026679103	224.304292994	0.000	22050.000	
70	Spectrogram 1	1	224.026679103	224.304292994	0.000	22050.000	
71	Waveform 1	1	225.536369879	225.819271653	0.000	22050.000	
71	Spectrogram 1	1	225.536369879	225.819271653	0.000	22050.000	
72	Waveform 1	1	225.898589907	226.165628030	0.000	22050.000	
72	Spectrogram 1	1	225.898589907	226.165628030	0.000	22050.000	
73	Waveform 1	1	226.178847739	226.400938852	0.000	22050.000	
73	Spectrogram 1	1	226.178847739	226.400938852	0.000	22050.000	
74	Waveform 1	1	226.641537557	226.913863563	0.000	22050.000	
74	Spectrogram 1	1	226.641537557	226.913863563	0.000	22050.000	
75	Waveform 1	1	227.225848697	227.471735286	0.000	22050.000	
75	Spectrogram 1	1	227.225848697	227.471735286	0.000	22050.000	
76	Waveform 1	1	229.166501988	229.571025086	0.000	22050.000	
76	Spectrogram 1	1	229.166501988	229.571025086	0.000	22050.000	
77	Waveform 1	1	230.372139455	230.610094218	0.000	22050.000	
77	Spectrogram 1	1	230.372139455	230.610094218	0.000	22050.000	
78	Waveform 1	1	230.639177578	230.871844458	0.000	22050.000	
78	Spectrogram 1	1	230.639177578	230.871844458	0.000	22050.000	
79	Waveform 1	1	232.333944281	232.640641531	0.000	22050.000	
79	Spectrogram 1	1	232.333944281	232.640641531	0.000	22050.000	
82	Waveform 1	1	232.688232484	232.897103887	0.000	22050.000	
82	Spectrogram 1	1	232.688232484	232.897103887	0.000	22050.000	
83	Waveform 1	1	233.550157515	233.825127463	0.000	22050.000	
83	Spectrogram 1	1	233.550157515	233.825127463	0.000	22050.000	
84	Waveform 1	1	234.684408553	235.096863476	0.000	22050.000	
84	Spectrogram 1	1	234.684408553	235.096863476	0.000	22050.000	
85	Waveform 1	1	235.120658952	235.374477366	0.000	22050.000	
85	Spectrogram 1	1	235.120658952	235.374477366	0.000	22050.000	
86	Waveform 1	1	237.190865392	237.455259573	0.000	22050.000	
86	Spectrogram 1	1	237.190865392	237.455259573	0.000	22050.000	
87	Waveform 1	1	237.558373304	237.809547776	0.000	22050.000	
87	Spectrogram 1	1	237.558373304	237.809547776	0.000	22050.000	
88	Waveform 1	1	237.830699310	238.079229841	0.000	22050.000	
88	Spectrogram 1	1	237.830699310	238.079229841	0.000	22050.000	
89	Waveform 1	1	238.129464735	238.327760371	0.000	22050.000	
89	Spectrogram 1	1	238.129464735	238.327760371	0.000	22050.000	
90	Waveform 1	1	238.351555848	238.573646960	0.000	22050.000	
90	Spectrogram 1	1	238.351555848	238.573646960	0.000	22050.000	
91	Waveform 1	1	239.914125459	240.160012048	0.000	22050.000	
91	Spectrogram 1	1	239.914125459	240.160012048	0.000	22050.000	
92	Waveform 1	1	245.035440752	245.313054642	0.000	22050.000	
92	Spectrogram 1	1	245.035440752	245.313054642	0.000	22050.000	
93	Waveform 1	1	248.205526986	248.596830374	0.000	22050.000	
93	Spectrogram 1	1	248.205526986	248.596830374	0.000	22050.000	
94	Waveform 1	1	249.752232946	250.016627128	0.000	22050.000	
94	Spectrogram 1	1	249.752232946	250.016627128	0.000	22050.000	
95	Waveform 1	1	250.135604509	250.402642633	0.000	22050.000	
95	Spectrogram 1	1	250.135604509	250.402642633	0.000	22050.000	
96	Waveform 1	1	250.450233585	250.748999010	0.000	22050.000	
96	Spectrogram 1	1	250.450233585	250.748999010	0.000	22050.000	
97	Waveform 1	1	251.238128246	251.491946660	0.000	22050.000	
97	Spectrogram 1	1	251.238128246	251.491946660	0.000	22050.000	
98	Waveform 1	1	254.860328530	255.026896864	0.000	22050.000	
98	Spectrogram 1	1	254.860328530	255.026896864	0.000	22050.000	
99	Waveform 1	1	255.807634612	255.956059139	0.000	22050.000	
99	Spectrogram 1	1	255.807634612	255.956059139	0.000	22050.000	
100	Waveform 1	1	255.982563519	256.185763765	0.000	22050.000	
100	Spectrogram 1	1	255.982563519	256.185763765	0.000	22050.000	
101	Waveform 1	1	256.219335979	256.364226589	0.000	22050.000	
101	Spectrogram 1	1	256.219335979	256.364226589	0.000	22050.000	
102	Waveform 1	1	256.406633597	256.547990289	0.000	22050.000	
102	Spectrogram 1	1	256.406633597	256.547990289	0.000	22050.000	
103	Waveform 1	1	256.556825083	256.751190535	0.000	22050.000	
103	Spectrogram 1	1	256.556825083	256.751190535	0.000	22050.000	
104	Waveform 1	1	256.802432336	256.952623822	0.000	22050.000	
104	Spectrogram 1	1	256.802432336	256.952623822	0.000	22050.000	
105	Waveform 1	1	256.984429077	257.124018811	0.000	22050.000	
105	Spectrogram 1	1	256.984429077	257.124018811	0.000	22050.000	
106	Waveform 1	1	257.408499155	257.583428062	0.000	22050.000	
106	Spectrogram 1	1	257.408499155	257.583428062	0.000	22050.000	
107	Waveform 1	1	257.617000276	257.850238819	0.000	22050.000	
107	Spectrogram 1	1	257.617000276	257.850238819	0.000	22050.000	
108	Waveform 1	1	257.876743199	258.064040817	0.000	22050.000	
108	Spectrogram 1	1	257.876743199	258.064040817	0.000	22050.000	
109	Waveform 1	1	258.081710403	258.228367972	0.000	22050.000	
109	Spectrogram 1	1	258.081710403	258.228367972	0.000	22050.000	
110	Waveform 1	1	258.618865835	258.769057321	0.000	22050.000	
110	Spectrogram 1	1	258.618865835	258.769057321	0.000	22050.000	
111	Waveform 1	1	258.846803501	258.975791483	0.000	22050.000	
111	Spectrogram 1	1	258.846803501	258.975791483	0.000	22050.000	
112	Waveform 1	1	259.021732408	259.203729150	0.000	22050.000	
112	Spectrogram 1	1	259.021732408	259.203729150	0.000	22050.000	
113	Waveform 1	1	259.242602240	259.383958933	0.000	22050.000	
113	Spectrogram 1	1	259.242602240	259.383958933	0.000	22050.000	
114	Waveform 1	1	259.421065065	259.643701856	0.000	22050.000	
114	Spectrogram 1	1	259.421065065	259.643701856	0.000	22050.000	
115	Waveform 1	1	260.014763173	260.138450279	0.000	22050.000	
115	Spectrogram 1	1	260.014763173	260.138450279	0.000	22050.000	
116	Waveform 1	1	260.154352907	260.338116608	0.000	22050.000	
116	Spectrogram 1	1	260.154352907	260.338116608	0.000	22050.000	
117	Waveform 1	1	260.375222739	260.663237000	0.000	22050.000	
117	Spectrogram 1	1	260.375222739	260.663237000	0.000	22050.000	
118	Waveform 1	1	261.486639734	261.670403435	0.000	22050.000	
118	Spectrogram 1	1	261.486639734	261.670403435	0.000	22050.000	
119	Waveform 1	1	261.703975649	261.882438473	0.000	22050.000	
119	Spectrogram 1	1	261.703975649	261.882438473	0.000	22050.000	
120	Waveform 1	1	262.306508551	262.439030450	0.000	22050.000	
120	Spectrogram 1	1	262.306508551	262.439030450	0.000	22050.000	
121	Waveform 1	1	263.182920045	263.410857711	0.000	22050.000	
121	Spectrogram 1	1	263.182920045	263.410857711	0.000	22050.000	
122	Waveform 1	1	263.432061215	263.767783360	0.000	22050.000	
122	Spectrogram 1	1	263.432061215	263.767783360	0.000	22050.000	
123	Waveform 1	1	263.804889492	264.082302001	0.000	22050.000	
123	Spectrogram 1	1	263.804889492	264.082302001	0.000	22050.000	
124	Waveform 1	1	264.121175091	264.446295484	0.000	22050.000	
124	Spectrogram 1	1	264.121175091	264.446295484	0.000	22050.000	
125	Waveform 1	1	264.547012127	264.916306487	0.000	22050.000	
125	Spectrogram 1	1	264.547012127	264.916306487	0.000	22050.000	
126	Waveform 1	1	264.951645660	265.213155541	0.000	22050.000	
126	Spectrogram 1	1	264.951645660	265.213155541	0.000	22050.000	
127	Waveform 1	1	274.874885475	275.168200612	0.000	22050.000	
127	Spectrogram 1	1	274.874885475	275.168200612	0.000	22050.000	
128	Waveform 1	1	278.341658359	278.599634323	0.000	22050.000	
128	Spectrogram 1	1	278.341658359	278.599634323	0.000	22050.000	
129	Waveform 1	1	279.301116909	279.525520659	0.000	22050.000	
129	Spectrogram 1	1	279.301116909	279.525520659	0.000	22050.000	
130	Waveform 1	1	285.962551045	286.296506231	0.000	22050.000	SAT.NA_switching.nest.FP37.to.FP38_NA
130	Spectrogram 1	1	285.962551045	286.296506231	0.000	22050.000	SAT.NA_switching.nest.FP37.to.FP38_NA
131	Waveform 1	1	286.563316988	286.891971298	0.000	22050.000	SAT.NA_switching.nest.FP37.to.FP38_NA
131	Spectrogram 1	1	286.563316988	286.891971298	0.000	22050.000	SAT.NA_switching.nest.FP37.to.FP38_NA
132	Waveform 1	1	286.922009595	287.137578551	0.000	22050.000	
132	Spectrogram 1	1	286.922009595	287.137578551	0.000	22050.000	
133	Waveform 1	1	291.196282585	291.731671058	0.000	22050.000	
133	Spectrogram 1	1	291.196282585	291.731671058	0.000	22050.000	
134	Waveform 1	1	292.051490575	292.401348389	0.000	22050.000	
134	Spectrogram 1	1	292.051490575	292.401348389	0.000	22050.000	
135	Waveform 1	1	292.735303575	293.099297058	0.000	22050.000	
135	Spectrogram 1	1	292.735303575	293.099297058	0.000	22050.000	
136	Waveform 1	1	293.834351859	294.346769870	0.000	22050.000	
136	Spectrogram 1	1	293.834351859	294.346769870	0.000	22050.000	
137	Waveform 1	1	295.221414405	295.668454945	0.000	22050.000	
137	Spectrogram 1	1	295.221414405	295.668454945	0.000	22050.000	
138	Waveform 1	1	298.750030842	299.112257367	0.000	22050.000	
138	Spectrogram 1	1	298.750030842	299.112257367	0.000	22050.000	
139	Waveform 1	1	301.432274083	301.714987468	0.000	22050.000	
139	Spectrogram 1	1	301.432274083	301.714987468	0.000	22050.000	
140	Waveform 1	1	302.070146158	302.524254532	0.000	22050.000	
140	Spectrogram 1	1	302.070146158	302.524254532	0.000	22050.000	
141	Waveform 1	1	303.762892551	304.252340098	0.000	22050.000	
141	Spectrogram 1	1	303.762892551	304.252340098	0.000	22050.000	
142	Waveform 1	1	306.561755062	306.955786843	0.000	22050.000	
142	Spectrogram 1	1	306.561755062	306.955786843	0.000	22050.000	
143	Waveform 1	1	308.779288176	309.007225843	0.000	22050.000	
143	Spectrogram 1	1	308.779288176	309.007225843	0.000	22050.000	
144	Waveform 1	1	309.017827595	309.185688667	0.000	22050.000	
144	Spectrogram 1	1	309.017827595	309.185688667	0.000	22050.000	
145	Waveform 1	1	311.963347676	312.230158433	0.000	22050.000	
145	Spectrogram 1	1	311.963347676	312.230158433	0.000	22050.000	
146	Waveform 1	1	312.304370696	312.613588461	0.000	22050.000	
146	Spectrogram 1	1	312.304370696	312.613588461	0.000	22050.000	
147	Waveform 1	1	312.629491089	312.839759169	0.000	22050.000	
147	Spectrogram 1	1	312.629491089	312.839759169	0.000	22050.000	
148	Waveform 1	1	313.124239513	313.417554650	0.000	22050.000	
148	Spectrogram 1	1	313.124239513	313.417554650	0.000	22050.000	
149	Waveform 1	1	314.053659766	314.606717826	0.000	22050.000	
149	Spectrogram 1	1	314.053659766	314.606717826	0.000	22050.000	
150	Waveform 1	1	317.159973084	317.472724767	0.000	22050.000	
150	Spectrogram 1	1	317.159973084	317.472724767	0.000	22050.000	
151	Waveform 1	1	322.188737421	322.513857814	0.000	22050.000	
151	Spectrogram 1	1	322.188737421	322.513857814	0.000	22050.000	
152	Waveform 1	1	323.160564682	323.483918116	0.000	22050.000	
152	Spectrogram 1	1	323.160564682	323.483918116	0.000	22050.000	
153	Waveform 1	1	324.688983920	325.074180907	0.000	22050.000	
153	Spectrogram 1	1	324.688983920	325.074180907	0.000	22050.000	
154	Waveform 1	1	327.362392367	327.632737042	0.000	22050.000	
154	Spectrogram 1	1	327.362392367	327.632737042	0.000	22050.000	
155	Waveform 1	1	332.767518898	332.983087854	0.000	22050.000	
155	Spectrogram 1	1	332.767518898	332.983087854	0.000	22050.000	
156	Waveform 1	1	338.322836914	338.877661932	0.000	22050.000	
156	Spectrogram 1	1	338.322836914	338.877661932	0.000	22050.000	
157	Waveform 1	1	341.595244346	341.830249847	0.000	22050.000	
157	Spectrogram 1	1	341.595244346	341.830249847	0.000	22050.000	
158	Waveform 1	1	342.063488390	342.300260850	0.000	22050.000	
158	Spectrogram 1	1	342.063488390	342.300260850	0.000	22050.000	
159	Waveform 1	1	344.719227250	344.938330124	0.000	22050.000	
159	Spectrogram 1	1	344.719227250	344.938330124	0.000	22050.000	
160	Waveform 1	1	349.557160052	349.894649155	0.000	22050.000	
160	Spectrogram 1	1	349.557160052	349.894649155	0.000	22050.000	
161	Waveform 1	1	351.074977538	351.527318954	0.000	22050.000	
161	Spectrogram 1	1	351.074977538	351.527318954	0.000	22050.000	
162	Waveform 1	1	351.626268639	352.022067378	0.000	22050.000	
162	Spectrogram 1	1	351.626268639	352.022067378	0.000	22050.000	
163	Waveform 1	1	352.128084897	352.530951471	0.000	22050.000	
163	Spectrogram 1	1	352.128084897	352.530951471	0.000	22050.000	
164	Waveform 1	1	352.877275368	353.195327926	0.000	22050.000	
164	Spectrogram 1	1	352.877275368	353.195327926	0.000	22050.000	
165	Waveform 1	1	355.810426737	356.298107327	0.000	22050.000	
165	Spectrogram 1	1	355.810426737	356.298107327	0.000	22050.000	
166	Waveform 1	1	356.700973900	357.400689528	0.000	22050.000	
166	Spectrogram 1	1	356.700973900	357.400689528	0.000	22050.000	
167	Waveform 1	1	360.234891213	360.616554283	0.000	22050.000	
167	Spectrogram 1	1	360.234891213	360.616554283	0.000	22050.000	
168	Waveform 1	1	364.531916153	364.656858998	0.000	22050.000	
168	Spectrogram 1	1	364.531916153	364.656858998	0.000	22050.000	
169	Waveform 1	1	364.706836136	364.894250403	0.000	22050.000	
169	Spectrogram 1	1	364.706836136	364.894250403	0.000	22050.000	
170	Waveform 1	1	365.081664670	365.249088082	0.000	22050.000	
170	Spectrogram 1	1	365.081664670	365.249088082	0.000	22050.000	
171	Waveform 1	1	365.371532070	365.581436050	0.000	22050.000	
171	Spectrogram 1	1	365.371532070	365.581436050	0.000	22050.000	
173	Waveform 1	1	366.764644790	366.972049912	0.000	22050.000	
173	Spectrogram 1	1	366.764644790	366.972049912	0.000	22050.000	
174	Waveform 1	1	366.994539624	367.424343010	0.000	22050.000	
174	Spectrogram 1	1	366.994539624	367.424343010	0.000	22050.000	
175	Waveform 1	1	367.459327007	367.594265279	0.000	22050.000	
175	Spectrogram 1	1	367.459327007	367.594265279	0.000	22050.000	
176	Waveform 1	1	367.646741274	367.946604102	0.000	22050.000	
176	Spectrogram 1	1	367.646741274	367.946604102	0.000	22050.000	
177	Waveform 1	1	368.109029800	368.521341188	0.000	22050.000	
177	Spectrogram 1	1	368.109029800	368.521341188	0.000	22050.000	
178	Waveform 1	1	378.426809925	378.664201330	0.000	22050.000	
178	Spectrogram 1	1	378.426809925	378.664201330	0.000	22050.000	
179	Waveform 1	1	388.312321469	388.438659013	0.000	22050.000	
179	Spectrogram 1	1	388.312321469	388.438659013	0.000	22050.000	
180	Waveform 1	1	393.707729727	393.907396055	0.000	22050.000	
180	Spectrogram 1	1	393.707729727	393.907396055	0.000	22050.000	
181	Waveform 1	1	395.894341064	396.120511772	0.000	22050.000	
181	Spectrogram 1	1	395.894341064	396.120511772	0.000	22050.000	
182	Waveform 1	1	396.169986615	396.392623405	0.000	22050.000	
182	Spectrogram 1	1	396.169986615	396.392623405	0.000	22050.000	
183	Waveform 1	1	396.417360827	396.572853188	0.000	22050.000	
183	Spectrogram 1	1	396.417360827	396.572853188	0.000	22050.000	
184	Waveform 1	1	396.618794113	396.746015137	0.000	22050.000	
184	Spectrogram 1	1	396.618794113	396.746015137	0.000	22050.000	
185	Waveform 1	1	396.869702243	397.018126770	0.000	22050.000	
185	Spectrogram 1	1	396.869702243	397.018126770	0.000	22050.000	
186	Waveform 1	1	397.124144289	397.283170568	0.000	22050.000	
186	Spectrogram 1	1	397.124144289	397.283170568	0.000	22050.000	
187	Waveform 1	1	398.753280171	398.901704698	0.000	22050.000	
187	Spectrogram 1	1	398.753280171	398.901704698	0.000	22050.000	
188	Waveform 1	1	398.951179540	399.145544992	0.000	22050.000	
188	Spectrogram 1	1	398.951179540	399.145544992	0.000	22050.000	
189	Waveform 1	1	402.456825515	402.778411990	0.000	22050.000	
189	Spectrogram 1	1	402.456825515	402.778411990	0.000	22050.000	
190	Waveform 1	1	411.271619647	411.515050461	0.000	22050.000	
190	Spectrogram 1	1	411.271619647	411.515050461	0.000	22050.000	
191	Waveform 1	1	411.763415684	411.972305640	0.000	22050.000	
191	Spectrogram 1	1	411.763415684	411.972305640	0.000	22050.000	
192	Waveform 1	1	412.202578032	412.413112790	0.000	22050.000	
192	Spectrogram 1	1	412.202578032	412.413112790	0.000	22050.000	
193	Waveform 1	1	415.370468225	415.651729503	0.000	22050.000	
193	Spectrogram 1	1	415.370468225	415.651729503	0.000	22050.000	
194	Waveform 1	1	415.725745629	415.928056374	0.000	22050.000	
194	Spectrogram 1	1	415.725745629	415.928056374	0.000	22050.000	
195	Waveform 1	1	416.081023034	416.331033060	0.000	22050.000	
195	Spectrogram 1	1	416.081023034	416.331033060	0.000	22050.000	
196	Waveform 1	1	416.421497214	416.584332691	0.000	22050.000	
196	Spectrogram 1	1	416.421497214	416.584332691	0.000	22050.000	
197	Waveform 1	1	416.623807958	416.811315478	0.000	22050.000	
197	Spectrogram 1	1	416.623807958	416.811315478	0.000	22050.000	
198	Waveform 1	1	418.123868112	418.345916490	0.000	22050.000	
198	Spectrogram 1	1	418.123868112	418.345916490	0.000	22050.000	
199	Waveform 1	1	421.536833922	421.730920652	0.000	22050.000	
199	Spectrogram 1	1	421.536833922	421.730920652	0.000	22050.000	
200	Waveform 1	1	421.957903439	422.342787294	0.000	22050.000	
200	Spectrogram 1	1	421.957903439	422.342787294	0.000	22050.000	
201	Waveform 1	1	422.395420984	422.658589432	0.000	22050.000	
201	Spectrogram 1	1	422.395420984	422.658589432	0.000	22050.000	
202	Waveform 1	1	423.405329903	423.731000857	0.000	22050.000	
202	Spectrogram 1	1	423.405329903	423.731000857	0.000	22050.000	
203	Waveform 1	1	423.796792969	423.989234897	0.000	22050.000	
203	Spectrogram 1	1	423.796792969	423.989234897	0.000	22050.000	
204	Waveform 1	1	426.643946616	426.921918289	0.000	22050.000	
204	Spectrogram 1	1	426.643946616	426.921918289	0.000	22050.000	
205	Waveform 1	1	427.528850523	427.796953379	0.000	22050.000	
205	Spectrogram 1	1	427.528850523	427.796953379	0.000	22050.000	
206	Waveform 1	1	427.869324702	428.224602107	0.000	22050.000	
206	Spectrogram 1	1	427.869324702	428.224602107	0.000	22050.000	
207	Waveform 1	1	430.374359367	430.797073686	0.000	22050.000	
207	Spectrogram 1	1	430.374359367	430.797073686	0.000	22050.000	
208	Waveform 1	1	432.359636346	432.527406232	0.000	22050.000	
208	Spectrogram 1	1	432.359636346	432.527406232	0.000	22050.000	
209	Waveform 1	1	432.588263936	432.713268948	0.000	22050.000	
209	Spectrogram 1	1	432.588263936	432.713268948	0.000	22050.000	
210	Waveform 1	1	433.076770367	433.229737028	0.000	22050.000	
210	Spectrogram 1	1	433.076770367	433.229737028	0.000	22050.000	
211	Waveform 1	1	435.642662735	436.208474899	0.000	22050.000	
211	Spectrogram 1	1	435.642662735	436.208474899	0.000	22050.000	
212	Waveform 1	1	437.940452247	438.157566217	0.000	22050.000	
212	Spectrogram 1	1	437.940452247	438.157566217	0.000	22050.000	
213	Waveform 1	1	438.261188793	438.456920326	0.000	22050.000	
213	Spectrogram 1	1	438.261188793	438.456920326	0.000	22050.000	
214	Waveform 1	1	438.682258310	438.859897012	0.000	22050.000	
214	Spectrogram 1	1	438.682258310	438.859897012	0.000	22050.000	
215	Waveform 1	1	439.351693049	439.577031033	0.000	22050.000	
215	Spectrogram 1	1	439.351693049	439.577031033	0.000	22050.000	
216	Waveform 1	1	440.651087261	441.022812694	0.000	22050.000	
216	Spectrogram 1	1	440.651087261	441.022812694	0.000	22050.000	
217	Waveform 1	1	441.082025595	441.266243509	0.000	22050.000	
217	Spectrogram 1	1	441.082025595	441.266243509	0.000	22050.000	
218	Waveform 1	1	448.164217255	448.694568609	0.000	22050.000	
218	Spectrogram 1	1	448.164217255	448.694568609	0.000	22050.000	
219	Waveform 1	1	448.750395067	449.085353817	0.000	22050.000	
219	Spectrogram 1	1	448.750395067	449.085353817	0.000	22050.000	
220	Waveform 1	1	449.243528782	449.518008868	0.000	22050.000	
220	Spectrogram 1	1	449.243528782	449.518008868	0.000	22050.000	
221	Waveform 1	1	449.536617687	449.778532340	0.000	22050.000	
221	Spectrogram 1	1	449.536617687	449.778532340	0.000	22050.000	
222	Waveform 1	1	449.820402184	450.090230065	0.000	22050.000	
222	Spectrogram 1	1	449.820402184	450.090230065	0.000	22050.000	
223	Waveform 1	1	450.160013138	450.429841019	0.000	22050.000	
223	Spectrogram 1	1	450.160013138	450.429841019	0.000	22050.000	
224	Waveform 1	1	450.964844578	451.271890098	0.000	22050.000	
224	Spectrogram 1	1	450.964844578	451.271890098	0.000	22050.000	
225	Waveform 1	1	439.920847432	440.455863769	0.000	22050.000	
225	Spectrogram 1	1	439.920847432	440.455863769	0.000	22050.000	
226	Waveform 1	1	445.775932479	446.076879169	0.000	22050.000	
226	Spectrogram 1	1	445.775932479	446.076879169	0.000	22050.000	
227	Waveform 1	1	459.187338051	459.467526621	0.000	22050.000	
227	Spectrogram 1	1	459.187338051	459.467526621	0.000	22050.000	
228	Waveform 1	1	460.109477648	460.351834849	0.000	22050.000	
228	Spectrogram 1	1	460.109477648	460.351834849	0.000	22050.000	
229	Waveform 1	1	460.460600032	460.750246444	0.000	22050.000	
229	Spectrogram 1	1	460.460600032	460.750246444	0.000	22050.000	
230	Waveform 1	1	460.837731483	461.018612711	0.000	22050.000	
230	Spectrogram 1	1	460.837731483	461.018612711	0.000	22050.000	
231	Waveform 1	1	461.917107702	462.096806701	0.000	22050.000	
231	Spectrogram 1	1	461.917107702	462.096806701	0.000	22050.000	
232	Waveform 1	1	464.099504747	464.318217343	0.000	22050.000	
232	Spectrogram 1	1	464.099504747	464.318217343	0.000	22050.000	
233	Waveform 1	1	464.351319790	464.598405913	0.000	22050.000	
233	Spectrogram 1	1	464.351319790	464.598405913	0.000	22050.000	
234	Waveform 1	1	464.613774906	464.888052325	0.000	22050.000	
234	Spectrogram 1	1	464.613774906	464.888052325	0.000	22050.000	
235	Waveform 1	1	465.830289835	466.090380491	0.000	22050.000	
235	Spectrogram 1	1	465.830289835	466.090380491	0.000	22050.000	
236	Waveform 1	1	466.174318838	466.393031435	0.000	22050.000	
236	Spectrogram 1	1	466.174318838	466.393031435	0.000	22050.000	
237	Waveform 1	1	468.915910792	469.237477420	0.000	22050.000	
237	Spectrogram 1	1	468.915910792	469.237477420	0.000	22050.000	
238	Waveform 1	1	469.854601612	470.089865432	0.000	22050.000	
238	Spectrogram 1	1	469.854601612	470.089865432	0.000	22050.000	
239	Waveform 1	1	471.458888063	471.793459224	0.000	22050.000	
239	Spectrogram 1	1	471.458888063	471.793459224	0.000	22050.000	
240	Waveform 1	1	474.777408379	475.124984073	0.000	22050.000	
240	Spectrogram 1	1	474.777408379	475.124984073	0.000	22050.000	
241	Waveform 1	1	477.831109119	478.073466321	0.000	22050.000	
241	Spectrogram 1	1	477.831109119	478.073466321	0.000	22050.000	
242	Waveform 1	1	481.563410024	481.834140751	0.000	22050.000	
242	Spectrogram 1	1	481.563410024	481.834140751	0.000	22050.000	
243	Waveform 1	1	486.496856863	486.888175077	0.000	22050.000	
243	Spectrogram 1	1	486.496856863	486.888175077	0.000	22050.000	
244	Waveform 1	1	488.517288363	488.887326432	0.000	22050.000	
244	Spectrogram 1	1	488.517288363	488.887326432	0.000	22050.000	
245	Waveform 1	1	490.473879430	490.894753399	0.000	22050.000	
245	Spectrogram 1	1	490.473879430	490.894753399	0.000	22050.000	
246	Waveform 1	1	493.075968214	493.436548440	0.000	22050.000	
246	Spectrogram 1	1	493.075968214	493.436548440	0.000	22050.000	
247	Waveform 1	1	495.802191174	496.155678019	0.000	22050.000	
247	Spectrogram 1	1	495.802191174	496.155678019	0.000	22050.000	
248	Waveform 1	1	497.088457688	497.584994393	0.000	22050.000	
248	Spectrogram 1	1	497.088457688	497.584994393	0.000	22050.000	
249	Waveform 1	1	497.652381518	497.905378791	0.000	22050.000	
249	Spectrogram 1	1	497.652381518	497.905378791	0.000	22050.000	
250	Waveform 1	1	499.543949920	499.795764964	0.000	22050.000	
250	Spectrogram 1	1	499.543949920	499.795764964	0.000	22050.000	
251	Waveform 1	1	502.602379581	502.954684196	0.000	22050.000	
251	Spectrogram 1	1	502.602379581	502.954684196	0.000	22050.000	
252	Waveform 1	1	503.035075853	503.400385001	0.000	22050.000	
252	Spectrogram 1	1	503.035075853	503.400385001	0.000	22050.000	
253	Waveform 1	1	503.616733137	503.867365950	0.000	22050.000	
253	Spectrogram 1	1	503.616733137	503.867365950	0.000	22050.000	
254	Waveform 1	1	507.979162765	508.072558955	0.000	22050.000	
254	Spectrogram 1	1	507.979162765	508.072558955	0.000	22050.000	
255	Waveform 1	1	515.275887878	515.514698389	0.000	22050.000	
255	Spectrogram 1	1	515.275887878	515.514698389	0.000	22050.000	
256	Waveform 1	1	515.833900557	516.070346607	0.000	22050.000	
256	Spectrogram 1	1	515.833900557	516.070346607	0.000	22050.000	
257	Waveform 1	1	516.201574165	516.485309426	0.000	22050.000	
257	Spectrogram 1	1	516.201574165	516.485309426	0.000	22050.000	
258	Waveform 1	1	520.548634801	520.814636607	0.000	22050.000	
258	Spectrogram 1	1	520.548634801	520.814636607	0.000	22050.000	
259	Waveform 1	1	521.074727262	521.369102595	0.000	22050.000	
259	Spectrogram 1	1	521.074727262	521.369102595	0.000	22050.000	
260	Waveform 1	1	521.409298424	521.700127066	0.000	22050.000	
260	Spectrogram 1	1	521.409298424	521.700127066	0.000	22050.000	
261	Waveform 1	1	521.724953901	522.026422615	0.000	22050.000	
261	Spectrogram 1	1	521.724953901	522.026422615	0.000	22050.000	
262	Waveform 1	1	522.193117080	522.489856874	0.000	22050.000	
262	Spectrogram 1	1	522.193117080	522.489856874	0.000	22050.000	
263	Waveform 1	1	533.633559225	533.881827578	0.000	22050.000	
263	Spectrogram 1	1	533.633559225	533.881827578	0.000	22050.000	
264	Waveform 1	1	533.981134919	534.253047877	0.000	22050.000	
264	Spectrogram 1	1	533.981134919	534.253047877	0.000	22050.000	
265	Waveform 1	1	535.140902796	535.489660720	0.000	22050.000	
265	Spectrogram 1	1	535.140902796	535.489660720	0.000	22050.000	
266	Waveform 1	1	537.921508348	538.225341523	0.000	22050.000	
266	Spectrogram 1	1	537.921508348	538.225341523	0.000	22050.000	
267	Waveform 1	1	538.250168358	538.467698724	0.000	22050.000	
267	Spectrogram 1	1	538.250168358	538.467698724	0.000	22050.000	
268	Waveform 1	1	538.577646138	538.944137516	0.000	22050.000	
268	Spectrogram 1	1	538.577646138	538.944137516	0.000	22050.000	
269	Waveform 1	1	542.286302437	542.584224460	0.000	22050.000	
269	Spectrogram 1	1	542.286302437	542.584224460	0.000	22050.000	
270	Waveform 1	1	544.799723952	545.034987772	0.000	22050.000	
270	Spectrogram 1	1	544.799723952	545.034987772	0.000	22050.000	
271	Waveform 1	1	545.367194472	545.588271530	0.000	22050.000	
271	Spectrogram 1	1	545.367194472	545.588271530	0.000	22050.000	
272	Waveform 1	1	545.756148225	545.991412045	0.000	22050.000	
272	Spectrogram 1	1	545.756148225	545.991412045	0.000	22050.000	
273	Waveform 1	1	546.074168163	546.242044859	0.000	22050.000	
273	Spectrogram 1	1	546.074168163	546.242044859	0.000	22050.000	
274	Waveform 1	1	550.181236057	550.488615922	0.000	22050.000	
274	Spectrogram 1	1	550.181236057	550.488615922	0.000	22050.000	
275	Waveform 1	1	550.621025711	550.866929603	0.000	22050.000	
275	Spectrogram 1	1	550.621025711	550.866929603	0.000	22050.000	
276	Waveform 1	1	551.582178905	551.836358409	0.000	22050.000	
276	Spectrogram 1	1	551.582178905	551.836358409	0.000	22050.000	
277	Waveform 1	1	552.030244171	552.339988496	0.000	22050.000	
277	Spectrogram 1	1	552.030244171	552.339988496	0.000	22050.000	
278	Waveform 1	1	552.442842528	552.568158935	0.000	22050.000	
278	Spectrogram 1	1	552.442842528	552.568158935	0.000	22050.000	
279	Waveform 1	1	552.598896922	552.803422755	0.000	22050.000	
279	Spectrogram 1	1	552.598896922	552.803422755	0.000	22050.000	
280	Waveform 1	1	552.824702900	553.077700173	0.000	22050.000	
280	Spectrogram 1	1	552.824702900	553.077700173	0.000	22050.000	
281	Waveform 1	1	553.304688382	553.580148030	0.000	22050.000	
281	Spectrogram 1	1	553.304688382	553.580148030	0.000	22050.000	
282	Waveform 1	1	553.615614938	553.844967607	0.000	22050.000	
282	Spectrogram 1	1	553.615614938	553.844967607	0.000	22050.000	
283	Waveform 1	1	555.519005643	555.714073635	0.000	22050.000	
283	Spectrogram 1	1	555.519005643	555.714073635	0.000	22050.000	
284	Waveform 1	1	555.732989319	555.883132561	0.000	22050.000	
284	Spectrogram 1	1	555.732989319	555.883132561	0.000	22050.000	
285	Waveform 1	1	556.850196906	557.054722740	0.000	22050.000	
285	Spectrogram 1	1	556.850196906	557.054722740	0.000	22050.000	
286	Waveform 1	1	557.276982027	557.403480664	0.000	22050.000	
286	Spectrogram 1	1	557.276982027	557.403480664	0.000	22050.000	
287	Waveform 1	1	557.638744484	557.833812476	0.000	22050.000	
287	Spectrogram 1	1	557.638744484	557.833812476	0.000	22050.000	
288	Waveform 1	1	558.051342842	558.222766228	0.000	22050.000	
288	Spectrogram 1	1	558.051342842	558.222766228	0.000	22050.000	
289	Waveform 1	1	558.339807023	558.560884080	0.000	22050.000	
289	Spectrogram 1	1	558.339807023	558.560884080	0.000	22050.000	
290	Waveform 1	1	558.661373652	558.807970203	0.000	22050.000	
290	Spectrogram 1	1	558.661373652	558.807970203	0.000	22050.000	
291	Waveform 1	1	559.620162386	559.827052680	0.000	22050.000	
291	Spectrogram 1	1	559.620162386	559.827052680	0.000	22050.000	
292	Waveform 1	1	560.885148755	561.227995528	0.000	22050.000	
292	Spectrogram 1	1	560.885148755	561.227995528	0.000	22050.000	
293	Waveform 1	1	561.472717190	561.834479647	0.000	22050.000	
293	Spectrogram 1	1	561.472717190	561.834479647	0.000	22050.000	
294	Waveform 1	1	562.679774277	562.833464210	0.000	22050.000	
294	Spectrogram 1	1	562.679774277	562.833464210	0.000	22050.000	
295	Waveform 1	1	564.441297352	564.765228441	0.000	22050.000	
295	Spectrogram 1	1	564.441297352	564.765228441	0.000	22050.000	
296	Waveform 1	1	566.824673539	567.063484050	0.000	22050.000	
296	Spectrogram 1	1	566.824673539	567.063484050	0.000	22050.000	
297	Waveform 1	1	568.832100506	569.173765049	0.000	22050.000	
297	Spectrogram 1	1	568.832100506	569.173765049	0.000	22050.000	
298	Waveform 1	1	569.688035209	569.867734207	0.000	22050.000	
298	Spectrogram 1	1	569.688035209	569.867734207	0.000	22050.000	
299	Waveform 1	1	570.047433205	570.374910985	0.000	22050.000	
299	Spectrogram 1	1	570.047433205	570.374910985	0.000	22050.000	
300	Waveform 1	1	570.423382425	570.554609983	0.000	22050.000	
300	Spectrogram 1	1	570.423382425	570.554609983	0.000	22050.000	
301	Waveform 1	1	572.530116733	572.797300770	0.000	22050.000	
301	Spectrogram 1	1	572.530116733	572.797300770	0.000	22050.000	
302	Waveform 1	1	574.635668812	574.809456658	0.000	22050.000	
302	Spectrogram 1	1	574.635668812	574.809456658	0.000	22050.000	
303	Waveform 1	1	575.648840137	575.882921727	0.000	22050.000	
303	Spectrogram 1	1	575.648840137	575.882921727	0.000	22050.000	
304	Waveform 1	1	577.820597109	578.132705896	0.000	22050.000	
304	Spectrogram 1	1	577.820597109	578.132705896	0.000	22050.000	
305	Waveform 1	1	582.068350403	582.339081131	0.000	22050.000	
305	Spectrogram 1	1	582.068350403	582.339081131	0.000	22050.000	
306	Waveform 1	1	582.397010413	582.609811859	0.000	22050.000	
306	Spectrogram 1	1	582.397010413	582.609811859	0.000	22050.000	
307	Waveform 1	1	584.770928759	585.106682150	0.000	22050.000	
307	Spectrogram 1	1	584.770928759	585.106682150	0.000	22050.000	
308	Waveform 1	1	586.025275055	586.238076501	0.000	22050.000	
308	Spectrogram 1	1	586.025275055	586.238076501	0.000	22050.000	
309	Waveform 1	1	586.299552474	586.459153558	0.000	22050.000	
309	Spectrogram 1	1	586.299552474	586.459153558	0.000	22050.000	
310	Waveform 1	1	586.668408312	586.817369324	0.000	22050.000	
310	Spectrogram 1	1	586.668408312	586.817369324	0.000	22050.000	
311	Waveform 1	1	586.839831699	586.987610480	0.000	22050.000	
311	Spectrogram 1	1	586.839831699	586.987610480	0.000	22050.000	
312	Waveform 1	1	590.674986635	591.055664776	0.000	22050.000	
312	Spectrogram 1	1	590.674986635	591.055664776	0.000	22050.000	
313	Waveform 1	1	591.195167946	591.480085436	0.000	22050.000	
313	Spectrogram 1	1	591.195167946	591.480085436	0.000	22050.000	
314	Waveform 1	1	595.629713620	595.868524130	0.000	22050.000	
314	Spectrogram 1	1	595.629713620	595.868524130	0.000	22050.000	
315	Waveform 1	1	595.901626577	596.147530470	0.000	22050.000	
315	Spectrogram 1	1	595.901626577	596.147530470	0.000	22050.000	
316	Waveform 1	1	596.335926621	596.613466346	0.000	22050.000	
316	Spectrogram 1	1	596.335926621	596.613466346	0.000	22050.000	
317	Waveform 1	1	597.533025677	597.887474001	0.000	22050.000	
317	Spectrogram 1	1	597.533025677	597.887474001	0.000	22050.000	
318	Waveform 1	1	599.231702550	599.663059472	0.000	22050.000	
318	Spectrogram 1	1	599.231702550	599.663059472	0.000	22050.000	
319	Waveform 1	1	602.160916999	602.361548126	0.000	22050.000	
319	Spectrogram 1	1	602.160916999	602.361548126	0.000	22050.000	
320	Waveform 1	1	602.458519837	602.679214076	0.000	22050.000	
320	Spectrogram 1	1	602.458519837	602.679214076	0.000	22050.000	
321	Waveform 1	1	602.719340302	602.856438238	0.000	22050.000	
321	Spectrogram 1	1	602.719340302	602.856438238	0.000	22050.000	
322	Waveform 1	1	604.284263090	604.605272892	0.000	22050.000	
322	Spectrogram 1	1	604.284263090	604.605272892	0.000	22050.000	
323	Waveform 1	1	604.672149935	604.993159737	0.000	22050.000	
323	Spectrogram 1	1	604.672149935	604.993159737	0.000	22050.000	
324	Waveform 1	1	605.083443744	605.337576505	0.000	22050.000	
324	Spectrogram 1	1	605.083443744	605.337576505	0.000	22050.000	
325	Waveform 1	1	605.357639618	605.581677709	0.000	22050.000	
325	Spectrogram 1	1	605.357639618	605.581677709	0.000	22050.000	
326	Waveform 1	1	605.615116230	605.899343660	0.000	22050.000	
326	Spectrogram 1	1	605.615116230	605.899343660	0.000	22050.000	
327	Waveform 1	1	606.608240307	607.042941082	0.000	22050.000	
327	Spectrogram 1	1	606.608240307	607.042941082	0.000	22050.000	
328	Waveform 1	1	607.725086912	608.072847532	0.000	22050.000	
328	Spectrogram 1	1	607.725086912	608.072847532	0.000	22050.000	
329	Waveform 1	1	608.179850799	608.407232743	0.000	22050.000	
329	Spectrogram 1	1	608.179850799	608.407232743	0.000	22050.000	
330	Waveform 1	1	608.661365504	609.283321996	0.000	22050.000	
330	Spectrogram 1	1	608.661365504	609.283321996	0.000	22050.000	
331	Waveform 1	1	610.841557080	611.145847622	0.000	22050.000	
331	Spectrogram 1	1	610.841557080	611.145847622	0.000	22050.000	
332	Waveform 1	1	611.202693108	611.517015207	0.000	22050.000	
332	Spectrogram 1	1	611.202693108	611.517015207	0.000	22050.000	
333	Waveform 1	1	611.550453728	611.821305749	0.000	22050.000	
333	Spectrogram 1	1	611.550453728	611.821305749	0.000	22050.000	
334	Waveform 1	1	613.382884685	613.660424410	0.000	22050.000	
334	Spectrogram 1	1	613.382884685	613.660424410	0.000	22050.000	
335	Waveform 1	1	628.439807934	628.650949240	0.000	22050.000	
335	Spectrogram 1	1	628.439807934	628.650949240	0.000	22050.000	
336	Waveform 1	1	628.660248210	628.824347671	0.000	22050.000	
336	Spectrogram 1	1	628.660248210	628.824347671	0.000	22050.000	
337	Waveform 1	1	631.485061977	631.853974183	0.000	22050.000	
337	Spectrogram 1	1	631.485061977	631.853974183	0.000	22050.000	
338	Waveform 1	1	631.893703189	632.196400384	0.000	22050.000	
338	Spectrogram 1	1	631.893703189	632.196400384	0.000	22050.000	
339	Waveform 1	1	632.799902916	633.202868556	0.000	22050.000	
339	Spectrogram 1	1	632.799902916	633.202868556	0.000	22050.000	
340	Waveform 1	1	633.887720959	634.213120443	0.000	22050.000	
340	Spectrogram 1	1	633.887720959	634.213120443	0.000	22050.000	
341	Waveform 1	1	634.218796015	634.447710769	0.000	22050.000	
341	Spectrogram 1	1	634.218796015	634.447710769	0.000	22050.000	
342	Waveform 1	1	634.555546644	635.017159866	0.000	22050.000	
342	Spectrogram 1	1	634.555546644	635.017159866	0.000	22050.000	
343	Waveform 1	1	635.189318896	635.431476651	0.000	22050.000	
343	Spectrogram 1	1	635.189318896	635.431476651	0.000	22050.000	
344	Waveform 1	1	636.825775604	637.170093663	0.000	22050.000	
344	Spectrogram 1	1	636.825775604	637.170093663	0.000	22050.000	
345	Waveform 1	1	637.190904095	637.419818848	0.000	22050.000	
345	Spectrogram 1	1	637.190904095	637.419818848	0.000	22050.000	
346	Waveform 1	1	640.654895116	640.868675009	0.000	22050.000	
346	Spectrogram 1	1	640.654895116	640.868675009	0.000	22050.000	
347	Waveform 1	1	640.885701726	641.014348034	0.000	22050.000	
347	Spectrogram 1	1	640.885701726	641.014348034	0.000	22050.000	
348	Waveform 1	1	642.595940876	642.752965046	0.000	22050.000	
348	Spectrogram 1	1	642.595940876	642.752965046	0.000	22050.000	
349	Waveform 1	1	642.787018480	642.906205500	0.000	22050.000	
349	Spectrogram 1	1	642.787018480	642.906205500	0.000	22050.000	
350	Waveform 1	1	644.712929381	645.038328865	0.000	22050.000	
350	Spectrogram 1	1	644.712929381	645.038328865	0.000	22050.000	
351	Waveform 1	1	648.192055261	648.464482736	0.000	22050.000	
351	Spectrogram 1	1	648.192055261	648.464482736	0.000	22050.000	
352	Waveform 1	1	648.521238460	648.814476367	0.000	22050.000	
352	Spectrogram 1	1	648.521238460	648.814476367	0.000	22050.000	
353	Waveform 1	1	648.884475094	649.143659567	0.000	22050.000	
353	Spectrogram 1	1	648.884475094	649.143659567	0.000	22050.000	
354	Waveform 1	1	653.523309601	653.907356667	0.000	22050.000	
354	Spectrogram 1	1	653.523309601	653.907356667	0.000	22050.000	
355	Waveform 1	1	667.644133729	668.096287663	0.000	22050.000	
355	Spectrogram 1	1	667.644133729	668.096287663	0.000	22050.000	
356	Waveform 1	1	671.963244324	672.345399533	0.000	22050.000	
356	Spectrogram 1	1	671.963244324	672.345399533	0.000	22050.000	
357	Waveform 1	1	672.608367720	673.018900790	0.000	22050.000	
357	Spectrogram 1	1	672.608367720	673.018900790	0.000	22050.000	
358	Waveform 1	1	673.592133603	673.991315528	0.000	22050.000	
358	Spectrogram 1	1	673.592133603	673.991315528	0.000	22050.000	
359	Waveform 1	1	676.172627187	676.446946519	0.000	22050.000	
359	Spectrogram 1	1	676.172627187	676.446946519	0.000	22050.000	
360	Waveform 1	1	676.564241682	676.760994859	0.000	22050.000	
360	Spectrogram 1	1	676.564241682	676.760994859	0.000	22050.000	
361	Waveform 1	1	678.499611870	678.711499906	0.000	22050.000	
361	Spectrogram 1	1	678.499611870	678.711499906	0.000	22050.000	
362	Waveform 1	1	679.048250535	679.294192006	0.000	22050.000	
362	Spectrogram 1	1	679.048250535	679.294192006	0.000	22050.000	
363	Waveform 1	1	679.716076221	679.982828124	0.000	22050.000	
363	Spectrogram 1	1	679.716076221	679.982828124	0.000	22050.000	
364	Waveform 1	1	681.725228850	681.973062178	0.000	22050.000	
364	Spectrogram 1	1	681.725228850	681.973062178	0.000	22050.000	
365	Waveform 1	1	683.583032882	683.900864936	0.000	22050.000	
365	Spectrogram 1	1	683.583032882	683.900864936	0.000	22050.000	
366	Waveform 1	1	684.748417081	685.070032850	0.000	22050.000	
366	Spectrogram 1	1	684.748417081	685.070032850	0.000	22050.000	
367	Waveform 1	1	685.826775837	686.505952667	0.000	22050.000	
367	Spectrogram 1	1	685.826775837	686.505952667	0.000	22050.000	
368	Waveform 1	1	703.612127877	703.873204207	0.000	22050.000	
368	Spectrogram 1	1	703.612127877	703.873204207	0.000	22050.000	
369	Waveform 1	1	708.913112497	709.159053968	0.000	22050.000	
369	Spectrogram 1	1	708.913112497	709.159053968	0.000	22050.000	
370	Waveform 1	1	709.711476348	709.951742246	0.000	22050.000	
370	Spectrogram 1	1	709.711476348	709.951742246	0.000	22050.000	
371	Waveform 1	1	710.328221882	710.576055210	0.000	22050.000	
371	Spectrogram 1	1	710.328221882	710.576055210	0.000	22050.000	
372	Waveform 1	1	711.387662063	711.641170964	0.000	22050.000	
372	Spectrogram 1	1	711.387662063	711.641170964	0.000	22050.000	
373	Waveform 1	1	714.111936815	714.363553858	0.000	22050.000	
373	Spectrogram 1	1	714.111936815	714.363553858	0.000	22050.000	
374	Waveform 1	1	714.526253600	714.840301939	0.000	22050.000	
374	Spectrogram 1	1	714.526253600	714.840301939	0.000	22050.000	
375	Waveform 1	1	714.915976238	715.203538573	0.000	22050.000	
375	Spectrogram 1	1	714.915976238	715.203538573	0.000	22050.000	
376	Waveform 1	1	717.844571596	718.143485075	0.000	22050.000	
376	Spectrogram 1	1	717.844571596	718.143485075	0.000	22050.000	
377	Waveform 1	1	718.349697539	718.591855295	0.000	22050.000	
377	Spectrogram 1	1	718.349697539	718.591855295	0.000	22050.000	
378	Waveform 1	1	719.882102087	720.230203860	0.000	22050.000	
378	Spectrogram 1	1	719.882102087	720.230203860	0.000	22050.000	
379	Waveform 1	1	723.726356458	724.061215230	0.000	22050.000	
379	Spectrogram 1	1	723.726356458	724.061215230	0.000	22050.000	
380	Waveform 1	1	725.928478549	726.083610861	0.000	22050.000	
380	Spectrogram 1	1	725.928478549	726.083610861	0.000	22050.000	
381	Waveform 1	1	726.121448010	726.450631209	0.000	22050.000	
381	Spectrogram 1	1	726.121448010	726.450631209	0.000	22050.000	
382	Waveform 1	1	749.991013662	750.113984397	0.000	22050.000	
382	Spectrogram 1	1	749.991013662	750.113984397	0.000	22050.000	
383	Waveform 1	1	758.744638158	758.894094898	0.000	22050.000	
383	Spectrogram 1	1	758.744638158	758.894094898	0.000	22050.000	
384	Waveform 1	1	761.359185177	761.578640643	0.000	22050.000	
384	Spectrogram 1	1	761.359185177	761.578640643	0.000	22050.000	
385	Waveform 1	1	761.692152091	761.871878550	0.000	22050.000	
385	Spectrogram 1	1	761.692152091	761.871878550	0.000	22050.000	
386	Waveform 1	1	761.909715699	762.176467602	0.000	22050.000	
386	Spectrogram 1	1	761.909715699	762.176467602	0.000	22050.000	
387	Waveform 1	1	762.182143174	762.278627905	0.000	22050.000	
387	Spectrogram 1	1	762.182143174	762.278627905	0.000	22050.000	
388	Waveform 1	1	762.284303478	762.431868360	0.000	22050.000	
388	Spectrogram 1	1	762.284303478	762.431868360	0.000	22050.000	
389	Waveform 1	1	762.779970134	763.041046464	0.000	22050.000	
389	Spectrogram 1	1	762.779970134	763.041046464	0.000	22050.000	
390	Waveform 1	1	765.335869571	765.604513331	0.000	22050.000	
390	Spectrogram 1	1	765.335869571	765.604513331	0.000	22050.000	
391	Waveform 1	1	765.665052770	765.920453528	0.000	22050.000	
391	Spectrogram 1	1	765.665052770	765.920453528	0.000	22050.000	
392	Waveform 1	1	765.990452254	766.162611283	0.000	22050.000	
392	Spectrogram 1	1	765.990452254	766.162611283	0.000	22050.000	
393	Waveform 1	1	766.213691435	766.476659623	0.000	22050.000	
393	Spectrogram 1	1	766.213691435	766.476659623	0.000	22050.000	
394	Waveform 1	1	766.537199062	766.826653254	0.000	22050.000	
394	Spectrogram 1	1	766.537199062	766.826653254	0.000	22050.000	
395	Waveform 1	1	767.256104899	767.430155786	0.000	22050.000	
395	Spectrogram 1	1	767.256104899	767.430155786	0.000	22050.000	
396	Waveform 1	1	767.558802093	767.842580713	0.000	22050.000	
396	Spectrogram 1	1	767.558802093	767.842580713	0.000	22050.000	
397	Waveform 1	1	772.498441938	772.708438117	0.000	22050.000	
397	Spectrogram 1	1	772.498441938	772.708438117	0.000	22050.000	
398	Waveform 1	1	772.723572976	772.960055160	0.000	22050.000	
398	Spectrogram 1	1	772.723572976	772.960055160	0.000	22050.000	
399	Waveform 1	1	773.020594598	773.281670929	0.000	22050.000	
399	Spectrogram 1	1	773.020594598	773.281670929	0.000	22050.000	
400	Waveform 1	1	773.317616221	773.584368123	0.000	22050.000	
400	Spectrogram 1	1	773.317616221	773.584368123	0.000	22050.000	
401	Waveform 1	1	773.646799420	773.866254886	0.000	22050.000	
401	Spectrogram 1	1	773.646799420	773.866254886	0.000	22050.000	
402	Waveform 1	1	773.915443180	774.170843938	0.000	22050.000	
402	Spectrogram 1	1	773.915443180	774.170843938	0.000	22050.000	
403	Waveform 1	1	774.204897372	774.484892277	0.000	22050.000	
403	Spectrogram 1	1	774.204897372	774.484892277	0.000	22050.000	
404	Waveform 1	1	774.513270139	774.757319752	0.000	22050.000	
404	Spectrogram 1	1	774.513270139	774.757319752	0.000	22050.000	
405	Waveform 1	1	774.798940617	775.069476234	0.000	22050.000	
405	Spectrogram 1	1	774.798940617	775.069476234	0.000	22050.000	
406	Waveform 1	1	775.080827379	775.338119995	0.000	22050.000	
406	Spectrogram 1	1	775.080827379	775.338119995	0.000	22050.000	
407	Waveform 1	1	775.629466044	775.854597083	0.000	22050.000	
407	Spectrogram 1	1	775.629466044	775.854597083	0.000	22050.000	
408	Waveform 1	1	776.355939311	776.567827348	0.000	22050.000	
408	Spectrogram 1	1	776.355939311	776.567827348	0.000	22050.000	
409	Waveform 1	1	782.985007873	783.227165629	0.000	22050.000	
409	Spectrogram 1	1	782.985007873	783.227165629	0.000	22050.000	
410	Waveform 1	1	783.361487509	783.580942975	0.000	22050.000	
410	Spectrogram 1	1	783.361487509	783.580942975	0.000	22050.000	
411	Waveform 1	1	797.643119522	797.866358703	0.000	22050.000	
411	Spectrogram 1	1	797.643119522	797.866358703	0.000	22050.000	
412	Waveform 1	1	799.035526617	799.283359945	0.000	22050.000	
412	Spectrogram 1	1	799.035526617	799.283359945	0.000	22050.000	
413	Waveform 1	1	799.480113121	799.669298868	0.000	22050.000	
413	Spectrogram 1	1	799.480113121	799.669298868	0.000	22050.000	
414	Waveform 1	1	801.004950239	801.275485857	0.000	22050.000	
414	Spectrogram 1	1	801.004950239	801.275485857	0.000	22050.000	
415	Waveform 1	1	807.128892857	807.365375041	0.000	22050.000	
415	Spectrogram 1	1	807.128892857	807.365375041	0.000	22050.000	
416	Waveform 1	1	809.013182894	809.361284667	0.000	22050.000	
416	Spectrogram 1	1	809.013182894	809.361284667	0.000	22050.000	
417	Waveform 1	1	810.608018738	810.959904226	0.000	22050.000	
417	Spectrogram 1	1	810.608018738	810.959904226	0.000	22050.000	
418	Waveform 1	1	816.016839234	816.255213274	0.000	22050.000	
418	Spectrogram 1	1	816.016839234	816.255213274	0.000	22050.000	
419	Waveform 1	1	818.103558019	818.336256487	0.000	22050.000	
419	Spectrogram 1	1	818.103558019	818.336256487	0.000	22050.000	
420	Waveform 1	1	829.216328776	829.539836402	0.000	22050.000	
420	Spectrogram 1	1	829.216328776	829.539836402	0.000	22050.000	
421	Waveform 1	1	836.464034729	836.713759914	0.000	22050.000	
421	Spectrogram 1	1	836.464034729	836.713759914	0.000	22050.000	
422	Waveform 1	1	841.838801790	842.224740713	0.000	22050.000	
422	Spectrogram 1	1	841.838801790	842.224740713	0.000	22050.000	
423	Waveform 1	1	842.332576589	842.510411191	0.000	22050.000	
423	Spectrogram 1	1	842.332576589	842.510411191	0.000	22050.000	
424	Waveform 1	1	859.223080048	859.482264521	0.000	22050.000	
424	Spectrogram 1	1	859.223080048	859.482264521	0.000	22050.000	
425	Waveform 1	1	859.652531692	859.926851025	0.000	22050.000	
425	Spectrogram 1	1	859.652531692	859.926851025	0.000	22050.000	
426	Waveform 1	1	873.183096291	873.544441067	0.000	22050.000	
426	Spectrogram 1	1	873.183096291	873.544441067	0.000	22050.000	
427	Waveform 1	1	873.644709513	873.964433425	0.000	22050.000	
427	Spectrogram 1	1	873.644709513	873.964433425	0.000	22050.000	
428	Waveform 1	1	874.815769284	875.050359610	0.000	22050.000	
428	Spectrogram 1	1	874.815769284	875.050359610	0.000	22050.000	
