Selection	View	Channel	Begin Time (s)	End Time (s)	Low Freq (Hz)	High Freq (Hz)	Annotation
1	Waveform 1	1	13.130725960	13.755149070	0.000	22050.000	
1	Spectrogram 1	1	13.130725960	13.755149070	0.000	22050.000	
2	Waveform 1	1	14.156563926	14.870190337	0.000	22050.000	
2	Spectrogram 1	1	14.156563926	14.870190337	0.000	22050.000	
3	Waveform 1	1	15.262684863	15.878187642	0.000	22050.000	
3	Spectrogram 1	1	15.262684863	15.878187642	0.000	22050.000	
4	Waveform 1	1	17.100272871	17.787138291	0.000	22050.000	
4	Spectrogram 1	1	17.100272871	17.787138291	0.000	22050.000	
5	Waveform 1	1	51.229455971	51.648711488	0.000	22050.000	
5	Spectrogram 1	1	51.229455971	51.648711488	0.000	22050.000	
6	Waveform 1	1	52.308815918	52.861876386	0.000	22050.000	
6	Spectrogram 1	1	52.308815918	52.861876386	0.000	22050.000	
7	Waveform 1	1	53.843112701	54.253447888	0.000	22050.000	
7	Spectrogram 1	1	53.843112701	54.253447888	0.000	22050.000	
8	Waveform 1	1	55.199002882	55.671780379	0.000	22050.000	
8	Spectrogram 1	1	55.199002882	55.671780379	0.000	22050.000	
9	Waveform 1	1	91.585029507	92.066727334	0.000	22050.000	
9	Spectrogram 1	1	91.585029507	92.066727334	0.000	22050.000	
10	Waveform 1	1	92.102408655	92.503823511	0.000	22050.000	
10	Spectrogram 1	1	92.102408655	92.503823511	0.000	22050.000	
11	Waveform 1	1	93.529661477	93.931076333	0.000	22050.000	
11	Spectrogram 1	1	93.529661477	93.931076333	0.000	22050.000	
12	Waveform 1	1	97.757897961	98.275277109	0.000	22050.000	
12	Spectrogram 1	1	97.757897961	98.275277109	0.000	22050.000	
13	Waveform 1	1	114.554879607	115.188223047	0.000	22050.000	SAT.NA_take.off.flight_NA
13	Spectrogram 1	1	114.554879607	115.188223047	0.000	22050.000	SAT.NA_take.off.flight_NA
14	Waveform 1	1	145.740353763	146.230971921	0.000	22050.000	
14	Spectrogram 1	1	145.740353763	146.230971921	0.000	22050.000	
15	Waveform 1	1	149.513653411	150.075634209	0.000	22050.000	
15	Spectrogram 1	1	149.513653411	150.075634209	0.000	22050.000	
16	Waveform 1	1	187.460737810	187.960276297	0.000	22050.000	SAT.NA_take.off_02
16	Spectrogram 1	1	187.460737810	187.960276297	0.000	22050.000	SAT.NA_take.off_02
17	Waveform 1	1	188.352770823	189.048556574	0.000	22050.000	SAT.NA_take.off_02
17	Spectrogram 1	1	188.352770823	189.048556574	0.000	22050.000	SAT.NA_take.off_02
18	Waveform 1	1	189.762182985	190.449048405	0.000	22050.000	SAT.NA_take.off_02
18	Spectrogram 1	1	189.762182985	190.449048405	0.000	22050.000	SAT.NA_take.off_02
19	Waveform 1	1	190.600694017	191.162674816	0.000	22050.000	SAT.NA_take.off_02
19	Spectrogram 1	1	190.600694017	191.162674816	0.000	22050.000	SAT.NA_take.off_02
20	Waveform 1	1	191.515006142	191.828398967	0.000	22050.000	SAT.NA_take.off_02
20	Spectrogram 1	1	191.515006142	191.828398967	0.000	22050.000	SAT.NA_take.off_02
21	Waveform 1	1	191.841766434	192.208629125	0.000	22050.000	SAT.NA_take.off_02
21	Spectrogram 1	1	191.841766434	192.208629125	0.000	22050.000	SAT.NA_take.off_02
22	Waveform 1	1	192.285863376	192.921560671	0.000	22050.000	SAT.NA_take.off_02
22	Spectrogram 1	1	192.285863376	192.921560671	0.000	22050.000	SAT.NA_take.off_02
23	Waveform 1	1	193.552802144	194.022148745	0.000	22050.000	SAT.NA_take.off_02
23	Spectrogram 1	1	193.552802144	194.022148745	0.000	22050.000	SAT.NA_take.off_02
24	Waveform 1	1	222.420283198	222.819395282	0.000	22050.000	
24	Spectrogram 1	1	222.420283198	222.819395282	0.000	22050.000	
25	Waveform 1	1	222.833001376	223.254790283	0.000	22050.000	
25	Spectrogram 1	1	222.833001376	223.254790283	0.000	22050.000	
26	Waveform 1	1	223.300143929	223.477023148	0.000	22050.000	
26	Spectrogram 1	1	223.300143929	223.477023148	0.000	22050.000	
27	Waveform 1	1	225.976009036	226.565606433	0.000	22050.000	
27	Spectrogram 1	1	225.976009036	226.565606433	0.000	22050.000	
28	Waveform 1	1	242.167874460	242.632804532	0.000	22050.000	
28	Spectrogram 1	1	242.167874460	242.632804532	0.000	22050.000	
29	Waveform 1	1	243.521983295	244.114769137	0.000	22050.000	
29	Spectrogram 1	1	243.521983295	244.114769137	0.000	22050.000	
30	Waveform 1	1	244.219378403	244.858657252	0.000	22050.000	
30	Spectrogram 1	1	244.219378403	244.858657252	0.000	22050.000	
31	Waveform 1	1	245.195731554	245.974489425	0.000	22050.000	
31	Spectrogram 1	1	245.195731554	245.974489425	0.000	22050.000	
32	Waveform 1	1	246.799740302	247.351844763	0.000	22050.000	
32	Spectrogram 1	1	246.799740302	247.351844763	0.000	22050.000	
33	Waveform 1	1	255.767079065	256.284313771	0.000	22050.000	
33	Spectrogram 1	1	255.767079065	256.284313771	0.000	22050.000	
34	Waveform 1	1	256.981708879	257.272290173	0.000	22050.000	
34	Spectrogram 1	1	256.981708879	257.272290173	0.000	22050.000	
35	Waveform 1	1	257.940627152	258.422992102	0.000	22050.000	
35	Spectrogram 1	1	257.940627152	258.422992102	0.000	22050.000	
36	Waveform 1	1	260.096740361	260.486119296	0.000	22050.000	
36	Spectrogram 1	1	260.096740361	260.486119296	0.000	22050.000	
37	Waveform 1	1	264.003677562	264.611874694	0.000	22050.000	
37	Spectrogram 1	1	264.003677562	264.611874694	0.000	22050.000	
38	Waveform 1	1	272.830754861	273.619767357	0.000	22050.000	
38	Spectrogram 1	1	272.830754861	273.619767357	0.000	22050.000	
39	Waveform 1	1	303.750182048	304.341941420	0.000	22050.000	
39	Spectrogram 1	1	303.750182048	304.341941420	0.000	22050.000	
40	Waveform 1	1	317.607214009	318.429102026	0.000	22050.000	
40	Spectrogram 1	1	317.607214009	318.429102026	0.000	22050.000	
41	Waveform 1	1	323.343992366	323.853562936	0.000	22050.000	
41	Spectrogram 1	1	323.343992366	323.853562936	0.000	22050.000	
42	Waveform 1	1	347.112993808	347.819817502	0.000	22050.000	
42	Spectrogram 1	1	347.112993808	347.819817502	0.000	22050.000	
43	Waveform 1	1	385.779167711	386.270379847	0.000	22050.000	SAT.NA_U.landing_04
43	Spectrogram 1	1	385.779167711	386.270379847	0.000	22050.000	SAT.NA_U.landing_04
44	Waveform 1	1	387.411083588	387.836800773	0.000	22050.000	SAT.NA_U.landing_04
44	Spectrogram 1	1	387.411083588	387.836800773	0.000	22050.000	SAT.NA_U.landing_04
45	Waveform 1	1	387.885921987	388.257060046	0.000	22050.000	SAT.NA_U.landing_04
45	Spectrogram 1	1	387.885921987	388.257060046	0.000	22050.000	SAT.NA_U.landing_04
46	Waveform 1	1	388.284349609	388.748272183	0.000	22050.000	SAT.NA_U.landing_04
46	Spectrogram 1	1	388.284349609	388.748272183	0.000	22050.000	SAT.NA_U.landing_04
47	Waveform 1	1	389.621538204	390.189161118	0.000	22050.000	SAT.NA_U.landing_04
47	Spectrogram 1	1	389.621538204	390.189161118	0.000	22050.000	SAT.NA_U.landing_04
48	Waveform 1	1	390.500262138	391.029679663	0.000	22050.000	SAT.NA_U.landing_04
48	Spectrogram 1	1	390.500262138	391.029679663	0.000	22050.000	SAT.NA_U.landing_04
49	Waveform 1	1	392.847164570	393.371124183	0.000	22050.000	SAT.NA_U.landing_04
49	Spectrogram 1	1	392.847164570	393.371124183	0.000	22050.000	SAT.NA_U.landing_04
50	Waveform 1	1	394.987410341	395.302895760	0.000	22050.000	SAT.NA_U.landing_04
50	Spectrogram 1	1	394.987410341	395.302895760	0.000	22050.000	SAT.NA_U.landing_04
51	Waveform 1	1	395.845200762	396.098826295	0.000	22050.000	SAT.NA_U.landing_04
51	Spectrogram 1	1	395.845200762	396.098826295	0.000	22050.000	SAT.NA_U.landing_04
52	Waveform 1	1	396.214298082	396.579271410	0.000	22050.000	SAT.NA_U.landing_04
52	Spectrogram 1	1	396.214298082	396.579271410	0.000	22050.000	SAT.NA_U.landing_04
53	Waveform 1	1	398.396464179	399.031498846	0.000	22050.000	SAT.NA_U.landing_04
53	Spectrogram 1	1	398.396464179	399.031498846	0.000	22050.000	SAT.NA_U.landing_04
54	Waveform 1	1	399.316078697	399.645453524	0.000	22050.000	SAT.NA_U.landing_04
54	Spectrogram 1	1	399.316078697	399.645453524	0.000	22050.000	SAT.NA_U.landing_04
55	Waveform 1	1	412.469861963	412.647451041	0.000	22050.000	
55	Spectrogram 1	1	412.469861963	412.647451041	0.000	22050.000	
56	Waveform 1	1	441.010173605	441.320954490	0.000	22050.000	
56	Spectrogram 1	1	441.010173605	441.320954490	0.000	22050.000	
57	Waveform 1	1	413.867488001	414.057508314	0.000	22050.000	
57	Spectrogram 1	1	413.867488001	414.057508314	0.000	22050.000	
58	Waveform 1	1	417.163541274	417.376648167	0.000	22050.000	
58	Spectrogram 1	1	417.163541274	417.376648167	0.000	22050.000	
59	Waveform 1	1	417.413941873	417.721170976	0.000	22050.000	
59	Spectrogram 1	1	417.413941873	417.721170976	0.000	22050.000	
60	Waveform 1	1	418.989156988	419.330128016	0.000	22050.000	
60	Spectrogram 1	1	418.989156988	419.330128016	0.000	22050.000	
61	Waveform 1	1	432.187577205	432.453960821	0.000	22050.000	
61	Spectrogram 1	1	432.187577205	432.453960821	0.000	22050.000	
62	Waveform 1	1	481.493976922	482.036458506	0.000	22050.000	
62	Spectrogram 1	1	481.493976922	482.036458506	0.000	22050.000	
63	Waveform 1	1	496.291669021	496.643277455	0.000	22050.000	
63	Spectrogram 1	1	496.291669021	496.643277455	0.000	22050.000	
64	Waveform 1	1	510.828166282	511.179774717	0.000	22050.000	
64	Spectrogram 1	1	510.828166282	511.179774717	0.000	22050.000	
65	Waveform 1	1	515.338800194	515.760730315	0.000	22050.000	
65	Spectrogram 1	1	515.338800194	515.760730315	0.000	22050.000	
66	Waveform 1	1	519.045757685	519.558101404	0.000	22050.000	
66	Spectrogram 1	1	519.045757685	519.558101404	0.000	22050.000	
67	Waveform 1	1	549.675875275	550.208310903	0.000	22050.000	SAT.NA_U.landing_NA
67	Spectrogram 1	1	549.675875275	550.208310903	0.000	22050.000	SAT.NA_U.landing_NA
68	Waveform 1	1	550.439367874	550.700562711	0.000	22050.000	SAT.NA_U.landing_NA
68	Spectrogram 1	1	550.439367874	550.700562711	0.000	22050.000	SAT.NA_U.landing_NA
69	Waveform 1	1	550.861297995	551.232998340	0.000	22050.000	SAT.NA_U.landing_NA
69	Spectrogram 1	1	550.861297995	551.232998340	0.000	22050.000	SAT.NA_U.landing_NA
70	Waveform 1	1	553.031224332	553.583751871	0.000	22050.000	SAT.NA_U.landing_NA
70	Spectrogram 1	1	553.031224332	553.583751871	0.000	22050.000	SAT.NA_U.landing_NA
71	Waveform 1	1	554.119239435	554.474203043	0.000	22050.000	SAT.NA_U.landing_NA
71	Spectrogram 1	1	554.119239435	554.474203043	0.000	22050.000	SAT.NA_U.landing_NA
72	Waveform 1	1	555.539093864	555.890888153	0.000	22050.000	SAT.NA_U.landing_NA
72	Spectrogram 1	1	555.539093864	555.890888153	0.000	22050.000	SAT.NA_U.landing_NA
73	Waveform 1	1	558.543607252	559.022174258	0.000	22050.000	SAT.NA_U.landing_NA
73	Spectrogram 1	1	558.543607252	559.022174258	0.000	22050.000	SAT.NA_U.landing_NA
74	Waveform 1	1	560.692879262	560.943797879	0.000	22050.000	
74	Spectrogram 1	1	560.692879262	560.943797879	0.000	22050.000	
75	Waveform 1	1	561.355417183	561.705011661	0.000	22050.000	SAT.NA_take.off_02
75	Spectrogram 1	1	561.355417183	561.705011661	0.000	22050.000	SAT.NA_take.off_02
76	Waveform 1	1	562.680493026	563.097750951	0.000	22050.000	SAT.NA_take.off_02
76	Spectrogram 1	1	562.680493026	563.097750951	0.000	22050.000	SAT.NA_take.off_02
77	Waveform 1	1	566.486760867	566.973187904	0.000	22050.000	
77	Spectrogram 1	1	566.486760867	566.973187904	0.000	22050.000	
78	Waveform 1	1	592.372076973	593.138929375	0.000	22050.000	
78	Spectrogram 1	1	592.372076973	593.138929375	0.000	22050.000	
79	Waveform 1	1	680.908697552	681.288229750	0.000	22050.000	
79	Spectrogram 1	1	680.908697552	681.288229750	0.000	22050.000	
80	Waveform 1	1	683.553745024	683.950794093	0.000	22050.000	SAT.NA_take.off_NA
80	Spectrogram 1	1	683.553745024	683.950794093	0.000	22050.000	SAT.NA_take.off_NA
81	Waveform 1	1	708.988241251	709.648043380	0.000	22050.000	
81	Spectrogram 1	1	708.988241251	709.648043380	0.000	22050.000	
82	Waveform 1	1	713.309069352	713.863770257	0.000	22050.000	
82	Spectrogram 1	1	713.309069352	713.863770257	0.000	22050.000	
83	Waveform 1	1	756.383054353	757.200508318	0.000	22050.000	
83	Spectrogram 1	1	756.383054353	757.200508318	0.000	22050.000	
84	Waveform 1	1	856.792258686	857.261785868	0.000	22050.000	
84	Spectrogram 1	1	856.792258686	857.261785868	0.000	22050.000	
85	Waveform 1	1	857.329943040	857.872676073	0.000	22050.000	
85	Spectrogram 1	1	857.329943040	857.872676073	0.000	22050.000	
86	Waveform 1	1	857.983747019	858.582015526	0.000	22050.000	
86	Spectrogram 1	1	857.983747019	858.582015526	0.000	22050.000	
87	Waveform 1	1	861.896473537	862.502315063	0.000	22050.000	
87	Spectrogram 1	1	861.896473537	862.502315063	0.000	22050.000	
88	Waveform 1	1	865.108112022	865.513363175	0.000	22050.000	
88	Spectrogram 1	1	865.108112022	865.513363175	0.000	22050.000	
89	Waveform 1	1	865.568126844	865.830992456	0.000	22050.000	
89	Spectrogram 1	1	865.568126844	865.830992456	0.000	22050.000	
90	Waveform 1	1	865.858374291	866.115763536	0.000	22050.000	
90	Spectrogram 1	1	865.858374291	866.115763536	0.000	22050.000	
91	Waveform 1	1	870.064224085	870.524238907	0.000	22050.000	
91	Spectrogram 1	1	870.064224085	870.524238907	0.000	22050.000	
92	Waveform 1	1	871.782416876	872.100739369	0.000	22050.000	
92	Spectrogram 1	1	871.782416876	872.100739369	0.000	22050.000	
93	Waveform 1	1	872.123476689	872.424746191	0.000	22050.000	
93	Spectrogram 1	1	872.123476689	872.424746191	0.000	22050.000	
94	Waveform 1	1	872.467378668	872.765806004	0.000	22050.000	
94	Spectrogram 1	1	872.467378668	872.765806004	0.000	22050.000	
95	Waveform 1	1	872.808438481	873.126760973	0.000	22050.000	
95	Spectrogram 1	1	872.808438481	873.126760973	0.000	22050.000	
96	Waveform 1	1	874.090254946	874.491000226	0.000	22050.000	SAT.U.01_perched_NA
96	Spectrogram 1	1	874.090254946	874.491000226	0.000	22050.000	SAT.U.01_perched_NA
97	Waveform 1	1	874.746795086	875.289648622	0.000	22050.000	
97	Spectrogram 1	1	874.746795086	875.289648622	0.000	22050.000	
98	Waveform 1	1	879.677984929	880.000955985	0.000	22050.000	SAT.01_perched_NA
98	Spectrogram 1	1	879.677984929	880.000955985	0.000	22050.000	SAT.01_perched_NA
99	Waveform 1	1	884.272508657	884.901402443	0.000	22050.000	SAT.01_perched_NA
99	Spectrogram 1	1	884.272508657	884.901402443	0.000	22050.000	SAT.01_perched_NA
100	Waveform 1	1	891.508575711	892.031391027	0.000	22050.000	
100	Spectrogram 1	1	891.508575711	892.031391027	0.000	22050.000	
101	Waveform 1	1	894.319655164	894.880355648	0.000	22050.000	
101	Spectrogram 1	1	894.319655164	894.880355648	0.000	22050.000	
102	Waveform 1	1	897.070118348	897.653549932	0.000	22050.000	
102	Spectrogram 1	1	897.070118348	897.653549932	0.000	22050.000	
103	Waveform 1	1	899.608424592	900.199433210	0.000	22050.000	
103	Spectrogram 1	1	899.608424592	900.199433210	0.000	22050.000	
104	Waveform 1	1	928.961852622	929.514976072	0.000	22050.000	
104	Spectrogram 1	1	928.961852622	929.514976072	0.000	22050.000	
105	Waveform 1	1	935.387177084	936.084264172	0.000	22050.000	
105	Spectrogram 1	1	935.387177084	936.084264172	0.000	22050.000	
106	Waveform 1	1	944.881200141	945.555556128	0.000	22050.000	
106	Spectrogram 1	1	944.881200141	945.555556128	0.000	22050.000	
107	Waveform 1	1	955.693627038	956.367983025	0.000	22050.000	
107	Spectrogram 1	1	955.693627038	956.367983025	0.000	22050.000	
108	Waveform 1	1	957.595462463	958.216779215	0.000	22050.000	
108	Spectrogram 1	1	957.595462463	958.216779215	0.000	22050.000	
109	Waveform 1	1	959.406373485	959.785225163	0.000	22050.000	
109	Spectrogram 1	1	959.406373485	959.785225163	0.000	22050.000	
110	Waveform 1	1	983.327038937	983.714220188	0.000	22050.000	SAT.02_NA_NA
110	Spectrogram 1	1	983.327038937	983.714220188	0.000	22050.000	SAT.02_NA_NA
111	Waveform 1	1	983.739526152	983.972341021	0.000	22050.000	SAT.02_NA_NA
111	Spectrogram 1	1	983.739526152	983.972341021	0.000	22050.000	SAT.02_NA_NA
112	Waveform 1	1	983.979932811	984.273481994	0.000	22050.000	SAT.02_NA_NA
112	Spectrogram 1	1	983.979932811	984.273481994	0.000	22050.000	SAT.02_NA_NA
113	Waveform 1	1	984.291196169	984.711275173	0.000	22050.000	SAT.02_NA_NA
113	Spectrogram 1	1	984.291196169	984.711275173	0.000	22050.000	SAT.02_NA_NA
114	Waveform 1	1	984.845396783	985.212333262	0.000	22050.000	SAT.02_NA_NA
114	Spectrogram 1	1	984.845396783	985.212333262	0.000	22050.000	SAT.02_NA_NA
115	Waveform 1	1	985.275598172	985.720983141	0.000	22050.000	SAT.02_NA_NA
115	Spectrogram 1	1	985.275598172	985.720983141	0.000	22050.000	SAT.02_NA_NA
116	Waveform 1	1	994.390806440	994.605907135	0.000	22050.000	
116	Spectrogram 1	1	994.390806440	994.605907135	0.000	22050.000	
117	Waveform 1	1	994.671702641	995.063945085	0.000	22050.000	
117	Spectrogram 1	1	994.671702641	995.063945085	0.000	22050.000	
118	Waveform 1	1	996.673404401	996.941647621	0.000	22050.000	
118	Spectrogram 1	1	996.673404401	996.941647621	0.000	22050.000	
119	Waveform 1	1	997.275686347	997.437644517	0.000	22050.000	
119	Spectrogram 1	1	997.275686347	997.437644517	0.000	22050.000	
120	Waveform 1	1	1007.691621169	1007.954803196	0.000	22050.000	
120	Spectrogram 1	1	1007.691621169	1007.954803196	0.000	22050.000	
121	Waveform 1	1	1011.686268755	1011.864518970	0.000	22050.000	
121	Spectrogram 1	1	1011.686268755	1011.864518970	0.000	22050.000	
122	Waveform 1	1	1012.748020032	1012.934020256	0.000	22050.000	
122	Spectrogram 1	1	1012.748020032	1012.934020256	0.000	22050.000	
123	Waveform 1	1	1013.034770377	1013.375770787	0.000	22050.000	
123	Spectrogram 1	1	1013.034770377	1013.375770787	0.000	22050.000	
124	Waveform 1	1	1013.515270954	1014.069396621	0.000	22050.000	
124	Spectrogram 1	1	1013.515270954	1014.069396621	0.000	22050.000	
125	Waveform 1	1	1021.486155538	1022.385156619	0.000	22050.000	
125	Spectrogram 1	1	1021.486155538	1022.385156619	0.000	22050.000	
126	Waveform 1	1	1029.406665061	1030.367666217	0.000	22050.000	
126	Spectrogram 1	1	1029.406665061	1030.367666217	0.000	22050.000	
127	Waveform 1	1	1034.273670913	1035.281172125	0.000	22050.000	
127	Spectrogram 1	1	1034.273670913	1035.281172125	0.000	22050.000	
128	Waveform 1	1	1041.155679188	1041.915180101	0.000	22050.000	
128	Spectrogram 1	1	1041.155679188	1041.915180101	0.000	22050.000	
129	Waveform 1	1	1042.132180362	1043.046681461	0.000	22050.000	
129	Spectrogram 1	1	1042.132180362	1043.046681461	0.000	22050.000	
130	Waveform 1	1	1051.835192028	1052.377692681	0.000	22050.000	
130	Spectrogram 1	1	1051.835192028	1052.377692681	0.000	22050.000	
131	Waveform 1	1	1052.548192886	1053.214693687	0.000	22050.000	
131	Spectrogram 1	1	1052.548192886	1053.214693687	0.000	22050.000	
132	Waveform 1	1	1054.377195085	1054.935195756	0.000	22050.000	
132	Spectrogram 1	1	1054.377195085	1054.935195756	0.000	22050.000	
133	Waveform 1	1	1072.155716461	1073.054717542	0.000	22050.000	
133	Spectrogram 1	1	1072.155716461	1073.054717542	0.000	22050.000	
134	Waveform 1	1	1077.208722536	1077.890723356	0.000	22050.000	
134	Spectrogram 1	1	1077.208722536	1077.890723356	0.000	22050.000	
135	Waveform 1	1	1079.115224828	1079.843725704	0.000	22050.000	
135	Spectrogram 1	1	1079.115224828	1079.843725704	0.000	22050.000	
136	Waveform 1	1	1082.292728649	1083.021229525	0.000	22050.000	
136	Spectrogram 1	1	1082.292728649	1083.021229525	0.000	22050.000	
137	Waveform 1	1	1112.998265568	1113.509766183	0.000	22050.000	
137	Spectrogram 1	1	1112.998265568	1113.509766183	0.000	22050.000	
138	Waveform 1	1	1114.734267655	1115.338768382	0.000	22050.000	
138	Spectrogram 1	1	1114.734267655	1115.338768382	0.000	22050.000	
139	Waveform 1	1	1133.287789963	1133.907790708	0.000	22050.000	
139	Spectrogram 1	1	1133.287789963	1133.907790708	0.000	22050.000	
140	Waveform 1	1	1217.240755759	1217.475029356	0.000	22050.000	
140	Spectrogram 1	1	1217.240755759	1217.475029356	0.000	22050.000	
141	Waveform 1	1	1217.488729567	1217.683272554	0.000	22050.000	
141	Spectrogram 1	1	1217.488729567	1217.683272554	0.000	22050.000	
142	Waveform 1	1	1217.701082827	1217.880555583	0.000	22050.000	
142	Spectrogram 1	1	1217.701082827	1217.880555583	0.000	22050.000	
143	Waveform 1	1	1218.972462348	1219.143714978	0.000	22050.000	
143	Spectrogram 1	1	1218.972462348	1219.143714978	0.000	22050.000	
144	Waveform 1	1	1219.165635315	1219.413609122	0.000	22050.000	
144	Spectrogram 1	1	1219.165635315	1219.413609122	0.000	22050.000	
145	Waveform 1	1	1219.442379564	1219.617742256	0.000	22050.000	
145	Spectrogram 1	1	1219.442379564	1219.617742256	0.000	22050.000	
146	Waveform 1	1	1219.639662593	1219.850645832	0.000	22050.000	
146	Spectrogram 1	1	1219.639662593	1219.850645832	0.000	22050.000	
147	Waveform 1	1	1219.858865959	1220.110949829	0.000	22050.000	
147	Spectrogram 1	1	1219.858865959	1220.110949829	0.000	22050.000	
148	Waveform 1	1	1222.190933159	1222.369183374	0.000	22050.000	
148	Spectrogram 1	1	1222.190933159	1222.369183374	0.000	22050.000	
149	Waveform 1	1	1222.446683467	1222.624933681	0.000	22050.000	
149	Spectrogram 1	1	1222.446683467	1222.624933681	0.000	22050.000	
150	Waveform 1	1	1222.764433849	1222.923309040	0.000	22050.000	
150	Spectrogram 1	1	1222.764433849	1222.923309040	0.000	22050.000	
151	Waveform 1	1	1224.559892921	1224.721477219	0.000	22050.000	
151	Spectrogram 1	1	1224.559892921	1224.721477219	0.000	22050.000	
152	Waveform 1	1	1224.762411908	1224.904606091	0.000	22050.000	
152	Spectrogram 1	1	1224.762411908	1224.904606091	0.000	22050.000	
153	Waveform 1	1	1224.928305121	1225.087734963	0.000	22050.000	
153	Spectrogram 1	1	1224.928305121	1225.087734963	0.000	22050.000	
154	Waveform 1	1	1225.109279536	1225.307489609	0.000	22050.000	
154	Spectrogram 1	1	1225.109279536	1225.307489609	0.000	22050.000	
155	Waveform 1	1	1229.510835826	1229.771525161	0.000	22050.000	
155	Spectrogram 1	1	1229.510835826	1229.771525161	0.000	22050.000	
156	Waveform 1	1	1230.409244525	1230.613917970	0.000	22050.000	
156	Spectrogram 1	1	1230.409244525	1230.613917970	0.000	22050.000	
157	Waveform 1	1	1231.120215439	1231.311962140	0.000	22050.000	
157	Spectrogram 1	1	1231.120215439	1231.311962140	0.000	22050.000	
158	Waveform 1	1	1231.385213688	1231.574805932	0.000	22050.000	
158	Spectrogram 1	1	1231.385213688	1231.574805932	0.000	22050.000	
159	Waveform 1	1	1231.594196048	1231.749316974	0.000	22050.000	
159	Spectrogram 1	1	1231.594196048	1231.749316974	0.000	22050.000	
160	Waveform 1	1	1231.803178407	1231.977689449	0.000	22050.000	
160	Spectrogram 1	1	1231.803178407	1231.977689449	0.000	22050.000	
161	Waveform 1	1	1232.003542937	1232.229760955	0.000	22050.000	
161	Spectrogram 1	1	1232.003542937	1232.229760955	0.000	22050.000	
162	Waveform 1	1	1232.486141375	1232.684351448	0.000	22050.000	
162	Spectrogram 1	1	1232.486141375	1232.684351448	0.000	22050.000	
163	Waveform 1	1	1232.759757454	1232.970894271	0.000	22050.000	
163	Spectrogram 1	1	1232.759757454	1232.970894271	0.000	22050.000	
164	Waveform 1	1	1232.981666557	1233.164795429	0.000	22050.000	
164	Spectrogram 1	1	1232.981666557	1233.164795429	0.000	22050.000	
165	Waveform 1	1	1234.147227963	1234.267877573	0.000	22050.000	
165	Spectrogram 1	1	1234.147227963	1234.267877573	0.000	22050.000	
166	Waveform 1	1	1234.285113231	1234.522103536	0.000	22050.000	
166	Spectrogram 1	1	1234.285113231	1234.522103536	0.000	22050.000	
167	Waveform 1	1	1234.537184737	1234.670761090	0.000	22050.000	
167	Spectrogram 1	1	1234.537184737	1234.670761090	0.000	22050.000	
168	Waveform 1	1	1234.696614578	1234.892670194	0.000	22050.000	
168	Spectrogram 1	1	1234.696614578	1234.892670194	0.000	22050.000	
169	Waveform 1	1	1234.909905852	1235.049945577	0.000	22050.000	
169	Spectrogram 1	1	1234.909905852	1235.049945577	0.000	22050.000	
170	Waveform 1	1	1235.177058559	1235.355878516	0.000	22050.000	
170	Spectrogram 1	1	1235.177058559	1235.355878516	0.000	22050.000	
171	Waveform 1	1	1235.605795564	1235.793233350	0.000	22050.000	
171	Spectrogram 1	1	1235.605795564	1235.793233350	0.000	22050.000	
172	Waveform 1	1	1235.883720558	1236.084085088	0.000	22050.000	
172	Spectrogram 1	1	1235.883720558	1236.084085088	0.000	22050.000	
173	Waveform 1	1	1236.148718807	1236.336156593	0.000	22050.000	
173	Spectrogram 1	1	1236.148718807	1236.336156593	0.000	22050.000	
174	Waveform 1	1	1236.362010081	1236.545138953	0.000	22050.000	
174	Spectrogram 1	1	1236.362010081	1236.545138953	0.000	22050.000	
175	Waveform 1	1	1236.577455812	1236.782129257	0.000	22050.000	
175	Spectrogram 1	1	1236.577455812	1236.782129257	0.000	22050.000	
176	Waveform 1	1	1236.851071891	1236.978184873	0.000	22050.000	
176	Spectrogram 1	1	1236.851071891	1236.978184873	0.000	22050.000	
177	Waveform 1	1	1237.182858317	1237.406921878	0.000	22050.000	
177	Spectrogram 1	1	1237.182858317	1237.406921878	0.000	22050.000	
178	Waveform 1	1	1237.506026914	1237.734399389	0.000	22050.000	
178	Spectrogram 1	1	1237.506026914	1237.734399389	0.000	22050.000	
179	Waveform 1	1	1237.762407334	1237.932609462	0.000	22050.000	
179	Spectrogram 1	1	1237.762407334	1237.932609462	0.000	22050.000	
180	Waveform 1	1	1238.594027857	1238.710368552	0.000	22050.000	
180	Spectrogram 1	1	1238.594027857	1238.710368552	0.000	22050.000	
181	Waveform 1	1	1238.831018162	1239.210202649	0.000	22050.000	
181	Spectrogram 1	1	1238.831018162	1239.210202649	0.000	22050.000	
182	Waveform 1	1	1239.240365051	1239.498899929	0.000	22050.000	
182	Spectrogram 1	1	1239.240365051	1239.498899929	0.000	22050.000	
183	Waveform 1	1	1239.576460392	1239.794060580	0.000	22050.000	
183	Spectrogram 1	1	1239.576460392	1239.794060580	0.000	22050.000	
184	Waveform 1	1	1239.811296239	1239.955644879	0.000	22050.000	
184	Spectrogram 1	1	1239.811296239	1239.955644879	0.000	22050.000	
185	Waveform 1	1	1245.994588727	1246.225115659	0.000	22050.000	
185	Spectrogram 1	1	1245.994588727	1246.225115659	0.000	22050.000	
186	Waveform 1	1	1246.856800986	1247.362580203	0.000	22050.000	
186	Spectrogram 1	1	1246.856800986	1247.362580203	0.000	22050.000	
187	Waveform 1	1	1248.832865036	1248.910878963	0.000	22050.000	
187	Spectrogram 1	1	1248.832865036	1248.910878963	0.000	22050.000	
188	Waveform 1	1	1248.935514940	1249.068959815	0.000	22050.000	
188	Spectrogram 1	1	1248.935514940	1249.068959815	0.000	22050.000	
189	Waveform 1	1	1249.093595791	1249.206510686	0.000	22050.000	
189	Spectrogram 1	1	1249.093595791	1249.206510686	0.000	22050.000	
190	Waveform 1	1	1249.241411653	1249.436446470	0.000	22050.000	
190	Spectrogram 1	1	1249.241411653	1249.436446470	0.000	22050.000	
191	Waveform 1	1	1249.489824420	1249.631481287	0.000	22050.000	
191	Spectrogram 1	1	1249.489824420	1249.631481287	0.000	22050.000	
192	Waveform 1	1	1249.701283222	1249.820357110	0.000	22050.000	
192	Spectrogram 1	1	1249.701283222	1249.820357110	0.000	22050.000	
193	Waveform 1	1	1249.918901018	1250.169366783	0.000	22050.000	
193	Spectrogram 1	1	1249.918901018	1250.169366783	0.000	22050.000	
194	Waveform 1	1	1250.216585739	1250.495793477	0.000	22050.000	
194	Spectrogram 1	1	1250.216585739	1250.495793477	0.000	22050.000	
195	Waveform 1	1	1250.584072395	1250.779107212	0.000	22050.000	
195	Spectrogram 1	1	1250.584072395	1250.779107212	0.000	22050.000	
196	Waveform 1	1	1251.795341259	1251.959581105	0.000	22050.000	
196	Spectrogram 1	1	1251.795341259	1251.959581105	0.000	22050.000	
197	Waveform 1	1	1252.189516890	1252.339385750	0.000	22050.000	
197	Spectrogram 1	1	1252.189516890	1252.339385750	0.000	22050.000	
198	Waveform 1	1	1252.364021726	1252.485148613	0.000	22050.000	
198	Spectrogram 1	1	1252.364021726	1252.485148613	0.000	22050.000	
199	Waveform 1	1	1252.511837588	1252.663759446	0.000	22050.000	
199	Spectrogram 1	1	1252.511837588	1252.663759446	0.000	22050.000	
200	Waveform 1	1	1252.684289426	1252.817734301	0.000	22050.000	
200	Spectrogram 1	1	1252.684289426	1252.817734301	0.000	22050.000	
201	Waveform 1	1	1253.751848426	1254.045427151	0.000	22050.000	
201	Spectrogram 1	1	1253.751848426	1254.045427151	0.000	22050.000	
202	Waveform 1	1	1254.554570673	1254.883050366	0.000	22050.000	
202	Spectrogram 1	1	1254.554570673	1254.883050366	0.000	22050.000	
203	Waveform 1	1	1254.897421352	1255.102721160	0.000	22050.000	
203	Spectrogram 1	1	1254.897421352	1255.102721160	0.000	22050.000	
204	Waveform 1	1	1255.125304139	1255.287490987	0.000	22050.000	
204	Spectrogram 1	1	1255.125304139	1255.287490987	0.000	22050.000	
205	Waveform 1	1	1255.324444952	1255.572857719	0.000	22050.000	
205	Spectrogram 1	1	1255.324444952	1255.572857719	0.000	22050.000	
206	Waveform 1	1	1255.587228706	1255.769945534	0.000	22050.000	
206	Spectrogram 1	1	1255.587228706	1255.769945534	0.000	22050.000	
207	Waveform 1	1	1255.792528513	1255.944450371	0.000	22050.000	
207	Spectrogram 1	1	1255.792528513	1255.944450371	0.000	22050.000	
208	Waveform 1	1	1255.971139346	1256.139485188	0.000	22050.000	
208	Spectrogram 1	1	1255.971139346	1256.139485188	0.000	22050.000	
209	Waveform 1	1	1259.052689458	1259.274413250	0.000	22050.000	
209	Spectrogram 1	1	1259.052689458	1259.274413250	0.000	22050.000	
210	Waveform 1	1	1259.982697586	1260.208527375	0.000	22050.000	
210	Spectrogram 1	1	1259.982697586	1260.208527375	0.000	22050.000	
211	Waveform 1	1	1260.333760257	1260.649921961	0.000	22050.000	
211	Spectrogram 1	1	1260.333760257	1260.649921961	0.000	22050.000	
212	Waveform 1	1	1261.436220224	1261.647679026	0.000	22050.000	
212	Spectrogram 1	1	1261.436220224	1261.647679026	0.000	22050.000	
213	Waveform 1	1	1261.672315003	1261.844766841	0.000	22050.000	
213	Spectrogram 1	1	1261.672315003	1261.844766841	0.000	22050.000	
214	Waveform 1	1	1262.210200499	1262.394970326	0.000	22050.000	
214	Spectrogram 1	1	1262.210200499	1262.394970326	0.000	22050.000	
215	Waveform 1	1	1262.407288314	1262.622853112	0.000	22050.000	
215	Spectrogram 1	1	1262.407288314	1262.622853112	0.000	22050.000	
216	Waveform 1	1	1262.659807077	1262.900007852	0.000	22050.000	
216	Spectrogram 1	1	1262.659807077	1262.900007852	0.000	22050.000	
219	Waveform 1	1	1262.908219845	1263.084777679	0.000	22050.000	
219	Spectrogram 1	1	1262.908219845	1263.084777679	0.000	22050.000	
220	Waveform 1	1	1265.786523147	1266.049306901	0.000	22050.000	
220	Spectrogram 1	1	1265.786523147	1266.049306901	0.000	22050.000	
221	Waveform 1	1	1266.061624889	1266.287454678	0.000	22050.000	
221	Spectrogram 1	1	1266.061624889	1266.287454678	0.000	22050.000	
222	Waveform 1	1	1266.303878662	1266.445535529	0.000	22050.000	
222	Spectrogram 1	1	1266.303878662	1266.445535529	0.000	22050.000	
223	Waveform 1	1	1266.472224504	1266.578980404	0.000	22050.000	
223	Spectrogram 1	1	1266.472224504	1266.578980404	0.000	22050.000	
224	Waveform 1	1	1266.595404389	1266.702160289	0.000	22050.000	
224	Spectrogram 1	1	1266.595404389	1266.702160289	0.000	22050.000	
225	Waveform 1	1	1266.759644235	1266.936202070	0.000	22050.000	
225	Spectrogram 1	1	1266.759644235	1266.936202070	0.000	22050.000	
226	Waveform 1	1	1266.944414062	1267.104547912	0.000	22050.000	
226	Spectrogram 1	1	1266.944414062	1267.104547912	0.000	22050.000	
227	Waveform 1	1	1270.986767273	1271.204385070	0.000	22050.000	
227	Spectrogram 1	1	1270.986767273	1271.204385070	0.000	22050.000	
228	Waveform 1	1	1272.982987059	1273.287398497	0.000	22050.000	
228	Spectrogram 1	1	1272.982987059	1273.287398497	0.000	22050.000	
229	Waveform 1	1	1273.304670068	1273.535677330	0.000	22050.000	
229	Spectrogram 1	1	1273.304670068	1273.535677330	0.000	22050.000	
230	Waveform 1	1	1273.542154169	1273.710551986	0.000	22050.000	
230	Spectrogram 1	1	1273.542154169	1273.710551986	0.000	22050.000	
231	Waveform 1	1	1280.152847954	1280.599749852	0.000	22050.000	
231	Spectrogram 1	1	1280.152847954	1280.599749852	0.000	22050.000	
232	Waveform 1	1	1281.776375624	1282.156350185	0.000	22050.000	
232	Spectrogram 1	1	1281.776375624	1282.156350185	0.000	22050.000	
233	Waveform 1	1	1326.047303144	1326.230445703	0.000	22050.000	
233	Spectrogram 1	1	1326.047303144	1326.230445703	0.000	22050.000	
234	Waveform 1	1	1326.265825515	1326.434399916	0.000	22050.000	
234	Spectrogram 1	1	1326.265825515	1326.434399916	0.000	22050.000	
235	Waveform 1	1	1326.963015937	1327.179457143	0.000	22050.000	
235	Spectrogram 1	1	1326.963015937	1327.179457143	0.000	22050.000	
236	Waveform 1	1	1327.273109588	1327.460414477	0.000	22050.000	
236	Spectrogram 1	1	1327.273109588	1327.460414477	0.000	22050.000	
237	Waveform 1	1	1327.489550794	1327.674774518	0.000	22050.000	
237	Spectrogram 1	1	1327.489550794	1327.674774518	0.000	22050.000	
238	Waveform 1	1	1327.681018014	1327.862079407	0.000	22050.000	
238	Spectrogram 1	1	1327.681018014	1327.862079407	0.000	22050.000	
239	Waveform 1	1	1327.872485234	1328.095169937	0.000	22050.000	
239	Spectrogram 1	1	1327.872485234	1328.095169937	0.000	22050.000	
240	Waveform 1	1	1328.109738095	1328.301205315	0.000	22050.000	
240	Spectrogram 1	1	1328.109738095	1328.301205315	0.000	22050.000	
241	Waveform 1	1	1328.332422797	1328.505159528	0.000	22050.000	
241	Spectrogram 1	1	1328.332422797	1328.505159528	0.000	22050.000	
242	Waveform 1	1	1329.418791156	1329.726803641	0.000	22050.000	
242	Spectrogram 1	1	1329.418791156	1329.726803641	0.000	22050.000	
243	Waveform 1	1	1329.737209468	1329.907865034	0.000	22050.000	
243	Spectrogram 1	1	1329.737209468	1329.907865034	0.000	22050.000	
244	Waveform 1	1	1329.939082516	1330.078520600	0.000	22050.000	
244	Spectrogram 1	1	1329.939082516	1330.078520600	0.000	22050.000	
245	Waveform 1	1	1330.091007593	1330.305367633	0.000	22050.000	
245	Spectrogram 1	1	1330.091007593	1330.305367633	0.000	22050.000	
246	Waveform 1	1	1330.328260453	1330.515565343	0.000	22050.000	
246	Spectrogram 1	1	1330.328260453	1330.515565343	0.000	22050.000	
247	Waveform 1	1	1330.542620493	1330.698707901	0.000	22050.000	
247	Spectrogram 1	1	1330.542620493	1330.698707901	0.000	22050.000	
248	Waveform 1	1	1330.729925383	1330.904743280	0.000	22050.000	
248	Spectrogram 1	1	1330.729925383	1330.904743280	0.000	22050.000	
249	Waveform 1	1	1330.965097078	1331.121184486	0.000	22050.000	
249	Spectrogram 1	1	1330.965097078	1331.121184486	0.000	22050.000	
250	Waveform 1	1	1331.137833809	1331.308489375	0.000	22050.000	
250	Spectrogram 1	1	1331.137833809	1331.308489375	0.000	22050.000	
251	Waveform 1	1	1331.333463360	1331.527011746	0.000	22050.000	
251	Spectrogram 1	1	1331.333463360	1331.527011746	0.000	22050.000	
252	Waveform 1	1	1331.551985731	1331.760102275	0.000	22050.000	
252	Spectrogram 1	1	1331.551985731	1331.760102275	0.000	22050.000	
253	Waveform 1	1	1331.774670434	1331.934920172	0.000	22050.000	
253	Spectrogram 1	1	1331.774670434	1331.934920172	0.000	22050.000	
254	Waveform 1	1	1331.955731827	1332.170091867	0.000	22050.000	
254	Spectrogram 1	1	1331.955731827	1332.170091867	0.000	22050.000	
255	Waveform 1	1	1333.237729737	1333.570716208	0.000	22050.000	
255	Spectrogram 1	1	1333.237729737	1333.570716208	0.000	22050.000	
256	Waveform 1	1	1334.644597575	1334.827740133	0.000	22050.000	
256	Spectrogram 1	1	1334.644597575	1334.827740133	0.000	22050.000	
257	Waveform 1	1	1334.856876449	1335.075398821	0.000	22050.000	
257	Spectrogram 1	1	1334.856876449	1335.075398821	0.000	22050.000	
258	Waveform 1	1	1335.098291640	1335.364680817	0.000	22050.000	
258	Spectrogram 1	1	1335.098291640	1335.364680817	0.000	22050.000	
259	Waveform 1	1	1337.316813999	1337.543661032	0.000	22050.000	
259	Spectrogram 1	1	1337.316813999	1337.543661032	0.000	22050.000	
260	Waveform 1	1	1337.835024193	1338.020247917	0.000	22050.000	
260	Spectrogram 1	1	1337.835024193	1338.020247917	0.000	22050.000	
261	Waveform 1	1	1338.041059572	1338.267906605	0.000	22050.000	
261	Spectrogram 1	1	1338.041059572	1338.267906605	0.000	22050.000	
262	Waveform 1	1	1338.290799425	1338.473941983	0.000	22050.000	
262	Spectrogram 1	1	1338.290799425	1338.473941983	0.000	22050.000	
264	Waveform 1	1	1338.488510141	1338.667490369	0.000	22050.000	
264	Spectrogram 1	1	1338.488510141	1338.667490369	0.000	22050.000	
265	Waveform 1	1	1338.684139693	1338.923473718	0.000	22050.000	
265	Spectrogram 1	1	1338.684139693	1338.923473718	0.000	22050.000	
266	Waveform 1	1	1338.931798380	1339.092048119	0.000	22050.000	
266	Spectrogram 1	1	1338.931798380	1339.092048119	0.000	22050.000	
267	Waveform 1	1	1339.098291615	1339.218999211	0.000	22050.000	
267	Spectrogram 1	1	1339.098291615	1339.218999211	0.000	22050.000	
268	Waveform 1	1	1339.620664140	1339.755939894	0.000	22050.000	
268	Spectrogram 1	1	1339.620664140	1339.755939894	0.000	22050.000	
269	Waveform 1	1	1339.770508052	1339.899540309	0.000	22050.000	
269	Spectrogram 1	1	1339.770508052	1339.899540309	0.000	22050.000	
270	Waveform 1	1	1339.932838956	1340.091007530	0.000	22050.000	
270	Spectrogram 1	1	1339.932838956	1340.091007530	0.000	22050.000	
271	Waveform 1	1	1340.140955500	1340.338666217	0.000	22050.000	
271	Spectrogram 1	1	1340.140955500	1340.338666217	0.000	22050.000	
272	Waveform 1	1	1341.366761944	1341.685180256	0.000	22050.000	
272	Spectrogram 1	1	1341.366761944	1341.685180256	0.000	22050.000	
273	Waveform 1	1	1345.456252033	1345.851673466	0.000	22050.000	
273	Spectrogram 1	1	1345.456252033	1345.851673466	0.000	22050.000	
274	Waveform 1	1	1348.230999636	1348.425620015	0.000	22050.000	
274	Spectrogram 1	1	1348.230999636	1348.425620015	0.000	22050.000	
275	Waveform 1	1	1348.608324860	1348.878410283	0.000	22050.000	
275	Spectrogram 1	1	1348.608324860	1348.878410283	0.000	22050.000	
276	Waveform 1	1	1349.362975308	1349.662849564	0.000	22050.000	
276	Spectrogram 1	1	1349.362975308	1349.662849564	0.000	22050.000	
277	Waveform 1	1	1349.692638398	1349.849526254	0.000	22050.000	
277	Spectrogram 1	1	1349.692638398	1349.849526254	0.000	22050.000	
278	Waveform 1	1	1349.873357321	1349.996484499	0.000	22050.000	
278	Spectrogram 1	1	1349.873357321	1349.996484499	0.000	22050.000	
279	Waveform 1	1	1350.032231099	1350.288415067	0.000	22050.000	
279	Spectrogram 1	1	1350.032231099	1350.288415067	0.000	22050.000	
280	Waveform 1	1	1350.306288367	1350.516796124	0.000	22050.000	
280	Spectrogram 1	1	1350.306288367	1350.516796124	0.000	22050.000	
281	Waveform 1	1	1350.524739812	1350.721346113	0.000	22050.000	
281	Spectrogram 1	1	1350.524739812	1350.721346113	0.000	22050.000	
282	Waveform 1	1	1352.907846489	1353.314960546	0.000	22050.000	
282	Spectrogram 1	1	1352.907846489	1353.314960546	0.000	22050.000	
283	Waveform 1	1	1354.997036675	1355.255206565	0.000	22050.000	
283	Spectrogram 1	1	1354.997036675	1355.255206565	0.000	22050.000	
284	Waveform 1	1	1355.463728400	1355.664306545	0.000	22050.000	
284	Spectrogram 1	1	1355.463728400	1355.664306545	0.000	22050.000	
285	Waveform 1	1	1368.864731611	1369.210282079	0.000	22050.000	
285	Spectrogram 1	1	1368.864731611	1369.210282079	0.000	22050.000	
286	Waveform 1	1	1369.867622337	1370.302539306	0.000	22050.000	
286	Spectrogram 1	1	1369.867622337	1370.302539306	0.000	22050.000	
287	Waveform 1	1	1370.344243672	1370.542835896	0.000	22050.000	
287	Spectrogram 1	1	1370.344243672	1370.542835896	0.000	22050.000	
288	Waveform 1	1	1370.993640242	1371.398768377	0.000	22050.000	
288	Spectrogram 1	1	1370.993640242	1371.398768377	0.000	22050.000	
289	Waveform 1	1	1372.552589193	1372.834590149	0.000	22050.000	
289	Spectrogram 1	1	1372.552589193	1372.834590149	0.000	22050.000	
290	Waveform 1	1	1372.878280439	1373.257591585	0.000	22050.000	
290	Spectrogram 1	1	1372.878280439	1373.257591585	0.000	22050.000	
291	Waveform 1	1	1373.605127975	1373.867269709	0.000	22050.000	
291	Spectrogram 1	1	1373.605127975	1373.867269709	0.000	22050.000	
292	Waveform 1	1	1394.800875941	1395.152384175	0.000	22050.000	
292	Spectrogram 1	1	1394.800875941	1395.152384175	0.000	22050.000	
293	Waveform 1	1	1395.412539988	1395.694540944	0.000	22050.000	
293	Spectrogram 1	1	1395.412539988	1395.694540944	0.000	22050.000	
294	Waveform 1	1	1405.298460851	1405.516912296	0.000	22050.000	
294	Spectrogram 1	1	1405.298460851	1405.516912296	0.000	22050.000	
295	Waveform 1	1	1405.671814230	1405.957787031	0.000	22050.000	
295	Spectrogram 1	1	1405.671814230	1405.957787031	0.000	22050.000	
296	Waveform 1	1	1406.037223921	1406.275534588	0.000	22050.000	
296	Spectrogram 1	1	1406.037223921	1406.275534588	0.000	22050.000	
297	Waveform 1	1	1406.299365655	1406.430436522	0.000	22050.000	
297	Spectrogram 1	1	1406.299365655	1406.430436522	0.000	22050.000	
298	Waveform 1	1	1406.434408367	1406.583352534	0.000	22050.000	
298	Spectrogram 1	1	1406.434408367	1406.583352534	0.000	22050.000	
299	Waveform 1	1	1406.625056901	1406.817691357	0.000	22050.000	
299	Spectrogram 1	1	1406.625056901	1406.817691357	0.000	22050.000	
300	Waveform 1	1	1406.865353491	1407.054016103	0.000	22050.000	
300	Spectrogram 1	1	1406.865353491	1407.054016103	0.000	22050.000	
301	Waveform 1	1	1407.075861247	1407.294312693	0.000	22050.000	
301	Spectrogram 1	1	1407.075861247	1407.294312693	0.000	22050.000	
302	Waveform 1	1	1407.343960748	1407.518721905	0.000	22050.000	
302	Spectrogram 1	1	1407.343960748	1407.518721905	0.000	22050.000	
303	Waveform 1	1	1407.790793250	1407.963568484	0.000	22050.000	
303	Spectrogram 1	1	1407.790793250	1407.963568484	0.000	22050.000	
304	Waveform 1	1	1408.257484974	1408.467992731	0.000	22050.000	
304	Spectrogram 1	1	1408.257484974	1408.467992731	0.000	22050.000	
305	Waveform 1	1	1409.542376657	1409.778701403	0.000	22050.000	
305	Spectrogram 1	1	1409.542376657	1409.778701403	0.000	22050.000	
306	Waveform 1	1	1409.786645092	1410.140139249	0.000	22050.000	
306	Spectrogram 1	1	1409.786645092	1410.140139249	0.000	22050.000	
307	Waveform 1	1	1410.201702838	1410.376463994	0.000	22050.000	
307	Spectrogram 1	1	1410.201702838	1410.376463994	0.000	22050.000	
308	Waveform 1	1	1410.392351372	1410.549239228	0.000	22050.000	
308	Spectrogram 1	1	1410.392351372	1410.549239228	0.000	22050.000	
309	Waveform 1	1	1410.561154762	1410.725986307	0.000	22050.000	
309	Spectrogram 1	1	1410.561154762	1410.725986307	0.000	22050.000	
310	Waveform 1	1	1410.747831451	1411.105297453	0.000	22050.000	
310	Spectrogram 1	1	1410.747831451	1411.105297453	0.000	22050.000	
311	Waveform 1	1	1411.607735777	1411.808313922	0.000	22050.000	
311	Spectrogram 1	1	1411.607735777	1411.808313922	0.000	22050.000	
312	Waveform 1	1	1414.094110410	1414.390012822	0.000	22050.000	
312	Spectrogram 1	1	1414.094110410	1414.390012822	0.000	22050.000	
313	Waveform 1	1	1415.085689192	1415.270690412	0.000	22050.000	
313	Spectrogram 1	1	1415.085689192	1415.270690412	0.000	22050.000	
314	Waveform 1	1	1415.290243386	1415.576017629	0.000	22050.000	
314	Spectrogram 1	1	1415.290243386	1415.576017629	0.000	22050.000	
315	Waveform 1	1	1416.693829858	1417.025654839	0.000	22050.000	
315	Spectrogram 1	1	1416.693829858	1417.025654839	0.000	22050.000	
316	Waveform 1	1	1423.097862259	1423.363178091	0.000	22050.000	
316	Spectrogram 1	1	1423.097862259	1423.363178091	0.000	22050.000	
317	Waveform 1	1	1423.382315626	1423.618055266	0.000	22050.000	
317	Spectrogram 1	1	1423.382315626	1423.618055266	0.000	22050.000	
318	Waveform 1	1	1427.137622000	1427.638677471	0.000	22050.000	
318	Spectrogram 1	1	1427.137622000	1427.638677471	0.000	22050.000	
319	Waveform 1	1	1429.711826333	1429.907081032	0.000	22050.000	
319	Spectrogram 1	1	1429.711826333	1429.907081032	0.000	22050.000	
320	Waveform 1	1	1431.645366223	1431.819885909	0.000	22050.000	
320	Spectrogram 1	1	1431.645366223	1431.819885909	0.000	22050.000	
321	Waveform 1	1	1431.842348839	1431.994405595	0.000	22050.000	
321	Spectrogram 1	1	1431.842348839	1431.994405595	0.000	22050.000	
322	Waveform 1	1	1432.008228936	1432.175836952	0.000	22050.000	
322	Spectrogram 1	1	1432.008228936	1432.175836952	0.000	22050.000	
323	Waveform 1	1	1449.983756611	1450.389817267	0.000	22050.000	
323	Spectrogram 1	1	1449.983756611	1450.389817267	0.000	22050.000	
324	Waveform 1	1	1450.417463950	1450.586799883	0.000	22050.000	
324	Spectrogram 1	1	1450.417463950	1450.586799883	0.000	22050.000	
325	Waveform 1	1	1450.598895306	1450.806245429	0.000	22050.000	
325	Spectrogram 1	1	1450.598895306	1450.806245429	0.000	22050.000	
326	Waveform 1	1	1450.837347947	1451.170836060	0.000	22050.000	
326	Spectrogram 1	1	1450.837347947	1451.170836060	0.000	22050.000	
327	Waveform 1	1	1451.367818676	1451.597631728	0.000	22050.000	
327	Spectrogram 1	1	1451.367818676	1451.597631728	0.000	22050.000	
328	Waveform 1	1	1452.048618244	1452.299166308	0.000	22050.000	
328	Spectrogram 1	1	1452.048618244	1452.299166308	0.000	22050.000	
329	Waveform 1	1	1454.408149571	1454.701979702	0.000	22050.000	
329	Spectrogram 1	1	1454.408149571	1454.701979702	0.000	22050.000	
330	Waveform 1	1	1454.719847750	1454.991839155	0.000	22050.000	
330	Spectrogram 1	1	1454.719847750	1454.991839155	0.000	22050.000	
331	Waveform 1	1	1455.025589913	1455.392877577	0.000	22050.000	
331	Spectrogram 1	1	1455.025589913	1455.392877577	0.000	22050.000	
332	Waveform 1	1	1455.440525706	1455.716487789	0.000	22050.000	
332	Spectrogram 1	1	1455.440525706	1455.716487789	0.000	22050.000	
333	Waveform 1	1	1455.835608112	1456.157232985	0.000	22050.000	
333	Spectrogram 1	1	1455.835608112	1456.157232985	0.000	22050.000	
334	Waveform 1	1	1456.240617212	1456.484813874	0.000	22050.000	
334	Spectrogram 1	1	1456.240617212	1456.484813874	0.000	22050.000	
335	Waveform 1	1	1460.673878579	1460.904177871	0.000	22050.000	
335	Spectrogram 1	1	1460.673878579	1460.904177871	0.000	22050.000	
336	Waveform 1	1	1461.007415484	1461.301245615	0.000	22050.000	
336	Spectrogram 1	1	1461.007415484	1461.301245615	0.000	22050.000	
337	Waveform 1	1	1461.791624280	1462.019938233	0.000	22050.000	
337	Spectrogram 1	1	1461.791624280	1462.019938233	0.000	22050.000	
338	Waveform 1	1	1462.027879588	1462.264134896	0.000	22050.000	
338	Spectrogram 1	1	1462.027879588	1462.264134896	0.000	22050.000	
339	Waveform 1	1	1463.348129838	1463.590341162	0.000	22050.000	
339	Spectrogram 1	1	1463.348129838	1463.590341162	0.000	22050.000	
340	Waveform 1	1	1464.751764315	1465.053535801	0.000	22050.000	
340	Spectrogram 1	1	1464.751764315	1465.053535801	0.000	22050.000	
341	Waveform 1	1	1465.081330543	1465.404940755	0.000	22050.000	
341	Spectrogram 1	1	1465.081330543	1465.404940755	0.000	22050.000	
342	Waveform 1	1	1465.428764819	1465.718624273	0.000	22050.000	
342	Spectrogram 1	1	1465.428764819	1465.718624273	0.000	22050.000	
343	Waveform 1	1	1469.411354297	1469.905703638	0.000	22050.000	
343	Spectrogram 1	1	1469.411354297	1469.905703638	0.000	22050.000	
344	Waveform 1	1	1471.005581291	1471.200144485	0.000	22050.000	
344	Spectrogram 1	1	1471.005581291	1471.200144485	0.000	22050.000	
345	Waveform 1	1	1471.210071179	1471.349044890	0.000	22050.000	
345	Spectrogram 1	1	1471.210071179	1471.349044890	0.000	22050.000	
346	Waveform 1	1	1471.517798681	1471.724273908	0.000	22050.000	
346	Spectrogram 1	1	1471.517798681	1471.724273908	0.000	22050.000	
347	Waveform 1	1	1474.005428100	1474.309184925	0.000	22050.000	
347	Spectrogram 1	1	1474.005428100	1474.309184925	0.000	22050.000	
348	Waveform 1	1	1474.354847715	1474.827358331	0.000	22050.000	
348	Spectrogram 1	1	1474.354847715	1474.827358331	0.000	22050.000	
349	Waveform 1	1	1474.966332042	1475.347517077	0.000	22050.000	
349	Spectrogram 1	1	1474.966332042	1475.347517077	0.000	22050.000	
350	Waveform 1	1	1475.581787046	1475.863705145	0.000	22050.000	
350	Spectrogram 1	1	1475.581787046	1475.863705145	0.000	22050.000	
351	Waveform 1	1	1475.877602516	1476.258787550	0.000	22050.000	
351	Spectrogram 1	1	1475.877602516	1476.258787550	0.000	22050.000	
352	Waveform 1	1	1476.769019602	1477.122409895	0.000	22050.000	
352	Spectrogram 1	1	1476.769019602	1477.122409895	0.000	22050.000	
353	Waveform 1	1	1477.684260753	1478.049563078	0.000	22050.000	
353	Spectrogram 1	1	1477.684260753	1478.049563078	0.000	22050.000	
354	Waveform 1	1	1480.662268837	1480.940216258	0.000	22050.000	
354	Spectrogram 1	1	1480.662268837	1480.940216258	0.000	22050.000	
355	Waveform 1	1	1483.340490773	1483.725646486	0.000	22050.000	
355	Spectrogram 1	1	1483.340490773	1483.725646486	0.000	22050.000	
356	Waveform 1	1	1487.360801686	1487.628822414	0.000	22050.000	
356	Spectrogram 1	1	1487.360801686	1487.628822414	0.000	22050.000	
357	Waveform 1	1	1491.334761610	1491.528771925	0.000	22050.000	
357	Spectrogram 1	1	1491.334761610	1491.528771925	0.000	22050.000	
358	Waveform 1	1	1491.764569078	1492.066031261	0.000	22050.000	
358	Spectrogram 1	1	1491.764569078	1492.066031261	0.000	22050.000	
359	Waveform 1	1	1493.095778321	1493.304712507	0.000	22050.000	
359	Spectrogram 1	1	1493.095778321	1493.304712507	0.000	22050.000	
360	Waveform 1	1	1500.271175226	1500.551743991	0.000	22050.000	
360	Spectrogram 1	1	1500.271175226	1500.551743991	0.000	22050.000	
361	Waveform 1	1	1500.575622183	1500.897977785	0.000	22050.000	
361	Spectrogram 1	1	1500.575622183	1500.897977785	0.000	22050.000	
362	Waveform 1	1	1502.073978775	1502.238141350	0.000	22050.000	
362	Spectrogram 1	1	1502.073978775	1502.238141350	0.000	22050.000	
363	Waveform 1	1	1502.270973865	1502.488862373	0.000	22050.000	
363	Spectrogram 1	1	1502.270973865	1502.488862373	0.000	22050.000	
364	Waveform 1	1	1505.882550510	1506.186997467	0.000	22050.000	
364	Spectrogram 1	1	1505.882550510	1506.186997467	0.000	22050.000	
365	Waveform 1	1	1508.434532355	1508.977761239	0.000	22050.000	SAT.U.03_NA_NA
365	Spectrogram 1	1	1508.434532355	1508.977761239	0.000	22050.000	SAT.U.03_NA_NA
366	Waveform 1	1	1513.168384057	1513.571328559	0.000	22050.000	SAT.U.03_NA_NA
366	Spectrogram 1	1	1513.168384057	1513.571328559	0.000	22050.000	SAT.U.03_NA_NA
367	Waveform 1	1	1517.994763756	1518.418601676	0.000	22050.000	SAT.U.03_NA_NA
367	Spectrogram 1	1	1517.994763756	1518.418601676	0.000	22050.000	SAT.U.03_NA_NA
368	Waveform 1	1	1518.699170440	1519.093160620	0.000	22050.000	
368	Spectrogram 1	1	1518.699170440	1519.093160620	0.000	22050.000	
369	Waveform 1	1	1531.618110829	1531.947357253	0.000	22050.000	SAT.NA_flight_NA
369	Spectrogram 1	1	1531.618110829	1531.947357253	0.000	22050.000	SAT.NA_flight_NA
370	Waveform 1	1	1531.989568333	1532.555196804	0.000	22050.000	SAT.NA_flight_NA
370	Spectrogram 1	1	1531.989568333	1532.555196804	0.000	22050.000	SAT.NA_flight_NA
371	Waveform 1	1	1535.754796664	1536.278214055	0.000	22050.000	
371	Spectrogram 1	1	1535.754796664	1536.278214055	0.000	22050.000	
372	Waveform 1	1	1537.054897926	1537.612084182	0.000	22050.000	
372	Spectrogram 1	1	1537.054897926	1537.612084182	0.000	22050.000	
373	Waveform 1	1	1547.391211797	1547.619077646	0.000	22050.000	
373	Spectrogram 1	1	1547.391211797	1547.619077646	0.000	22050.000	
374	Waveform 1	1	1547.958344577	1548.262165710	0.000	22050.000	
374	Spectrogram 1	1	1547.958344577	1548.262165710	0.000	22050.000	
375	Waveform 1	1	1579.813990308	1580.482396800	0.000	22050.000	
375	Spectrogram 1	1	1579.813990308	1580.482396800	0.000	22050.000	
376	Waveform 1	1	1588.076879831	1588.438309631	0.000	22050.000	SAT.NA_flight_03
376	Spectrogram 1	1	1588.076879831	1588.438309631	0.000	22050.000	SAT.NA_flight_03
377	Waveform 1	1	1588.486254400	1588.759170780	0.000	22050.000	SAT.NA_flight_03
377	Spectrogram 1	1	1588.486254400	1588.759170780	0.000	22050.000	SAT.NA_flight_03
378	Waveform 1	1	1588.777611076	1589.146416994	0.000	22050.000	SAT.NA_flight_03
378	Spectrogram 1	1	1588.777611076	1589.146416994	0.000	22050.000	SAT.NA_flight_03
379	Waveform 1	1	1589.268122948	1589.707001991	0.000	22050.000	SAT.NA_flight_03
379	Spectrogram 1	1	1589.268122948	1589.707001991	0.000	22050.000	SAT.NA_flight_03
380	Waveform 1	1	1590.120064619	1590.422485473	0.000	22050.000	SAT.NA_flight_03
380	Spectrogram 1	1	1590.120064619	1590.422485473	0.000	22050.000	SAT.NA_flight_03
381	Waveform 1	1	1590.459366065	1590.817107806	0.000	22050.000	SAT.NA_flight_03
381	Spectrogram 1	1	1590.459366065	1590.817107806	0.000	22050.000	SAT.NA_flight_03
382	Waveform 1	1	1591.532591288	1592.141121053	0.000	22050.000	
382	Spectrogram 1	1	1591.532591288	1592.141121053	0.000	22050.000	
383	Waveform 1	1	1594.856713678	1595.111506118	0.000	22050.000	
383	Spectrogram 1	1	1594.856713678	1595.111506118	0.000	22050.000	
384	Waveform 1	1	1595.135070736	1595.439937991	0.000	22050.000	
384	Spectrogram 1	1	1595.135070736	1595.439937991	0.000	22050.000	
385	Waveform 1	1	1604.510511001	1605.135362313	0.000	22050.000	
385	Spectrogram 1	1	1604.510511001	1605.135362313	0.000	22050.000	
386	Waveform 1	1	1609.159404768	1610.009202554	0.000	22050.000	
386	Spectrogram 1	1	1609.159404768	1610.009202554	0.000	22050.000	
387	Waveform 1	1	1610.100847413	1610.567403060	0.000	22050.000	
387	Spectrogram 1	1	1610.100847413	1610.567403060	0.000	22050.000	
388	Waveform 1	1	1612.192016474	1612.708560226	0.000	22050.000	
388	Spectrogram 1	1	1612.192016474	1612.708560226	0.000	22050.000	
389	Waveform 1	1	1613.233435328	1613.533363959	0.000	22050.000	
389	Spectrogram 1	1	1613.233435328	1613.533363959	0.000	22050.000	
390	Waveform 1	1	1613.874949343	1614.424818498	0.000	22050.000	
390	Spectrogram 1	1	1613.874949343	1614.424818498	0.000	22050.000	
391	Waveform 1	1	1644.542651779	1645.067526882	0.000	22050.000	
391	Spectrogram 1	1	1644.542651779	1645.067526882	0.000	22050.000	
392	Waveform 1	1	1645.092520934	1645.367455512	0.000	22050.000	
392	Spectrogram 1	1	1645.092520934	1645.367455512	0.000	22050.000	
393	Waveform 1	1	1647.931524052	1648.129967581	0.000	22050.000	
393	Spectrogram 1	1	1647.931524052	1648.129967581	0.000	22050.000	
394	Waveform 1	1	1648.152016862	1648.264713187	0.000	22050.000	
394	Spectrogram 1	1	1648.152016862	1648.264713187	0.000	22050.000	
395	Waveform 1	1	1648.289212388	1648.448457196	0.000	22050.000	
395	Spectrogram 1	1	1648.289212388	1648.448457196	0.000	22050.000	
396	Waveform 1	1	1648.504805358	1648.690999286	0.000	22050.000	
396	Spectrogram 1	1	1648.504805358	1648.690999286	0.000	22050.000	
397	Waveform 1	1	1648.710598647	1648.967840259	0.000	22050.000	
397	Spectrogram 1	1	1648.710598647	1648.967840259	0.000	22050.000	
398	Waveform 1	1	1649.119735306	1649.389226518	0.000	22050.000	
398	Spectrogram 1	1	1649.119735306	1649.389226518	0.000	22050.000	
399	Waveform 1	1	1649.526422044	1649.854711339	0.000	22050.000	
399	Spectrogram 1	1	1649.526422044	1649.854711339	0.000	22050.000	
400	Waveform 1	1	1654.232718576	1655.055891733	0.000	22050.000	
400	Spectrogram 1	1	1654.232718576	1655.055891733	0.000	22050.000	
401	Waveform 1	1	1655.516476714	1655.888864570	0.000	22050.000	
401	Spectrogram 1	1	1655.516476714	1655.888864570	0.000	22050.000	
402	Waveform 1	1	1659.996132973	1660.344150446	0.000	22050.000	
402	Spectrogram 1	1	1659.996132973	1660.344150446	0.000	22050.000	
403	Waveform 1	1	1660.470029106	1660.701423703	0.000	22050.000	
403	Spectrogram 1	1	1660.470029106	1660.701423703	0.000	22050.000	
404	Waveform 1	1	1661.043887706	1661.445588726	0.000	22050.000	
404	Spectrogram 1	1	1661.043887706	1661.445588726	0.000	22050.000	
405	Waveform 1	1	1661.527039624	1661.819522394	0.000	22050.000	
405	Spectrogram 1	1	1661.527039624	1661.819522394	0.000	22050.000	
406	Waveform 1	1	1663.583674798	1664.139021830	0.000	22050.000	
406	Spectrogram 1	1	1663.583674798	1664.139021830	0.000	22050.000	
407	Waveform 1	1	1664.746201251	1665.183074250	0.000	22050.000	
407	Spectrogram 1	1	1664.746201251	1665.183074250	0.000	22050.000	
408	Waveform 1	1	1665.540543978	1665.846246207	0.000	22050.000	SAT.NA_landing_NA
408	Spectrogram 1	1	1665.540543978	1665.846246207	0.000	22050.000	SAT.NA_landing_NA
409	Waveform 1	1	1665.864992098	1666.017843212	0.000	22050.000	
409	Spectrogram 1	1	1665.864992098	1666.017843212	0.000	22050.000	
410	Waveform 1	1	1674.007422493	1674.366884547	0.000	22050.000	
410	Spectrogram 1	1	1674.007422493	1674.366884547	0.000	22050.000	
411	Waveform 1	1	1674.491727655	1674.795225557	0.000	22050.000	
411	Spectrogram 1	1	1674.491727655	1674.795225557	0.000	22050.000	
412	Waveform 1	1	1675.182669686	1675.481862653	0.000	22050.000	
412	Spectrogram 1	1	1675.182669686	1675.481862653	0.000	22050.000	
413	Waveform 1	1	1682.458009457	1682.922942412	0.000	22050.000	
413	Spectrogram 1	1	1682.458009457	1682.922942412	0.000	22050.000	
414	Waveform 1	1	1701.083258909	1701.559589338	0.000	22050.000	SAT.U.04_perched_NA
414	Spectrogram 1	1	1701.083258909	1701.559589338	0.000	22050.000	SAT.U.04_perched_NA
415	Waveform 1	1	1701.627636542	1702.251402581	0.000	22050.000	
415	Spectrogram 1	1	1701.627636542	1702.251402581	0.000	22050.000	
416	Waveform 1	1	1702.818462615	1703.601005464	0.000	22050.000	
416	Spectrogram 1	1	1702.818462615	1703.601005464	0.000	22050.000	
417	Waveform 1	1	1705.778515997	1706.243505226	0.000	22050.000	SAT.U.04_perched_NA
417	Spectrogram 1	1	1705.778515997	1706.243505226	0.000	22050.000	SAT.U.04_perched_NA
418	Waveform 1	1	1710.144878265	1710.575843892	0.000	22050.000	
418	Spectrogram 1	1	1710.144878265	1710.575843892	0.000	22050.000	
419	Waveform 1	1	1710.757303103	1711.222292331	0.000	22050.000	
419	Spectrogram 1	1	1710.757303103	1711.222292331	0.000	22050.000	
420	Waveform 1	1	1711.313021937	1711.846058370	0.000	22050.000	SAT.U.04_perched_NA
420	Spectrogram 1	1	1711.313021937	1711.846058370	0.000	22050.000	SAT.U.04_perched_NA
421	Waveform 1	1	1712.571895214	1712.991519640	0.000	22050.000	
421	Spectrogram 1	1	1712.571895214	1712.991519640	0.000	22050.000	
422	Waveform 1	1	1716.473268254	1716.858869078	0.000	22050.000	SAT.U.04_perched_NA
422	Spectrogram 1	1	1716.473268254	1716.858869078	0.000	22050.000	SAT.U.04_perched_NA
423	Waveform 1	1	1730.536357117	1731.080734751	0.000	22050.000	
423	Spectrogram 1	1	1730.536357117	1731.080734751	0.000	22050.000	
424	Waveform 1	1	1744.773053592	1745.200021638	0.000	22050.000	
424	Spectrogram 1	1	1744.773053592	1745.200021638	0.000	22050.000	
425	Waveform 1	1	1745.217811973	1745.727801585	0.000	22050.000	
425	Spectrogram 1	1	1745.217811973	1745.727801585	0.000	22050.000	
426	Waveform 1	1	1747.281490865	1747.643227682	0.000	22050.000	
426	Spectrogram 1	1	1747.281490865	1747.643227682	0.000	22050.000	
427	Waveform 1	1	1748.040545170	1748.384491651	0.000	22050.000	
427	Spectrogram 1	1	1748.040545170	1748.384491651	0.000	22050.000	
428	Waveform 1	1	1748.437862657	1748.775879027	0.000	22050.000	
428	Spectrogram 1	1	1748.437862657	1748.775879027	0.000	22050.000	
429	Waveform 1	1	1749.612024785	1750.098293949	0.000	22050.000	
429	Spectrogram 1	1	1749.612024785	1750.098293949	0.000	22050.000	
430	Waveform 1	1	1765.629256639	1766.412031391	0.000	22050.000	
430	Spectrogram 1	1	1765.629256639	1766.412031391	0.000	22050.000	
431	Waveform 1	1	1779.505718150	1780.312213349	0.000	22050.000	
431	Spectrogram 1	1	1779.505718150	1780.312213349	0.000	22050.000	
432	Waveform 1	1	1809.615432290	1809.973019830	0.000	22050.000	
432	Spectrogram 1	1	1809.615432290	1809.973019830	0.000	22050.000	
433	Waveform 1	1	1810.817666260	1811.169088497	0.000	22050.000	
433	Spectrogram 1	1	1810.817666260	1811.169088497	0.000	22050.000	
434	Waveform 1	1	1811.415700594	1811.853437065	0.000	22050.000	
434	Spectrogram 1	1	1811.415700594	1811.853437065	0.000	22050.000	
435	Waveform 1	1	1815.959528471	1816.329446616	0.000	22050.000	
435	Spectrogram 1	1	1815.959528471	1816.329446616	0.000	22050.000	
436	Waveform 1	1	1816.495909781	1816.921315647	0.000	22050.000	
436	Spectrogram 1	1	1816.495909781	1816.921315647	0.000	22050.000	
437	Waveform 1	1	1817.118605325	1817.617994820	0.000	22050.000	
437	Spectrogram 1	1	1817.118605325	1817.617994820	0.000	22050.000	
438	Waveform 1	1	1817.839945707	1818.314673992	0.000	22050.000	
438	Spectrogram 1	1	1817.839945707	1818.314673992	0.000	22050.000	
439	Waveform 1	1	1820.392380905	1820.786960260	0.000	22050.000	
439	Spectrogram 1	1	1820.392380905	1820.786960260	0.000	22050.000	
440	Waveform 1	1	1826.378403286	1826.611808309	0.000	22050.000	
440	Spectrogram 1	1	1826.378403286	1826.611808309	0.000	22050.000	
441	Waveform 1	1	1826.627368643	1826.933388561	0.000	22050.000	
441	Spectrogram 1	1	1826.627368643	1826.933388561	0.000	22050.000	
442	Waveform 1	1	1828.559443549	1828.875837024	0.000	22050.000	
442	Spectrogram 1	1	1828.559443549	1828.875837024	0.000	22050.000	
443	Waveform 1	1	1831.806366746	1832.366538800	0.000	22050.000	
443	Spectrogram 1	1	1831.806366746	1832.366538800	0.000	22050.000	
444	Waveform 1	1	1833.082314201	1833.683980480	0.000	22050.000	
444	Spectrogram 1	1	1833.082314201	1833.683980480	0.000	22050.000	
445	Waveform 1	1	1836.018030702	1836.858288782	0.000	22050.000	
445	Spectrogram 1	1	1836.018030702	1836.858288782	0.000	22050.000	
446	Waveform 1	1	1843.165411158	1843.984922125	0.000	22050.000	
446	Spectrogram 1	1	1843.165411158	1843.984922125	0.000	22050.000	
447	Waveform 1	1	1856.796264453	1857.470545628	0.000	22050.000	
447	Spectrogram 1	1	1856.796264453	1857.470545628	0.000	22050.000	
448	Waveform 1	1	1871.443726288	1872.014271898	0.000	22050.000	
448	Spectrogram 1	1	1871.443726288	1872.014271898	0.000	22050.000	
449	Waveform 1	1	1890.531070323	1891.184604385	0.000	22050.000	
449	Spectrogram 1	1	1890.531070323	1891.184604385	0.000	22050.000	
450	Waveform 1	1	1893.985464651	1894.358912687	0.000	22050.000	
450	Spectrogram 1	1	1893.985464651	1894.358912687	0.000	22050.000	
451	Waveform 1	1	1895.085061644	1896.029055290	0.000	22050.000	
451	Spectrogram 1	1	1895.085061644	1896.029055290	0.000	22050.000	
452	Waveform 1	1	1938.415407315	1938.871843803	0.000	22050.000	
452	Spectrogram 1	1	1938.415407315	1938.871843803	0.000	22050.000	
453	Waveform 1	1	1957.554619132	1958.021429177	0.000	22050.000	
453	Spectrogram 1	1	1957.554619132	1958.021429177	0.000	22050.000	
454	Waveform 1	1	1958.135538299	1958.934302152	0.000	22050.000	
454	Spectrogram 1	1	1958.135538299	1958.934302152	0.000	22050.000	
455	Waveform 1	1	1959.992404920	1960.604444755	0.000	22050.000	
455	Spectrogram 1	1	1959.992404920	1960.604444755	0.000	22050.000	
456	Waveform 1	1	1966.226912400	1966.942687802	0.000	22050.000	
456	Spectrogram 1	1	1966.226912400	1966.942687802	0.000	22050.000	
457	Waveform 1	1	2003.146400129	2003.914043313	0.000	22050.000	
457	Spectrogram 1	1	2003.146400129	2003.914043313	0.000	22050.000	
458	Waveform 1	1	2022.856157556	2023.509691618	0.000	22050.000	
458	Spectrogram 1	1	2022.856157556	2023.509691618	0.000	22050.000	
459	Waveform 1	1	2024.471149605	2024.700680958	0.000	22050.000	
459	Spectrogram 1	1	2024.471149605	2024.700680958	0.000	22050.000	
460	Waveform 1	1	2037.834184400	2038.519445437	0.000	22050.000	
460	Spectrogram 1	1	2037.834184400	2038.519445437	0.000	22050.000	
461	Waveform 1	1	2038.790362592	2039.762477087	0.000	22050.000	
461	Spectrogram 1	1	2038.790362592	2039.762477087	0.000	22050.000	
462	Waveform 1	1	2041.260489587	2042.200731476	0.000	22050.000	
462	Spectrogram 1	1	2041.260489587	2042.200731476	0.000	22050.000	
463	Waveform 1	1	2043.398002504	2043.774142708	0.000	22050.000	SAT.NA_take.off_NA
463	Spectrogram 1	1	2043.398002504	2043.774142708	0.000	22050.000	SAT.NA_take.off_NA
464	Waveform 1	1	2043.810189477	2044.214540197	0.000	22050.000	SAT.NA_take.off_NA
464	Spectrogram 1	1	2043.810189477	2044.214540197	0.000	22050.000	SAT.NA_take.off_NA
465	Waveform 1	1	2049.782762465	2050.077739387	0.000	22050.000	
465	Spectrogram 1	1	2049.782762465	2050.077739387	0.000	22050.000	
466	Waveform 1	1	2050.604070756	2050.849884857	0.000	22050.000	
466	Spectrogram 1	1	2050.604070756	2050.849884857	0.000	22050.000	
467	Waveform 1	1	2051.558407854	2052.052927986	0.000	22050.000	
467	Spectrogram 1	1	2051.558407854	2052.052927986	0.000	22050.000	
468	Waveform 1	1	2052.128118182	2052.535880397	0.000	22050.000	
468	Spectrogram 1	1	2052.128118182	2052.535880397	0.000	22050.000	
469	Waveform 1	1	2090.320685657	2091.176697115	0.000	22050.000	
469	Spectrogram 1	1	2090.320685657	2091.176697115	0.000	22050.000	
470	Waveform 1	1	2120.611020192	2121.024845042	0.000	22050.000	SAT.NA_take.off_NA
470	Spectrogram 1	1	2120.611020192	2121.024845042	0.000	22050.000	SAT.NA_take.off_NA
471	Waveform 1	1	2121.126420232	2121.698250934	0.000	22050.000	SAT.NA_take.off_NA
471	Spectrogram 1	1	2121.126420232	2121.698250934	0.000	22050.000	SAT.NA_take.off_NA
472	Waveform 1	1	2123.372360555	2123.921618992	0.000	22050.000	
472	Spectrogram 1	1	2123.372360555	2123.921618992	0.000	22050.000	
473	Waveform 1	1	2130.949117354	2132.724802165	0.000	22050.000	
473	Spectrogram 1	1	2130.949117354	2132.724802165	0.000	22050.000	
474	Waveform 1	1	2143.740067263	2145.395366664	0.000	22050.000	
474	Spectrogram 1	1	2143.740067263	2145.395366664	0.000	22050.000	
475	Waveform 1	1	2158.544953964	2158.947260741	0.000	22050.000	SAT.NA_flight_NA
475	Spectrogram 1	1	2158.544953964	2158.947260741	0.000	22050.000	SAT.NA_flight_NA
476	Waveform 1	1	2158.961133389	2159.289452713	0.000	22050.000	SAT.NA_flight_NA
476	Spectrogram 1	1	2158.961133389	2159.289452713	0.000	22050.000	SAT.NA_flight_NA
477	Waveform 1	1	2159.321822224	2159.742625864	0.000	22050.000	SAT.NA_flight_NA
477	Spectrogram 1	1	2159.321822224	2159.742625864	0.000	22050.000	SAT.NA_flight_NA
478	Waveform 1	1	2160.038575677	2160.403888728	0.000	22050.000	SAT.NA_flight_NA
478	Spectrogram 1	1	2160.038575677	2160.403888728	0.000	22050.000	SAT.NA_flight_NA
479	Waveform 1	1	2160.417761375	2160.866310311	0.000	22050.000	SAT.NA_flight_NA
479	Spectrogram 1	1	2160.417761375	2160.866310311	0.000	22050.000	SAT.NA_flight_NA
480	Waveform 1	1	2161.060527375	2161.499827879	0.000	22050.000	SAT.NA_flight_NA
480	Spectrogram 1	1	2161.060527375	2161.499827879	0.000	22050.000	SAT.NA_flight_NA
481	Waveform 1	1	2186.742611617	2187.224034359	0.000	22050.000	
481	Spectrogram 1	1	2186.742611617	2187.224034359	0.000	22050.000	
482	Waveform 1	1	2187.574159990	2188.239398689	0.000	22050.000	
482	Spectrogram 1	1	2187.574159990	2188.239398689	0.000	22050.000	
483	Waveform 1	1	2188.278787823	2188.821482550	0.000	22050.000	
483	Spectrogram 1	1	2188.278787823	2188.821482550	0.000	22050.000	
484	Waveform 1	1	2195.014329646	2196.519869859	0.000	22050.000	
484	Spectrogram 1	1	2195.014329646	2196.519869859	0.000	22050.000	
485	Waveform 1	1	2214.096176529	2215.286603674	0.000	22050.000	
485	Spectrogram 1	1	2214.096176529	2215.286603674	0.000	22050.000	
486	Waveform 1	1	2218.332696663	2219.225517022	0.000	22050.000	
486	Spectrogram 1	1	2218.332696663	2219.225517022	0.000	22050.000	
487	Waveform 1	1	2219.453098682	2220.240881351	0.000	22050.000	
487	Spectrogram 1	1	2219.453098682	2220.240881351	0.000	22050.000	
488	Waveform 1	1	2224.057250728	2224.599945455	0.000	22050.000	
488	Spectrogram 1	1	2224.057250728	2224.599945455	0.000	22050.000	
489	Waveform 1	1	2224.704983145	2225.545284659	0.000	22050.000	
489	Spectrogram 1	1	2224.704983145	2225.545284659	0.000	22050.000	
490	Waveform 1	1	2232.635703697	2232.959714797	0.000	22050.000	
490	Spectrogram 1	1	2232.635703697	2232.959714797	0.000	22050.000	
491	Waveform 1	1	2232.998988870	2233.322999969	0.000	22050.000	
491	Spectrogram 1	1	2232.998988870	2233.322999969	0.000	22050.000	
492	Waveform 1	1	2238.281351650	2238.958829404	0.000	22050.000	
492	Spectrogram 1	1	2238.281351650	2238.958829404	0.000	22050.000	
493	Waveform 1	1	2242.002570039	2242.493495948	0.000	22050.000	
493	Spectrogram 1	1	2242.002570039	2242.493495948	0.000	22050.000	
494	Waveform 1	1	2276.344289874	2276.733353767	0.000	22050.000	
494	Spectrogram 1	1	2276.344289874	2276.733353767	0.000	22050.000	
495	Waveform 1	1	2276.756933396	2277.081153307	0.000	22050.000	
495	Spectrogram 1	1	2276.756933396	2277.081153307	0.000	22050.000	
496	Waveform 1	1	2277.110627844	2277.670644053	0.000	22050.000	
496	Spectrogram 1	1	2277.110627844	2277.670644053	0.000	22050.000	
497	Waveform 1	1	2304.062144766	2304.981750330	0.000	22050.000	
497	Spectrogram 1	1	2304.062144766	2304.981750330	0.000	22050.000	
498	Waveform 1	1	2305.170387369	2305.736298485	0.000	22050.000	
498	Spectrogram 1	1	2305.170387369	2305.736298485	0.000	22050.000	
507	Waveform 1	1	837.650992271	843.074771691	0.000	22050.000	
507	Spectrogram 1	1	837.650992271	843.074771691	0.000	22050.000	
