Selection	View	Channel	Begin Time (s)	End Time (s)	Low Freq (Hz)	High Freq (Hz)	Annotation
1	Waveform 1	1	0.210699319	0.517171056	0.000	22050.000	
1	Spectrogram 1	1	0.210699319	0.517171056	0.000	22050.000	
2	Waveform 1	1	1.479683855	2.150090780	0.000	22050.000	
2	Spectrogram 1	1	1.479683855	2.150090780	0.000	22050.000	
3	Waveform 1	1	3.035985645	4.175677417	0.000	22050.000	
3	Spectrogram 1	1	3.035985645	4.175677417	0.000	22050.000	
4	Waveform 1	1	4.482149154	5.061572282	0.000	22050.000	
4	Spectrogram 1	1	4.482149154	5.061572282	0.000	22050.000	
5	Waveform 1	1	6.033662323	6.416751994	0.000	22050.000	SAT.NA_U.return.home_02
5	Spectrogram 1	1	6.033662323	6.416751994	0.000	22050.000	SAT.NA_U.return.home_02
6	Waveform 1	1	6.464638203	6.838150632	0.000	22050.000	SAT.NA_U.return.home_02
6	Spectrogram 1	1	6.464638203	6.838150632	0.000	22050.000	SAT.NA_U.return.home_02
7	Waveform 1	1	7.000963743	7.594752733	0.000	22050.000	SAT.NA_U.return.home_02
7	Spectrogram 1	1	7.000963743	7.594752733	0.000	22050.000	SAT.NA_U.return.home_02
8	Waveform 1	1	8.993030033	9.309079012	0.000	22050.000	SAT.NA_U.return.home_02
8	Spectrogram 1	1	8.993030033	9.309079012	0.000	22050.000	SAT.NA_U.return.home_02
9	Waveform 1	1	10.156664910	10.621161136	0.000	22050.000	SAT.NA_U.return.home_02
9	Spectrogram 1	1	10.156664910	10.621161136	0.000	22050.000	SAT.NA_U.return.home_02
10	Waveform 1	1	11.358608753	11.727332562	0.000	22050.000	SAT.NA_U.return.home_02
10	Spectrogram 1	1	11.358608753	11.727332562	0.000	22050.000	SAT.NA_U.return.home_02
11	Waveform 1	1	11.770430150	12.301967069	0.000	22050.000	SAT.NA_U.return.home_02
11	Spectrogram 1	1	11.770430150	12.301967069	0.000	22050.000	SAT.NA_U.return.home_02
12	Waveform 1	1	16.238213441	16.774538981	0.000	22050.000	
12	Spectrogram 1	1	16.238213441	16.774538981	0.000	22050.000	
13	Waveform 1	1	16.879888641	17.444945906	0.000	22050.000	
13	Spectrogram 1	1	16.879888641	17.444945906	0.000	22050.000	
14	Waveform 1	1	40.712854815	41.206082767	0.000	22050.000	SAT.NA_U.nest_NA
14	Spectrogram 1	1	40.712854815	41.206082767	0.000	22050.000	SAT.NA_U.nest_NA
15	Waveform 1	1	41.301855185	41.756774169	0.000	22050.000	SAT.NA_U.nest_NA
15	Spectrogram 1	1	41.301855185	41.756774169	0.000	22050.000	SAT.NA_U.nest_NA
16	Waveform 1	1	41.766351411	42.115920736	0.000	22050.000	SAT.NA_U.nest_NA
16	Spectrogram 1	1	41.766351411	42.115920736	0.000	22050.000	SAT.NA_U.nest_NA
17	Waveform 1	1	43.236458025	43.643490800	0.000	22050.000	SAT.NA_U.nest_NA
17	Spectrogram 1	1	43.236458025	43.643490800	0.000	22050.000	SAT.NA_U.nest_NA
18	Waveform 1	1	43.677011147	44.103198406	0.000	22050.000	SAT.NA_U.nest_NA
18	Spectrogram 1	1	43.677011147	44.103198406	0.000	22050.000	SAT.NA_U.nest_NA
19	Waveform 1	1	44.859800507	45.487109844	0.000	22050.000	SAT.NA_U.nest_NA
19	Spectrogram 1	1	44.859800507	45.487109844	0.000	22050.000	SAT.NA_U.nest_NA
20	Waveform 1	1	46.186248494	46.478354368	0.000	22050.000	SAT.NA_U.nest_NA
20	Spectrogram 1	1	46.186248494	46.478354368	0.000	22050.000	SAT.NA_U.nest_NA
21	Waveform 1	1	54.063529859	54.753091268	0.000	22050.000	SAT.NA_U.nest_NA
21	Spectrogram 1	1	54.063529859	54.753091268	0.000	22050.000	SAT.NA_U.nest_NA
22	Waveform 1	1	56.476994788	56.845718597	0.000	22050.000	SAT.NA_U.nest_NA
22	Spectrogram 1	1	56.476994788	56.845718597	0.000	22050.000	SAT.NA_U.nest_NA
23	Waveform 1	1	60.911257733	61.461949136	0.000	22050.000	SAT.NA_U.nest_NA
23	Spectrogram 1	1	60.911257733	61.461949136	0.000	22050.000	SAT.NA_U.nest_NA
24	Waveform 1	1	64.143576835	64.914544798	0.000	22050.000	SAT.NA_U.nest_NA
24	Spectrogram 1	1	64.143576835	64.914544798	0.000	22050.000	SAT.NA_U.nest_NA
25	Waveform 1	1	66.729432116	67.174773859	0.000	22050.000	SAT.NA_U.nest_NA
25	Spectrogram 1	1	66.729432116	67.174773859	0.000	22050.000	SAT.NA_U.nest_NA
26	Waveform 1	1	67.217871447	67.572229393	0.000	22050.000	SAT.NA_U.nest_NA
26	Spectrogram 1	1	67.217871447	67.572229393	0.000	22050.000	SAT.NA_U.nest_NA
27	Waveform 1	1	67.773351470	68.271368043	0.000	22050.000	SAT.NA_U.nest_NA
27	Spectrogram 1	1	67.773351470	68.271368043	0.000	22050.000	SAT.NA_U.nest_NA
28	Waveform 1	1	70.337657957	70.713564697	0.000	22050.000	SAT.NA_U.nest_NA
28	Spectrogram 1	1	70.337657957	70.713564697	0.000	22050.000	SAT.NA_U.nest_NA
30	Waveform 1	1	70.725536249	70.941024190	0.000	22050.000	SAT.NA_U.nest_NA
30	Spectrogram 1	1	70.725536249	70.941024190	0.000	22050.000	SAT.NA_U.nest_NA
31	Waveform 1	1	70.950601431	71.223552822	0.000	22050.000	SAT.NA_U.nest_NA
31	Spectrogram 1	1	70.950601431	71.223552822	0.000	22050.000	SAT.NA_U.nest_NA
32	Waveform 1	1	71.285804894	71.589882320	0.000	22050.000	SAT.NA_U.nest_NA
32	Spectrogram 1	1	71.285804894	71.589882320	0.000	22050.000	SAT.NA_U.nest_NA
33	Waveform 1	1	72.767883059	73.007314104	0.000	22050.000	SAT.NA_U.nest_NA
33	Spectrogram 1	1	72.767883059	73.007314104	0.000	22050.000	SAT.NA_U.nest_NA
34	Waveform 1	1	78.023394487	78.351415018	0.000	22050.000	SAT.NA_U.nest_NA
34	Spectrogram 1	1	78.023394487	78.351415018	0.000	22050.000	SAT.NA_U.nest_NA
35	Waveform 1	1	83.283694536	83.664389897	0.000	22050.000	SAT.NA_U.nest_NA
35	Spectrogram 1	1	83.283694536	83.664389897	0.000	22050.000	SAT.NA_U.nest_NA
36	Waveform 1	1	85.227874618	85.443362558	0.000	22050.000	SAT.NA_U.nest_NA
36	Spectrogram 1	1	85.227874618	85.443362558	0.000	22050.000	SAT.NA_U.nest_NA
37	Waveform 1	1	85.553500838	85.733074122	0.000	22050.000	SAT.NA_U.nest_NA
37	Spectrogram 1	1	85.553500838	85.733074122	0.000	22050.000	SAT.NA_U.nest_NA
38	Waveform 1	1	85.998842581	86.271793972	0.000	22050.000	SAT.NA_U.nest_NA
38	Spectrogram 1	1	85.998842581	86.271793972	0.000	22050.000	SAT.NA_U.nest_NA
39	Waveform 1	1	88.089075600	88.306957851	0.000	22050.000	SAT.NA_U.nest_NA
39	Spectrogram 1	1	88.089075600	88.306957851	0.000	22050.000	SAT.NA_U.nest_NA
40	Waveform 1	1	89.221584441	89.477775659	0.000	22050.000	SAT.NA_U.nest_NA
40	Spectrogram 1	1	89.221584441	89.477775659	0.000	22050.000	SAT.NA_U.nest_NA
41	Waveform 1	1	89.508901694	89.705235151	0.000	22050.000	SAT.NA_U.nest_NA
41	Spectrogram 1	1	89.508901694	89.705235151	0.000	22050.000	SAT.NA_U.nest_NA
42	Waveform 1	1	94.898494507	95.298344352	0.000	22050.000	SAT.NA_U.nest_NA
42	Spectrogram 1	1	94.898494507	95.298344352	0.000	22050.000	SAT.NA_U.nest_NA
43	Waveform 1	1	100.587376126	101.157222012	0.000	22050.000	SAT.NA_U.nest_NA
43	Spectrogram 1	1	100.587376126	101.157222012	0.000	22050.000	SAT.NA_U.nest_NA
44	Waveform 1	1	101.648055653	101.901852560	0.000	22050.000	SAT.NA_U.nest_NA
44	Spectrogram 1	1	101.648055653	101.901852560	0.000	22050.000	SAT.NA_U.nest_NA
45	Waveform 1	1	102.792536046	102.991263813	0.000	22050.000	SAT.NA_U.nest_NA
45	Spectrogram 1	1	102.792536046	102.991263813	0.000	22050.000	SAT.NA_U.nest_NA
46	Waveform 1	1	103.630544702	103.972931096	0.000	22050.000	SAT.NA_U.nest_NA
46	Spectrogram 1	1	103.630544702	103.972931096	0.000	22050.000	SAT.NA_U.nest_NA
47	Waveform 1	1	104.988118724	105.220366838	0.000	22050.000	SAT.NA_U.nest_NA
47	Spectrogram 1	1	104.988118724	105.220366838	0.000	22050.000	SAT.NA_U.nest_NA
48	Waveform 1	1	105.249098563	105.471769434	0.000	22050.000	SAT.NA_U.nest_NA
48	Spectrogram 1	1	105.249098563	105.471769434	0.000	22050.000	SAT.NA_U.nest_NA
49	Waveform 1	1	105.852464795	106.015277906	0.000	22050.000	SAT.NA_U.nest_NA
49	Spectrogram 1	1	105.852464795	106.015277906	0.000	22050.000	SAT.NA_U.nest_NA
50	Waveform 1	1	106.022460837	106.324143953	0.000	22050.000	SAT.NA_U.nest_NA
50	Spectrogram 1	1	106.022460837	106.324143953	0.000	22050.000	SAT.NA_U.nest_NA
51	Waveform 1	1	106.340904126	106.621038448	0.000	22050.000	SAT.NA_U.nest_NA
51	Spectrogram 1	1	106.340904126	106.621038448	0.000	22050.000	SAT.NA_U.nest_NA
52	Waveform 1	1	106.640192932	106.767091385	0.000	22050.000	SAT.NA_U.nest_NA
52	Spectrogram 1	1	106.640192932	106.767091385	0.000	22050.000	SAT.NA_U.nest_NA
53	Waveform 1	1	107.533270728	107.854108328	0.000	22050.000	SAT.NA_U.nest_NA
53	Spectrogram 1	1	107.533270728	107.854108328	0.000	22050.000	SAT.NA_U.nest_NA
54	Waveform 1	1	107.868474190	108.165368686	0.000	22050.000	SAT.NA_U.nest_NA
54	Spectrogram 1	1	107.868474190	108.165368686	0.000	22050.000	SAT.NA_U.nest_NA
55	Waveform 1	1	108.196494721	108.467051802	0.000	22050.000	SAT.NA_U.nest_NA
55	Spectrogram 1	1	108.196494721	108.467051802	0.000	22050.000	SAT.NA_U.nest_NA
56	Waveform 1	1	108.500572148	108.711271467	0.000	22050.000	SAT.NA_U.nest_NA
56	Spectrogram 1	1	108.500572148	108.711271467	0.000	22050.000	SAT.NA_U.nest_NA
57	Waveform 1	1	109.046474930	109.475056499	0.000	22050.000	SAT.NA_U.nest_NA
57	Spectrogram 1	1	109.046474930	109.475056499	0.000	22050.000	SAT.NA_U.nest_NA
58	Waveform 1	1	109.546885813	109.951524278	0.000	22050.000	SAT.NA_U.nest_NA
58	Spectrogram 1	1	109.546885813	109.951524278	0.000	22050.000	SAT.NA_U.nest_NA
59	Waveform 1	1	110.588410856	110.870939489	0.000	22050.000	SAT.NA_U.nest_NA
59	Spectrogram 1	1	110.588410856	110.870939489	0.000	22050.000	SAT.NA_U.nest_NA
60	Waveform 1	1	110.918825698	111.110370534	0.000	22050.000	SAT.NA_U.nest_NA
60	Spectrogram 1	1	110.918825698	111.110370534	0.000	22050.000	SAT.NA_U.nest_NA
61	Waveform 1	1	111.529374862	111.785566079	0.000	22050.000	SAT.NA_U.nest_NA
61	Spectrogram 1	1	111.529374862	111.785566079	0.000	22050.000	SAT.NA_U.nest_NA
62	Waveform 1	1	114.218185492	114.814368793	0.000	22050.000	SAT.NA_U.nest_NA
62	Spectrogram 1	1	114.218185492	114.814368793	0.000	22050.000	SAT.NA_U.nest_NA
63	Waveform 1	1	114.833523276	115.290836571	0.000	22050.000	SAT.NA_U.nest_NA
63	Spectrogram 1	1	114.833523276	115.290836571	0.000	22050.000	SAT.NA_U.nest_NA
64	Waveform 1	1	116.528695072	117.050654749	0.000	22050.000	SAT.NA_U.nest_NA
64	Spectrogram 1	1	116.528695072	117.050654749	0.000	22050.000	SAT.NA_U.nest_NA
65	Waveform 1	1	117.088963716	117.560642874	0.000	22050.000	SAT.NA_U.nest_NA
65	Spectrogram 1	1	117.088963716	117.560642874	0.000	22050.000	SAT.NA_U.nest_NA
66	Waveform 1	1	118.003590306	118.343582389	0.000	22050.000	SAT.NA_U.nest_NA
66	Spectrogram 1	1	118.003590306	118.343582389	0.000	22050.000	SAT.NA_U.nest_NA
67	Waveform 1	1	118.391468598	118.901456723	0.000	22050.000	SAT.NA_U.nest_NA
67	Spectrogram 1	1	118.391468598	118.901456723	0.000	22050.000	SAT.NA_U.nest_NA
68	Waveform 1	1	119.969319182	120.330860059	0.000	22050.000	SAT.NA_U.nest_NA
68	Spectrogram 1	1	119.969319182	120.330860059	0.000	22050.000	SAT.NA_U.nest_NA
69	Waveform 1	1	120.864791289	121.185628888	0.000	22050.000	SAT.NA_U.nest_NA
69	Spectrogram 1	1	120.864791289	121.185628888	0.000	22050.000	SAT.NA_U.nest_NA
70	Waveform 1	1	122.722776194	122.976573101	0.000	22050.000	SAT.NA_U.nest_NA
70	Spectrogram 1	1	122.722776194	122.976573101	0.000	22050.000	SAT.NA_U.nest_NA
71	Waveform 1	1	123.735569513	123.984577799	0.000	22050.000	SAT.NA_U.nest_NA
71	Spectrogram 1	1	123.735569513	123.984577799	0.000	22050.000	SAT.NA_U.nest_NA
72	Waveform 1	1	124.437102473	124.798643351	0.000	22050.000	SAT.NA_U.nest_NA
72	Spectrogram 1	1	124.437102473	124.798643351	0.000	22050.000	SAT.NA_U.nest_NA
73	Waveform 1	1	127.094787068	127.382104321	0.000	22050.000	SAT.NA_U.nest_NA
73	Spectrogram 1	1	127.094787068	127.382104321	0.000	22050.000	SAT.NA_U.nest_NA
74	Waveform 1	1	127.777165545	128.100397455	0.000	22050.000	SAT.NA_U.nest_NA
74	Spectrogram 1	1	127.777165545	128.100397455	0.000	22050.000	SAT.NA_U.nest_NA
75	Waveform 1	1	128.327856947	128.665454720	0.000	22050.000	SAT.NA_U.nest_NA
75	Spectrogram 1	1	128.327856947	128.665454720	0.000	22050.000	SAT.NA_U.nest_NA
76	Waveform 1	1	128.715735239	128.897702833	0.000	22050.000	SAT.NA_U.nest_NA
76	Spectrogram 1	1	128.715735239	128.897702833	0.000	22050.000	SAT.NA_U.nest_NA
77	Waveform 1	1	129.424451131	129.702191143	0.000	22050.000	SAT.NA_U.nest_NA
77	Spectrogram 1	1	129.424451131	129.702191143	0.000	22050.000	SAT.NA_U.nest_NA
78	Waveform 1	1	129.716557006	130.013451501	0.000	22050.000	SAT.NA_U.nest_NA
78	Spectrogram 1	1	129.716557006	130.013451501	0.000	22050.000	SAT.NA_U.nest_NA
80	Waveform 1	1	130.358232205	130.643155148	0.000	22050.000	SAT.NA_U.nest_NA
80	Spectrogram 1	1	130.358232205	130.643155148	0.000	22050.000	SAT.NA_U.nest_NA
81	Waveform 1	1	130.659915321	130.999907404	0.000	22050.000	SAT.NA_U.nest_NA
81	Spectrogram 1	1	130.659915321	130.999907404	0.000	22050.000	SAT.NA_U.nest_NA
82	Waveform 1	1	131.031033440	131.315956383	0.000	22050.000	SAT.NA_U.nest_NA
82	Spectrogram 1	1	131.031033440	131.315956383	0.000	22050.000	SAT.NA_U.nest_NA
83	Waveform 1	1	133.547453718	133.882657181	0.000	22050.000	SAT.NA_U.nest_NA
83	Spectrogram 1	1	133.547453718	133.882657181	0.000	22050.000	SAT.NA_U.nest_NA
84	Waveform 1	1	133.923360458	134.074202016	0.000	22050.000	SAT.NA_U.nest_NA
84	Spectrogram 1	1	133.923360458	134.074202016	0.000	22050.000	SAT.NA_U.nest_NA
85	Waveform 1	1	134.107722363	134.378279443	0.000	22050.000	SAT.NA_U.nest_NA
85	Spectrogram 1	1	134.107722363	134.378279443	0.000	22050.000	SAT.NA_U.nest_NA
86	Waveform 1	1	134.385462374	134.663202386	0.000	22050.000	SAT.NA_U.nest_NA
86	Spectrogram 1	1	134.385462374	134.663202386	0.000	22050.000	SAT.NA_U.nest_NA
87	Waveform 1	1	134.670385317	135.053474989	0.000	22050.000	SAT.NA_U.nest_NA
87	Spectrogram 1	1	134.670385317	135.053474989	0.000	22050.000	SAT.NA_U.nest_NA
88	Waveform 1	1	135.549097251	135.857963298	0.000	22050.000	SAT.NA_U.nest_NA
88	Spectrogram 1	1	135.549097251	135.857963298	0.000	22050.000	SAT.NA_U.nest_NA
89	Waveform 1	1	135.898666576	136.116548826	0.000	22050.000	SAT.NA_U.nest_NA
89	Spectrogram 1	1	135.898666576	136.116548826	0.000	22050.000	SAT.NA_U.nest_NA
90	Waveform 1	1	136.133308999	136.387105907	0.000	22050.000	SAT.NA_U.nest_NA
90	Spectrogram 1	1	136.133308999	136.387105907	0.000	22050.000	SAT.NA_U.nest_NA
91	Waveform 1	1	136.834841960	137.086244557	0.000	22050.000	SAT.NA_U.nest_NA
91	Spectrogram 1	1	136.834841960	137.086244557	0.000	22050.000	SAT.NA_U.nest_NA
92	Waveform 1	1	137.512431816	137.775805965	0.000	22050.000	SAT.NA_U.nest_NA
92	Spectrogram 1	1	137.512431816	137.775805965	0.000	22050.000	SAT.NA_U.nest_NA
93	Waveform 1	1	137.802143380	138.132558221	0.000	22050.000	SAT.NA_U.nest_NA
93	Spectrogram 1	1	137.802143380	138.132558221	0.000	22050.000	SAT.NA_U.nest_NA
94	Waveform 1	1	138.156501326	138.484521857	0.000	22050.000	SAT.NA_U.nest_NA
94	Spectrogram 1	1	138.156501326	138.484521857	0.000	22050.000	SAT.NA_U.nest_NA
95	Waveform 1	1	139.375205343	139.624213629	0.000	22050.000	SAT.NA_U.nest_NA
95	Spectrogram 1	1	139.375205343	139.624213629	0.000	22050.000	SAT.NA_U.nest_NA
96	Waveform 1	1	144.570859009	144.831838848	0.000	22050.000	SAT.NA_U.nest_NA
96	Spectrogram 1	1	144.570859009	144.831838848	0.000	22050.000	SAT.NA_U.nest_NA
97	Waveform 1	1	146.922071867	147.192628947	0.000	22050.000	SAT.NA_U.nest_NA
97	Spectrogram 1	1	146.922071867	147.192628947	0.000	22050.000	SAT.NA_U.nest_NA
98	Waveform 1	1	147.226149293	147.482340511	0.000	22050.000	SAT.NA_U.nest_NA
98	Spectrogram 1	1	147.226149293	147.482340511	0.000	22050.000	SAT.NA_U.nest_NA
99	Waveform 1	1	178.581813925	179.428330501	0.000	22050.000	SAT.NA_U.nest_NA
99	Spectrogram 1	1	178.581813925	179.428330501	0.000	22050.000	SAT.NA_U.nest_NA
100	Waveform 1	1	181.500603080	182.408068849	0.000	22050.000	SAT.NA_U.nest_NA
100	Spectrogram 1	1	181.500603080	182.408068849	0.000	22050.000	SAT.NA_U.nest_NA
101	Waveform 1	1	182.543511502	183.274901823	0.000	22050.000	SAT.NA_U.nest_NA
101	Spectrogram 1	1	182.543511502	183.274901823	0.000	22050.000	SAT.NA_U.nest_NA
102	Waveform 1	1	185.462300656	186.044704060	0.000	22050.000	SAT.NA_U.nest_NA
102	Spectrogram 1	1	185.462300656	186.044704060	0.000	22050.000	SAT.NA_U.nest_NA
103	Waveform 1	1	187.351725654	187.947673324	0.000	22050.000	SAT.NA_U.nest_NA
103	Spectrogram 1	1	187.351725654	187.947673324	0.000	22050.000	SAT.NA_U.nest_NA
104	Waveform 1	1	197.760493474	198.072011574	0.000	22050.000	SAT.NA_U.nest_NA
104	Spectrogram 1	1	197.760493474	198.072011574	0.000	22050.000	SAT.NA_U.nest_NA
105	Waveform 1	1	198.119416502	198.593465785	0.000	22050.000	SAT.NA_U.nest_NA
105	Spectrogram 1	1	198.119416502	198.593465785	0.000	22050.000	SAT.NA_U.nest_NA
106	Waveform 1	1	208.277615416	208.975145075	0.000	22050.000	SAT.NA_U.nest_NA
106	Spectrogram 1	1	208.277615416	208.975145075	0.000	22050.000	SAT.NA_U.nest_NA
107	Waveform 1	1	209.896155110	210.363432260	0.000	22050.000	SAT.NA_U.nest_NA
107	Spectrogram 1	1	209.896155110	210.363432260	0.000	22050.000	SAT.NA_U.nest_NA
108	Waveform 1	1	211.270898029	211.907478495	0.000	22050.000	SAT.NA_U.nest_NA
108	Spectrogram 1	1	211.270898029	211.907478495	0.000	22050.000	SAT.NA_U.nest_NA
109	Waveform 1	1	216.661515586	217.372589510	0.000	22050.000	SAT.NA_U.nest_NA
109	Spectrogram 1	1	216.661515586	217.372589510	0.000	22050.000	SAT.NA_U.nest_NA
110	Waveform 1	1	225.959653658	226.657183317	0.000	22050.000	SAT.NA_U.nest_NA
110	Spectrogram 1	1	225.959653658	226.657183317	0.000	22050.000	SAT.NA_U.nest_NA
111	Waveform 1	1	232.129066465	232.711469870	0.000	22050.000	SAT.NA_U.nest_NA
111	Spectrogram 1	1	232.129066465	232.711469870	0.000	22050.000	SAT.NA_U.nest_NA
112	Waveform 1	1	237.479051227	238.169808753	0.000	22050.000	SAT.NA_U.nest_NA
112	Spectrogram 1	1	237.479051227	238.169808753	0.000	22050.000	SAT.NA_U.nest_NA
113	Waveform 1	1	238.826705616	239.436197551	0.000	22050.000	SAT.NA_U.nest_NA
113	Spectrogram 1	1	238.826705616	239.436197551	0.000	22050.000	SAT.NA_U.nest_NA
114	Waveform 1	1	239.727399253	240.343663320	0.000	22050.000	SAT.NA_U.nest_NA
114	Spectrogram 1	1	239.727399253	240.343663320	0.000	22050.000	SAT.NA_U.nest_NA
115	Waveform 1	1	241.643912781	242.199227655	0.000	22050.000	SAT.NA_U.nest_NA
115	Spectrogram 1	1	241.643912781	242.199227655	0.000	22050.000	SAT.NA_U.nest_NA
116	Waveform 1	1	242.321126042	242.673276938	0.000	22050.000	SAT.NA_U.nest_NA
116	Spectrogram 1	1	242.321126042	242.673276938	0.000	22050.000	SAT.NA_U.nest_NA
117	Waveform 1	1	242.713909733	243.275996740	0.000	22050.000	SAT.NA_U.nest_NA
117	Spectrogram 1	1	242.713909733	243.275996740	0.000	22050.000	SAT.NA_U.nest_NA
118	Waveform 1	1	243.343718066	244.020931327	0.000	22050.000	SAT.NA_U.nest_NA
118	Spectrogram 1	1	243.343718066	244.020931327	0.000	22050.000	SAT.NA_U.nest_NA
119	Waveform 1	1	244.142829714	244.826815107	0.000	22050.000	SAT.NA_U.nest_NA
119	Spectrogram 1	1	244.142829714	244.826815107	0.000	22050.000	SAT.NA_U.nest_NA
120	Waveform 1	1	246.039026844	246.783961431	0.000	22050.000	SAT.NA_U.nest_NA
120	Spectrogram 1	1	246.039026844	246.783961431	0.000	22050.000	SAT.NA_U.nest_NA
121	Waveform 1	1	251.361883511	251.555848730	0.000	22050.000	SAT.NA_U.nest_NA
121	Spectrogram 1	1	251.361883511	251.555848730	0.000	22050.000	SAT.NA_U.nest_NA
122	Waveform 1	1	251.586254089	251.930149182	0.000	22050.000	SAT.NA_U.nest_NA
122	Spectrogram 1	1	251.586254089	251.930149182	0.000	22050.000	SAT.NA_U.nest_NA
123	Waveform 1	1	261.306284544	261.780555767	0.000	22050.000	SAT.NA_U.nest_NA
123	Spectrogram 1	1	261.306284544	261.780555767	0.000	22050.000	SAT.NA_U.nest_NA
124	Waveform 1	1	261.930580338	262.375814547	0.000	22050.000	SAT.NA_U.nest_NA
124	Spectrogram 1	1	261.930580338	262.375814547	0.000	22050.000	SAT.NA_U.nest_NA
125	Waveform 1	1	262.520999615	262.850085770	0.000	22050.000	SAT.NA_U.nest_NA
125	Spectrogram 1	1	262.520999615	262.850085770	0.000	22050.000	SAT.NA_U.nest_NA
126	Waveform 1	1	264.026084824	264.660059622	0.000	22050.000	SAT.NA_U.nest_NA
126	Spectrogram 1	1	264.026084824	264.660059622	0.000	22050.000	SAT.NA_U.nest_NA
127	Waveform 1	1	265.182725868	265.579565055	0.000	22050.000	SAT.NA_U.nest_NA
127	Spectrogram 1	1	265.182725868	265.579565055	0.000	22050.000	SAT.NA_U.nest_NA
128	Waveform 1	1	268.650726395	268.866849990	0.000	22050.000	SAT.NA_U.nest_NA
128	Spectrogram 1	1	268.650726395	268.866849990	0.000	22050.000	SAT.NA_U.nest_NA
129	Waveform 1	1	268.883474882	269.061598725	0.000	22050.000	SAT.NA_U.nest_NA
129	Spectrogram 1	1	268.883474882	269.061598725	0.000	22050.000	SAT.NA_U.nest_NA
130	Waveform 1	1	270.045980817	270.431115808	0.000	22050.000	SAT.NA_U.nest_NA
130	Spectrogram 1	1	270.045980817	270.431115808	0.000	22050.000	SAT.NA_U.nest_NA
131	Waveform 1	1	270.498290515	270.820729112	0.000	22050.000	SAT.NA_U.nest_NA
131	Spectrogram 1	1	270.498290515	270.820729112	0.000	22050.000	SAT.NA_U.nest_NA
132	Waveform 1	1	273.816721073	274.148116297	0.000	22050.000	SAT.NA_U.nest_NA
132	Spectrogram 1	1	273.816721073	274.148116297	0.000	22050.000	SAT.NA_U.nest_NA
133	Waveform 1	1	274.564599484	275.137823656	0.000	22050.000	SAT.NA_U.nest_NA
133	Spectrogram 1	1	274.564599484	275.137823656	0.000	22050.000	SAT.NA_U.nest_NA
134	Waveform 1	1	277.309805870	277.838246903	0.000	22050.000	SAT.NA_U.nest_NA
134	Spectrogram 1	1	277.309805870	277.838246903	0.000	22050.000	SAT.NA_U.nest_NA
135	Waveform 1	1	280.012444291	280.167855299	0.000	22050.000	SAT.NA_U.nest_NA
135	Spectrogram 1	1	280.012444291	280.167855299	0.000	22050.000	SAT.NA_U.nest_NA
136	Waveform 1	1	280.678121442	280.868499927	0.000	22050.000	SAT.NA_U.nest_NA
136	Spectrogram 1	1	280.678121442	280.868499927	0.000	22050.000	SAT.NA_U.nest_NA
137	Waveform 1	1	280.887926303	281.245371622	0.000	22050.000	SAT.NA_U.nest_NA
137	Spectrogram 1	1	280.887926303	281.245371622	0.000	22050.000	SAT.NA_U.nest_NA
138	Waveform 1	1	281.896802764	282.201149322	0.000	22050.000	SAT.NA_U.nest_NA
138	Spectrogram 1	1	281.896802764	282.201149322	0.000	22050.000	SAT.NA_U.nest_NA
139	Waveform 1	1	282.251657900	282.585791567	0.000	22050.000	SAT.NA_U.nest_NA
139	Spectrogram 1	1	282.251657900	282.585791567	0.000	22050.000	SAT.NA_U.nest_NA
140	Waveform 1	1	282.597447393	282.770989685	0.000	22050.000	SAT.NA_U.nest_NA
140	Spectrogram 1	1	282.597447393	282.770989685	0.000	22050.000	SAT.NA_U.nest_NA
141	Waveform 1	1	286.237950258	286.401131817	0.000	22050.000	SAT.NA_U.nest_NA
141	Spectrogram 1	1	286.237950258	286.401131817	0.000	22050.000	SAT.NA_U.nest_NA
142	Waveform 1	1	293.250872000	293.745597043	0.000	22050.000	SAT.NA_U.nest_NA
142	Spectrogram 1	1	293.250872000	293.745597043	0.000	22050.000	SAT.NA_U.nest_NA
143	Waveform 1	1	294.066779793	294.488979698	0.000	22050.000	SAT.NA_U.nest_NA
143	Spectrogram 1	1	294.066779793	294.488979698	0.000	22050.000	SAT.NA_U.nest_NA
144	Waveform 1	1	294.522652083	294.812752632	0.000	22050.000	SAT.NA_U.nest_NA
144	Spectrogram 1	1	294.522652083	294.812752632	0.000	22050.000	SAT.NA_U.nest_NA
145	Waveform 1	1	295.088607171	295.403314463	0.000	22050.000	SAT.NA_U.nest_NA
145	Spectrogram 1	1	295.088607171	295.403314463	0.000	22050.000	SAT.NA_U.nest_NA
146	Waveform 1	1	295.429216297	295.854006386	0.000	22050.000	SAT.NA_U.nest_NA
146	Spectrogram 1	1	295.429216297	295.854006386	0.000	22050.000	SAT.NA_U.nest_NA
147	Waveform 1	1	295.860481845	296.071581798	0.000	22050.000	SAT.NA_U.nest_NA
147	Spectrogram 1	1	295.860481845	296.071581798	0.000	22050.000	SAT.NA_U.nest_NA
148	Waveform 1	1	296.983326379	297.154278488	0.000	22050.000	SAT.NA_U.nest_NA
148	Spectrogram 1	1	296.983326379	297.154278488	0.000	22050.000	SAT.NA_U.nest_NA
149	Waveform 1	1	299.994414661	300.263793742	0.000	22050.000	SAT.NA_U.nest_NA
149	Spectrogram 1	1	299.994414661	300.263793742	0.000	22050.000	SAT.NA_U.nest_NA
150	Waveform 1	1	300.293580852	300.540943373	0.000	22050.000	SAT.NA_U.nest_NA
150	Spectrogram 1	1	300.293580852	300.540943373	0.000	22050.000	SAT.NA_U.nest_NA
151	Waveform 1	1	302.754255147	303.037880237	0.000	22050.000	SAT.NA_U.nest_NA
151	Spectrogram 1	1	302.754255147	303.037880237	0.000	22050.000	SAT.NA_U.nest_NA
152	Waveform 1	1	303.882280048	304.084314359	0.000	22050.000	SAT.NA_U.nest_NA
152	Spectrogram 1	1	303.882280048	304.084314359	0.000	22050.000	SAT.NA_U.nest_NA
153	Waveform 1	1	304.090789817	304.261741926	0.000	22050.000	SAT.NA_U.nest_NA
153	Spectrogram 1	1	304.090789817	304.261741926	0.000	22050.000	SAT.NA_U.nest_NA
154	Waveform 1	1	304.875615408	305.198093250	0.000	22050.000	SAT.NA_U.nest_NA
154	Spectrogram 1	1	304.875615408	305.198093250	0.000	22050.000	SAT.NA_U.nest_NA
155	Waveform 1	1	305.247306736	305.564604211	0.000	22050.000	SAT.NA_U.nest_NA
155	Spectrogram 1	1	305.247306736	305.564604211	0.000	22050.000	SAT.NA_U.nest_NA
156	Waveform 1	1	307.468354111	307.871292096	0.000	22050.000	SAT.NA_U.nest_NA
156	Spectrogram 1	1	307.468354111	307.871292096	0.000	22050.000	SAT.NA_U.nest_NA
157	Waveform 1	1	309.398793366	309.589273141	0.000	22050.000	SAT.NA_U.nest_NA
157	Spectrogram 1	1	309.398793366	309.589273141	0.000	22050.000	SAT.NA_U.nest_NA
158	Waveform 1	1	311.589310776	311.922650381	0.000	22050.000	SAT.NA_U.nest_NA
158	Spectrogram 1	1	311.589310776	311.922650381	0.000	22050.000	SAT.NA_U.nest_NA
159	Waveform 1	1	314.240442587	314.520979381	0.000	22050.000	SAT.NA_U.nest_NA
159	Spectrogram 1	1	314.240442587	314.520979381	0.000	22050.000	SAT.NA_U.nest_NA
160	Waveform 1	1	314.546482726	314.814267848	0.000	22050.000	SAT.NA_U.nest_NA
160	Spectrogram 1	1	314.546482726	314.814267848	0.000	22050.000	SAT.NA_U.nest_NA
161	Waveform 1	1	314.839771193	315.072489215	0.000	22050.000	SAT.NA_U.nest_NA
161	Spectrogram 1	1	314.839771193	315.072489215	0.000	22050.000	SAT.NA_U.nest_NA
162	Waveform 1	1	315.101180478	315.359401845	0.000	22050.000	SAT.NA_U.nest_NA
162	Spectrogram 1	1	315.101180478	315.359401845	0.000	22050.000	SAT.NA_U.nest_NA
163	Waveform 1	1	315.381717272	315.512421915	0.000	22050.000	SAT.NA_U.nest_NA
163	Spectrogram 1	1	315.381717272	315.512421915	0.000	22050.000	SAT.NA_U.nest_NA
164	Waveform 1	1	315.537925260	315.805710382	0.000	22050.000	SAT.NA_U.nest_NA
164	Spectrogram 1	1	315.537925260	315.805710382	0.000	22050.000	SAT.NA_U.nest_NA
165	Waveform 1	1	315.821649972	316.146817620	0.000	22050.000	SAT.NA_U.nest_NA
165	Spectrogram 1	1	315.821649972	316.146817620	0.000	22050.000	SAT.NA_U.nest_NA
166	Waveform 1	1	316.159569292	316.446481923	0.000	22050.000	SAT.NA_U.nest_NA
166	Spectrogram 1	1	316.159569292	316.446481923	0.000	22050.000	SAT.NA_U.nest_NA
167	Waveform 1	1	316.487924858	316.803528752	0.000	22050.000	SAT.NA_U.nest_NA
167	Spectrogram 1	1	316.487924858	316.803528752	0.000	22050.000	SAT.NA_U.nest_NA
168	Waveform 1	1	317.441112375	317.845977975	0.000	22050.000	SAT.NA_U.nest_NA
168	Spectrogram 1	1	317.441112375	317.845977975	0.000	22050.000	SAT.NA_U.nest_NA
169	Waveform 1	1	335.331708839	335.640936896	0.000	22050.000	SAT.NA_U.nest_NA
169	Spectrogram 1	1	335.331708839	335.640936896	0.000	22050.000	SAT.NA_U.nest_NA
170	Waveform 1	1	335.679191914	335.892782427	0.000	22050.000	SAT.NA_U.nest_NA
170	Spectrogram 1	1	335.679191914	335.892782427	0.000	22050.000	SAT.NA_U.nest_NA
171	Waveform 1	1	335.905534100	336.058554170	0.000	22050.000	SAT.NA_U.nest_NA
171	Spectrogram 1	1	335.905534100	336.058554170	0.000	22050.000	SAT.NA_U.nest_NA
172	Waveform 1	1	336.112748777	336.304023864	0.000	22050.000	SAT.NA_U.nest_NA
172	Spectrogram 1	1	336.112748777	336.304023864	0.000	22050.000	SAT.NA_U.nest_NA
173	Waveform 1	1	336.329527209	336.610064003	0.000	22050.000	SAT.NA_U.nest_NA
173	Spectrogram 1	1	336.329527209	336.610064003	0.000	22050.000	SAT.NA_U.nest_NA
174	Waveform 1	1	336.654694857	336.928855815	0.000	22050.000	SAT.NA_U.nest_NA
174	Spectrogram 1	1	336.654694857	336.928855815	0.000	22050.000	SAT.NA_U.nest_NA
175	Waveform 1	1	342.064591899	342.549155453	0.000	22050.000	SAT.NA_U.nest_NA
175	Spectrogram 1	1	342.064591899	342.549155453	0.000	22050.000	SAT.NA_U.nest_NA
176	Waveform 1	1	343.416269180	343.881705225	0.000	22050.000	SAT.NA_U.nest_NA
176	Spectrogram 1	1	343.416269180	343.881705225	0.000	22050.000	SAT.NA_U.nest_NA
177	Waveform 1	1	344.439590895	344.796637724	0.000	22050.000	SAT.NA_U.nest_NA
177	Spectrogram 1	1	344.439590895	344.796637724	0.000	22050.000	SAT.NA_U.nest_NA
178	Waveform 1	1	347.235395083	347.417106415	0.000	22050.000	SAT.NA_U.nest_NA
178	Spectrogram 1	1	347.235395083	347.417106415	0.000	22050.000	SAT.NA_U.nest_NA
179	Waveform 1	1	347.439421842	347.777341162	0.000	22050.000	SAT.NA_U.nest_NA
179	Spectrogram 1	1	347.439421842	347.777341162	0.000	22050.000	SAT.NA_U.nest_NA
180	Waveform 1	1	348.682709907	349.097139262	0.000	22050.000	SAT.NA_U.nest_NA
180	Spectrogram 1	1	348.682709907	349.097139262	0.000	22050.000	SAT.NA_U.nest_NA
181	Waveform 1	1	351.220292727	351.507205357	0.000	22050.000	SAT.NA_U.nest_NA
181	Spectrogram 1	1	351.220292727	351.507205357	0.000	22050.000	SAT.NA_U.nest_NA
182	Waveform 1	1	351.529520784	351.730359625	0.000	22050.000	SAT.NA_U.nest_NA
182	Spectrogram 1	1	351.529520784	351.730359625	0.000	22050.000	SAT.NA_U.nest_NA
183	Waveform 1	1	352.030023928	352.227674851	0.000	22050.000	SAT.NA_U.nest_NA
183	Spectrogram 1	1	352.030023928	352.227674851	0.000	22050.000	SAT.NA_U.nest_NA
184	Waveform 1	1	359.920121264	360.344114374	0.000	22050.000	SAT.NA_U.nest_NA
184	Spectrogram 1	1	359.920121264	360.344114374	0.000	22050.000	SAT.NA_U.nest_NA
185	Waveform 1	1	360.366429800	360.713912875	0.000	22050.000	SAT.NA_U.nest_NA
185	Spectrogram 1	1	360.366429800	360.713912875	0.000	22050.000	SAT.NA_U.nest_NA
186	Waveform 1	1	360.937067143	361.424818615	0.000	22050.000	SAT.NA_U.nest_NA
186	Spectrogram 1	1	360.937067143	361.424818615	0.000	22050.000	SAT.NA_U.nest_NA
187	Waveform 1	1	361.765925853	362.263241079	0.000	22050.000	SAT.NA_U.nest_NA
187	Spectrogram 1	1	361.765925853	362.263241079	0.000	22050.000	SAT.NA_U.nest_NA
188	Waveform 1	1	362.502334938	362.996462246	0.000	22050.000	SAT.NA_U.nest_NA
188	Spectrogram 1	1	362.502334938	362.996462246	0.000	22050.000	SAT.NA_U.nest_NA
189	Waveform 1	1	363.751998839	364.124985259	0.000	22050.000	SAT.NA_U.nest_NA
189	Spectrogram 1	1	363.751998839	364.124985259	0.000	22050.000	SAT.NA_U.nest_NA
190	Waveform 1	1	367.644446858	368.294782154	0.000	22050.000	SAT.NA_U.nest_NA
190	Spectrogram 1	1	367.644446858	368.294782154	0.000	22050.000	SAT.NA_U.nest_NA
191	Waveform 1	1	368.352164680	368.814412807	0.000	22050.000	SAT.NA_U.nest_NA
191	Spectrogram 1	1	368.352164680	368.814412807	0.000	22050.000	SAT.NA_U.nest_NA
192	Waveform 1	1	369.926996229	370.453002718	0.000	22050.000	SAT.NA_U.nest_NA
192	Spectrogram 1	1	369.926996229	370.453002718	0.000	22050.000	SAT.NA_U.nest_NA
193	Waveform 1	1	374.112732715	374.437900362	0.000	22050.000	SAT.NA_U.nest_NA
193	Spectrogram 1	1	374.112732715	374.437900362	0.000	22050.000	SAT.NA_U.nest_NA
194	Waveform 1	1	374.479343298	374.673806303	0.000	22050.000	SAT.NA_U.nest_NA
194	Spectrogram 1	1	374.479343298	374.673806303	0.000	22050.000	SAT.NA_U.nest_NA
195	Waveform 1	1	375.904342696	376.318772051	0.000	22050.000	SAT.NA_U.nest_NA
195	Spectrogram 1	1	375.904342696	376.318772051	0.000	22050.000	SAT.NA_U.nest_NA
196	Waveform 1	1	376.372966659	376.647127616	0.000	22050.000	SAT.NA_U.nest_NA
196	Spectrogram 1	1	376.372966659	376.647127616	0.000	22050.000	SAT.NA_U.nest_NA
197	Waveform 1	1	377.931858617	378.257026265	0.000	22050.000	SAT.NA_U.nest_NA
197	Spectrogram 1	1	377.931858617	378.257026265	0.000	22050.000	SAT.NA_U.nest_NA
198	Waveform 1	1	381.757360356	382.276991008	0.000	22050.000	SAT.NA_U.nest_NA
198	Spectrogram 1	1	381.757360356	382.276991008	0.000	22050.000	SAT.NA_U.nest_NA
199	Waveform 1	1	384.432023655	384.900647618	0.000	22050.000	SAT.NA_U.nest_NA
199	Spectrogram 1	1	384.432023655	384.900647618	0.000	22050.000	SAT.NA_U.nest_NA
200	Waveform 1	1	385.809204280	386.223633636	0.000	22050.000	SAT.NA_U.nest_NA
200	Spectrogram 1	1	385.809204280	386.223633636	0.000	22050.000	SAT.NA_U.nest_NA
201	Waveform 1	1	387.282022450	387.454170028	0.000	22050.000	SAT.NA_U.nest_NA
201	Spectrogram 1	1	387.282022450	387.454170028	0.000	22050.000	SAT.NA_U.nest_NA
202	Waveform 1	1	387.492425045	387.846283956	0.000	22050.000	SAT.NA_U.nest_NA
202	Spectrogram 1	1	387.492425045	387.846283956	0.000	22050.000	SAT.NA_U.nest_NA
203	Waveform 1	1	387.881351056	388.139572423	0.000	22050.000	SAT.NA_U.nest_NA
203	Spectrogram 1	1	387.881351056	388.139572423	0.000	22050.000	SAT.NA_U.nest_NA
204	Waveform 1	1	388.177827440	388.388230036	0.000	22050.000	SAT.NA_U.nest_NA
204	Spectrogram 1	1	388.177827440	388.388230036	0.000	22050.000	SAT.NA_U.nest_NA
205	Waveform 1	1	388.404169627	388.681518503	0.000	22050.000	SAT.NA_U.nest_NA
205	Spectrogram 1	1	388.404169627	388.681518503	0.000	22050.000	SAT.NA_U.nest_NA
206	Waveform 1	1	388.761216455	388.930176116	0.000	22050.000	SAT.NA_U.nest_NA
206	Spectrogram 1	1	388.761216455	388.930176116	0.000	22050.000	SAT.NA_U.nest_NA
207	Waveform 1	1	388.942927788	389.255343763	0.000	22050.000	SAT.NA_U.nest_NA
207	Spectrogram 1	1	388.942927788	389.255343763	0.000	22050.000	SAT.NA_U.nest_NA
208	Waveform 1	1	390.358363431	390.607021044	0.000	22050.000	SAT.NA_U.nest_NA
208	Spectrogram 1	1	390.358363431	390.607021044	0.000	22050.000	SAT.NA_U.nest_NA
209	Waveform 1	1	390.654839816	390.858866576	0.000	22050.000	SAT.NA_U.nest_NA
209	Spectrogram 1	1	390.654839816	390.858866576	0.000	22050.000	SAT.NA_U.nest_NA
210	Waveform 1	1	392.369939762	392.803496626	0.000	22050.000	SAT.NA_U.nest_NA
210	Spectrogram 1	1	392.369939762	392.803496626	0.000	22050.000	SAT.NA_U.nest_NA
211	Waveform 1	1	430.558010868	431.176466983	0.000	22050.000	SAT.NA_U.nest_NA
211	Spectrogram 1	1	430.558010868	431.176466983	0.000	22050.000	SAT.NA_U.nest_NA
212	Waveform 1	1	431.450627941	431.947943167	0.000	22050.000	SAT.NA_U.nest_NA
212	Spectrogram 1	1	431.450627941	431.947943167	0.000	22050.000	SAT.NA_U.nest_NA
213	Waveform 1	1	432.129654499	432.489889246	0.000	22050.000	SAT.NA_U.nest_NA
213	Spectrogram 1	1	432.129654499	432.489889246	0.000	22050.000	SAT.NA_U.nest_NA
214	Waveform 1	1	448.050117568	448.343406035	0.000	22050.000	SAT.NA_U.nest_NA
214	Spectrogram 1	1	448.050117568	448.343406035	0.000	22050.000	SAT.NA_U.nest_NA
215	Waveform 1	1	448.786526653	449.178640581	0.000	22050.000	SAT.NA_U.nest_NA
215	Spectrogram 1	1	448.786526653	449.178640581	0.000	22050.000	SAT.NA_U.nest_NA
216	Waveform 1	1	450.399613219	450.731156703	0.000	22050.000	SAT.NA_U.nest_NA
216	Spectrogram 1	1	450.399613219	450.731156703	0.000	22050.000	SAT.NA_U.nest_NA
217	Waveform 1	1	451.381491999	451.779981763	0.000	22050.000	SAT.NA_U.nest_NA
217	Spectrogram 1	1	451.381491999	451.779981763	0.000	22050.000	SAT.NA_U.nest_NA
218	Waveform 1	1	453.138034881	453.402632084	0.000	22050.000	SAT.NA_U.nest_NA
218	Spectrogram 1	1	453.138034881	453.402632084	0.000	22050.000	SAT.NA_U.nest_NA
219	Waveform 1	1	453.409007920	453.619410516	0.000	22050.000	SAT.NA_U.nest_NA
219	Spectrogram 1	1	453.409007920	453.619410516	0.000	22050.000	SAT.NA_U.nest_NA
220	Waveform 1	1	453.833001030	454.209175367	0.000	22050.000	SAT.NA_U.nest_NA
220	Spectrogram 1	1	453.833001030	454.209175367	0.000	22050.000	SAT.NA_U.nest_NA
221	Waveform 1	1	455.554476812	455.860516951	0.000	22050.000	SAT.NA_U.nest_NA
221	Spectrogram 1	1	455.554476812	455.860516951	0.000	22050.000	SAT.NA_U.nest_NA
222	Waveform 1	1	455.873268624	456.163369172	0.000	22050.000	SAT.NA_U.nest_NA
222	Spectrogram 1	1	455.873268624	456.163369172	0.000	22050.000	SAT.NA_U.nest_NA
223	Waveform 1	1	456.182496681	456.520416001	0.000	22050.000	SAT.NA_U.nest_NA
223	Spectrogram 1	1	456.182496681	456.520416001	0.000	22050.000	SAT.NA_U.nest_NA
224	Waveform 1	1	457.132496279	457.543737716	0.000	22050.000	SAT.NA_U.nest_NA
224	Spectrogram 1	1	457.132496279	457.543737716	0.000	22050.000	SAT.NA_U.nest_NA
225	Waveform 1	1	458.296086391	458.541556086	0.000	22050.000	SAT.NA_U.nest_NA
225	Spectrogram 1	1	458.296086391	458.541556086	0.000	22050.000	SAT.NA_U.nest_NA
226	Waveform 1	1	458.560683595	458.997428377	0.000	22050.000	SAT.NA_U.nest_NA
226	Spectrogram 1	1	458.560683595	458.997428377	0.000	22050.000	SAT.NA_U.nest_NA
227	Waveform 1	1	459.284341007	459.775280397	0.000	22050.000	SAT.NA_U.nest_NA
227	Spectrogram 1	1	459.284341007	459.775280397	0.000	22050.000	SAT.NA_U.nest_NA
228	Waveform 1	1	460.333166067	460.881487983	0.000	22050.000	SAT.NA_U.nest_NA
228	Spectrogram 1	1	460.333166067	460.881487983	0.000	22050.000	SAT.NA_U.nest_NA
229	Waveform 1	1	461.005816790	461.464876998	0.000	22050.000	SAT.NA_U.nest_NA
229	Spectrogram 1	1	461.005816790	461.464876998	0.000	22050.000	SAT.NA_U.nest_NA
230	Waveform 1	1	462.089708949	462.663534210	0.000	22050.000	SAT.NA_U.nest_NA
230	Spectrogram 1	1	462.089708949	462.663534210	0.000	22050.000	SAT.NA_U.nest_NA
231	Waveform 1	1	467.945914527	468.548431051	0.000	22050.000	SAT.NA_U.nest_NA
231	Spectrogram 1	1	467.945914527	468.548431051	0.000	22050.000	SAT.NA_U.nest_NA
232	Waveform 1	1	468.663196103	469.230645528	0.000	22050.000	SAT.NA_U.nest_NA
232	Spectrogram 1	1	468.663196103	469.230645528	0.000	22050.000	SAT.NA_U.nest_NA
233	Waveform 1	1	469.472927305	470.021249220	0.000	22050.000	SAT.NA_U.nest_NA
233	Spectrogram 1	1	469.472927305	470.021249220	0.000	22050.000	SAT.NA_U.nest_NA
234	Waveform 1	1	470.636517417	471.184839333	0.000	22050.000	SAT.NA_U.nest_NA
234	Spectrogram 1	1	470.636517417	471.184839333	0.000	22050.000	SAT.NA_U.nest_NA
235	Waveform 1	1	472.122087259	472.711852110	0.000	22050.000	SAT.NA_U.nest_NA
235	Spectrogram 1	1	472.122087259	472.711852110	0.000	22050.000	SAT.NA_U.nest_NA
236	Waveform 1	1	473.677791299	474.082656900	0.000	22050.000	SAT.NA_U.nest_NA
236	Spectrogram 1	1	473.677791299	474.082656900	0.000	22050.000	SAT.NA_U.nest_NA
237	Waveform 1	1	475.635173022	476.180307020	0.000	22050.000	SAT.NA_U.nest_NA
237	Spectrogram 1	1	475.635173022	476.180307020	0.000	22050.000	SAT.NA_U.nest_NA
238	Waveform 1	1	484.755806750	485.304128666	0.000	22050.000	SAT.NA_U.nest_NA
238	Spectrogram 1	1	484.755806750	485.304128666	0.000	22050.000	SAT.NA_U.nest_NA
239	Waveform 1	1	486.206309493	486.834329362	0.000	22050.000	SAT.NA_U.nest_NA
239	Spectrogram 1	1	486.206309493	486.834329362	0.000	22050.000	SAT.NA_U.nest_NA
240	Waveform 1	1	488.380469648	488.880972792	0.000	22050.000	SAT.NA_U.nest_NA
240	Spectrogram 1	1	488.380469648	488.880972792	0.000	22050.000	SAT.NA_U.nest_NA
241	Waveform 1	1	488.982986172	489.406979281	0.000	22050.000	SAT.NA_U.nest_NA
241	Spectrogram 1	1	488.982986172	489.406979281	0.000	22050.000	SAT.NA_U.nest_NA
242	Waveform 1	1	489.681140239	490.086005840	0.000	22050.000	SAT.NA_U.nest_NA
242	Spectrogram 1	1	489.681140239	490.086005840	0.000	22050.000	SAT.NA_U.nest_NA
243	Waveform 1	1	490.108321266	490.385670142	0.000	22050.000	SAT.NA_U.nest_NA
243	Spectrogram 1	1	490.108321266	490.385670142	0.000	22050.000	SAT.NA_U.nest_NA
244	Waveform 1	1	490.509998949	490.844730351	0.000	22050.000	SAT.NA_U.nest_NA
244	Spectrogram 1	1	490.509998949	490.844730351	0.000	22050.000	SAT.NA_U.nest_NA
245	Waveform 1	1	490.997750421	491.329293905	0.000	22050.000	SAT.NA_U.nest_NA
245	Spectrogram 1	1	490.997750421	491.329293905	0.000	22050.000	SAT.NA_U.nest_NA
246	Waveform 1	1	491.651273634	492.043387562	0.000	22050.000	SAT.NA_U.nest_NA
246	Spectrogram 1	1	491.651273634	492.043387562	0.000	22050.000	SAT.NA_U.nest_NA
247	Waveform 1	1	492.103958007	492.400434391	0.000	22050.000	SAT.NA_U.nest_NA
247	Spectrogram 1	1	492.103958007	492.400434391	0.000	22050.000	SAT.NA_U.nest_NA
248	Waveform 1	1	493.101776377	493.497078223	0.000	22050.000	SAT.NA_U.nest_NA
248	Spectrogram 1	1	493.101776377	493.497078223	0.000	22050.000	SAT.NA_U.nest_NA
249	Waveform 1	1	493.838185462	494.150601437	0.000	22050.000	SAT.NA_U.nest_NA
249	Spectrogram 1	1	493.838185462	494.150601437	0.000	22050.000	SAT.NA_U.nest_NA
250	Waveform 1	1	494.160165191	494.415198640	0.000	22050.000	SAT.NA_U.nest_NA
250	Spectrogram 1	1	494.160165191	494.415198640	0.000	22050.000	SAT.NA_U.nest_NA
251	Waveform 1	1	494.443889903	494.705299189	0.000	22050.000	SAT.NA_U.nest_NA
251	Spectrogram 1	1	494.443889903	494.705299189	0.000	22050.000	SAT.NA_U.nest_NA
252	Waveform 1	1	494.724426698	495.008151410	0.000	22050.000	SAT.NA_U.nest_NA
252	Spectrogram 1	1	494.724426698	495.008151410	0.000	22050.000	SAT.NA_U.nest_NA
253	Waveform 1	1	495.017715164	495.295064040	0.000	22050.000	SAT.NA_U.nest_NA
253	Spectrogram 1	1	495.017715164	495.295064040	0.000	22050.000	SAT.NA_U.nest_NA
254	Waveform 1	1	495.307815713	495.607480016	0.000	22050.000	SAT.NA_U.nest_NA
254	Spectrogram 1	1	495.307815713	495.607480016	0.000	22050.000	SAT.NA_U.nest_NA
255	Waveform 1	1	495.626607524	495.929459745	0.000	22050.000	SAT.NA_U.nest_NA
255	Spectrogram 1	1	495.626607524	495.929459745	0.000	22050.000	SAT.NA_U.nest_NA
256	Waveform 1	1	495.945399336	496.245063639	0.000	22050.000	SAT.NA_U.nest_NA
256	Spectrogram 1	1	495.945399336	496.245063639	0.000	22050.000	SAT.NA_U.nest_NA
257	Waveform 1	1	496.261003229	496.573419205	0.000	22050.000	SAT.NA_U.nest_NA
257	Spectrogram 1	1	496.261003229	496.573419205	0.000	22050.000	SAT.NA_U.nest_NA
258	Waveform 1	1	496.774258046	497.233318255	0.000	22050.000	SAT.NA_U.nest_NA
258	Spectrogram 1	1	496.774258046	497.233318255	0.000	22050.000	SAT.NA_U.nest_NA
259	Waveform 1	1	497.657311364	498.138686999	0.000	22050.000	SAT.NA_U.nest_NA
259	Spectrogram 1	1	497.657311364	498.138686999	0.000	22050.000	SAT.NA_U.nest_NA
260	Waveform 1	1	498.881471920	499.276773767	0.000	22050.000	SAT.NA_U.nest_NA
260	Spectrogram 1	1	498.881471920	499.276773767	0.000	22050.000	SAT.NA_U.nest_NA
261	Waveform 1	1	499.958988243	500.424424288	0.000	22050.000	SAT.NA_U.nest_NA
261	Spectrogram 1	1	499.958988243	500.424424288	0.000	22050.000	SAT.NA_U.nest_NA
262	Waveform 1	1	501.511504366	501.951437066	0.000	22050.000	SAT.NA_U.nest_NA
262	Spectrogram 1	1	501.511504366	501.951437066	0.000	22050.000	SAT.NA_U.nest_NA
263	Waveform 1	1	502.063014200	502.487007309	0.000	22050.000	SAT.NA_U.nest_NA
263	Spectrogram 1	1	502.063014200	502.487007309	0.000	22050.000	SAT.NA_U.nest_NA
264	Waveform 1	1	502.640027379	503.022577552	0.000	22050.000	SAT.NA_U.nest_NA
264	Spectrogram 1	1	502.640027379	503.022577552	0.000	22050.000	SAT.NA_U.nest_NA
265	Waveform 1	1	503.102275505	503.373248545	0.000	22050.000	SAT.NA_U.nest_NA
265	Spectrogram 1	1	503.102275505	503.373248545	0.000	22050.000	SAT.NA_U.nest_NA
266	Waveform 1	1	504.116033466	504.661167464	0.000	22050.000	SAT.NA_U.nest_NA
266	Spectrogram 1	1	504.116033466	504.661167464	0.000	22050.000	SAT.NA_U.nest_NA
267	Waveform 1	1	505.646234161	505.980965564	0.000	22050.000	SAT.NA_U.nest_NA
267	Spectrogram 1	1	505.646234161	505.980965564	0.000	22050.000	SAT.NA_U.nest_NA
268	Waveform 1	1	506.835327619	507.383649534	0.000	22050.000	SAT.NA_U.nest_NA
268	Spectrogram 1	1	506.835327619	507.383649534	0.000	22050.000	SAT.NA_U.nest_NA
269	Waveform 1	1	510.157138295	510.641701848	0.000	22050.000	SAT.NA_U.nest_NA
269	Spectrogram 1	1	510.157138295	510.641701848	0.000	22050.000	SAT.NA_U.nest_NA
270	Waveform 1	1	517.218376921	517.747571328	0.000	22050.000	SAT.NA_U.nest_NA
270	Spectrogram 1	1	517.218376921	517.747571328	0.000	22050.000	SAT.NA_U.nest_NA
271	Waveform 1	1	520.165059344	520.480821547	0.000	22050.000	SAT.NA_U.nest_NA
271	Spectrogram 1	1	520.165059344	520.480821547	0.000	22050.000	SAT.NA_U.nest_NA
272	Waveform 1	1	520.502301969	520.946946703	0.000	22050.000	SAT.NA_U.nest_NA
272	Spectrogram 1	1	520.502301969	520.946946703	0.000	22050.000	SAT.NA_U.nest_NA
273	Waveform 1	1	520.966279083	521.325002130	0.000	22050.000	SAT.NA_U.nest_NA
273	Spectrogram 1	1	520.966279083	521.325002130	0.000	22050.000	SAT.NA_U.nest_NA
274	Waveform 1	1	580.257460938	580.737260263	0.000	22050.000	SAT.NA_leaving.nest_03
274	Spectrogram 1	1	580.257460938	580.737260263	0.000	22050.000	SAT.NA_leaving.nest_03
275	Waveform 1	1	580.795614235	581.029030122	0.000	22050.000	SAT.NA_leaving.nest_03
275	Spectrogram 1	1	580.795614235	581.029030122	0.000	22050.000	SAT.NA_leaving.nest_03
276	Waveform 1	1	581.032272009	581.298106770	0.000	22050.000	SAT.NA_leaving.nest_03
276	Spectrogram 1	1	581.032272009	581.298106770	0.000	22050.000	SAT.NA_leaving.nest_03
277	Waveform 1	1	581.359702630	581.706584574	0.000	22050.000	SAT.NA_leaving.nest_03
277	Spectrogram 1	1	581.359702630	581.706584574	0.000	22050.000	SAT.NA_leaving.nest_03
278	Waveform 1	1	581.797357419	582.102094828	0.000	22050.000	SAT.NA_leaving.nest_03
278	Spectrogram 1	1	581.797357419	582.102094828	0.000	22050.000	SAT.NA_leaving.nest_03
