Selection	View	Channel	Begin Time (s)	End Time (s)	Low Freq (Hz)	High Freq (Hz)	Annotation
1	Waveform 1	1	22.034842687	22.503938878	0.000	22050.000	NA_NA_U.06
1	Spectrogram 1	1	22.034842687	22.503938878	0.000	22050.000	NA_NA_U.06
2	Waveform 1	1	25.686186009	26.155282200	0.000	22050.000	NA_NA_U.06
2	Spectrogram 1	1	25.686186009	26.155282200	0.000	22050.000	NA_NA_U.06
3	Waveform 1	1	26.282064954	27.042761480	0.000	22050.000	NA_NA_U.06
3	Spectrogram 1	1	26.282064954	27.042761480	0.000	22050.000	NA_NA_U.06
4	Waveform 1	1	28.018988687	28.602189357	0.000	22050.000	NA_NA_U.06
4	Spectrogram 1	1	28.018988687	28.602189357	0.000	22050.000	NA_NA_U.06
5	Waveform 1	1	29.362885882	29.667164492	0.000	22050.000	NA_NA_U.06
5	Spectrogram 1	1	29.362885882	29.667164492	0.000	22050.000	NA_NA_U.06
6	Waveform 1	1	36.649166073	36.949000497	0.000	22050.000	NA_NA_U.06
6	Spectrogram 1	1	36.649166073	36.949000497	0.000	22050.000	NA_NA_U.06
7	Waveform 1	1	37.878921754	38.248283001	0.000	22050.000	NA_NA_U.06
7	Spectrogram 1	1	37.878921754	38.248283001	0.000	22050.000	NA_NA_U.06
8	Waveform 1	1	38.326500677	38.595917116	0.000	22050.000	NA_NA_U.06
8	Spectrogram 1	1	38.326500677	38.595917116	0.000	22050.000	NA_NA_U.06
9	Waveform 1	1	40.168961485	40.616540408	0.000	22050.000	NA_NA_U.06
9	Spectrogram 1	1	40.168961485	40.616540408	0.000	22050.000	NA_NA_U.06
10	Waveform 1	1	42.932652698	43.315050225	0.000	22050.000	NA_NA_U.06
10	Spectrogram 1	1	42.932652698	43.315050225	0.000	22050.000	NA_NA_U.06
11	Waveform 1	1	45.939687792	46.408993847	0.000	22050.000	NA_NA_U.06
11	Spectrogram 1	1	45.939687792	46.408993847	0.000	22050.000	NA_NA_U.06
12	Waveform 1	1	52.366573490	52.670753340	0.000	22050.000	
12	Spectrogram 1	1	52.366573490	52.670753340	0.000	22050.000	
13	Waveform 1	1	56.724239222	57.301903156	0.000	22050.000	
13	Spectrogram 1	1	56.724239222	57.301903156	0.000	22050.000	
14	Waveform 1	1	64.444452198	64.769037361	0.000	22050.000	
14	Spectrogram 1	1	64.444452198	64.769037361	0.000	22050.000	
15	Waveform 1	1	110.435209673	111.417927650	0.000	22050.000	
15	Spectrogram 1	1	110.435209673	111.417927650	0.000	22050.000	
16	Waveform 1	1	121.555439411	122.499365889	0.000	22050.000	
16	Spectrogram 1	1	121.555439411	122.499365889	0.000	22050.000	
17	Waveform 1	1	138.934031002	139.774513482	0.000	22050.000	
17	Spectrogram 1	1	138.934031002	139.774513482	0.000	22050.000	
18	Waveform 1	1	143.461720384	143.887948433	0.000	22050.000	
18	Spectrogram 1	1	143.461720384	143.887948433	0.000	22050.000	
19	Waveform 1	1	144.019847084	144.308070062	0.000	22050.000	
19	Spectrogram 1	1	144.019847084	144.308070062	0.000	22050.000	
20	Waveform 1	1	146.140344885	146.478867485	0.000	22050.000	
20	Spectrogram 1	1	146.140344885	146.478867485	0.000	22050.000	
21	Waveform 1	1	146.492684734	146.820844398	0.000	22050.000	
21	Spectrogram 1	1	146.492684734	146.820844398	0.000	22050.000	
22	Waveform 1	1	146.848478896	147.259542053	0.000	22050.000	
22	Spectrogram 1	1	146.848478896	147.259542053	0.000	22050.000	
23	Waveform 1	1	147.307902425	147.674059523	0.000	22050.000	
23	Spectrogram 1	1	147.307902425	147.674059523	0.000	22050.000	
24	Waveform 1	1	148.285472791	148.713807510	0.000	22050.000	SAT.NA_flight_NA
24	Spectrogram 1	1	148.285472791	148.713807510	0.000	22050.000	SAT.NA_flight_NA
25	Waveform 1	1	148.893431747	149.249225908	0.000	22050.000	
25	Spectrogram 1	1	148.893431747	149.249225908	0.000	22050.000	
26	Waveform 1	1	150.351151516	150.679311179	0.000	22050.000	
26	Spectrogram 1	1	150.351151516	150.679311179	0.000	22050.000	
27	Waveform 1	1	151.439259874	151.822688534	0.000	22050.000	
27	Spectrogram 1	1	151.439259874	151.822688534	0.000	22050.000	
28	Waveform 1	1	154.150894989	154.582684020	0.000	22050.000	
28	Spectrogram 1	1	154.150894989	154.582684020	0.000	22050.000	
29	Waveform 1	1	159.418721168	159.705429085	0.000	22050.000	
29	Spectrogram 1	1	159.418721168	159.705429085	0.000	22050.000	
30	Waveform 1	1	163.546624305	163.840240846	0.000	22050.000	
30	Spectrogram 1	1	163.546624305	163.840240846	0.000	22050.000	
31	Waveform 1	1	165.598485781	166.078635183	0.000	22050.000	
31	Spectrogram 1	1	165.598485781	166.078635183	0.000	22050.000	
32	Waveform 1	1	166.534604400	167.083840047	0.000	22050.000	
32	Spectrogram 1	1	166.534604400	167.083840047	0.000	22050.000	
33	Waveform 1	1	168.393024390	168.876628104	0.000	22050.000	
33	Spectrogram 1	1	168.393024390	168.876628104	0.000	22050.000	
34	Waveform 1	1	170.645235976	171.094296568	0.000	22050.000	
34	Spectrogram 1	1	170.645235976	171.094296568	0.000	22050.000	
35	Waveform 1	1	175.550359368	175.868156095	0.000	22050.000	
35	Spectrogram 1	1	175.550359368	175.868156095	0.000	22050.000	
36	Waveform 1	1	176.990807576	177.291332742	0.000	22050.000	
36	Spectrogram 1	1	176.990807576	177.291332742	0.000	22050.000	
37	Waveform 1	1	179.070303550	179.419189087	0.000	22050.000	
37	Spectrogram 1	1	179.070303550	179.419189087	0.000	22050.000	
38	Waveform 1	1	193.685498673	194.003295400	0.000	22050.000	
38	Spectrogram 1	1	193.685498673	194.003295400	0.000	22050.000	
39	Waveform 1	1	195.450652232	195.796083457	0.000	22050.000	
39	Spectrogram 1	1	195.450652232	195.796083457	0.000	22050.000	
40	Waveform 1	1	197.633777573	197.961937237	0.000	22050.000	
40	Spectrogram 1	1	197.633777573	197.961937237	0.000	22050.000	
41	Waveform 1	1	199.526740685	199.930895218	0.000	22050.000	
41	Spectrogram 1	1	199.526740685	199.930895218	0.000	22050.000	
42	Waveform 1	1	200.822107779	201.205536438	0.000	22050.000	
42	Spectrogram 1	1	200.822107779	201.205536438	0.000	22050.000	
43	Waveform 1	1	204.051889731	204.424955454	0.000	22050.000	
43	Spectrogram 1	1	204.051889731	204.424955454	0.000	22050.000	
44	Waveform 1	1	205.533789686	205.875766598	0.000	22050.000	
44	Spectrogram 1	1	205.533789686	205.875766598	0.000	22050.000	
45	Waveform 1	1	206.918968897	207.212585438	0.000	22050.000	
45	Spectrogram 1	1	206.918968897	207.212585438	0.000	22050.000	
46	Waveform 1	1	207.233311312	207.440570047	0.000	22050.000	
46	Spectrogram 1	1	207.233311312	207.440570047	0.000	22050.000	
47	Waveform 1	1	207.457841608	207.672008967	0.000	22050.000	
47	Spectrogram 1	1	207.457841608	207.672008967	0.000	22050.000	
48	Waveform 1	1	208.231607552	208.421594725	0.000	22050.000	
48	Spectrogram 1	1	208.231607552	208.421594725	0.000	22050.000	
49	Waveform 1	1	208.449229223	208.784297511	0.000	22050.000	
49	Spectrogram 1	1	208.449229223	208.784297511	0.000	22050.000	
50	Waveform 1	1	208.805023385	209.043370930	0.000	22050.000	
50	Spectrogram 1	1	208.805023385	209.043370930	0.000	22050.000	
51	Waveform 1	1	209.312807285	209.485522898	0.000	22050.000	
51	Spectrogram 1	1	209.312807285	209.485522898	0.000	22050.000	
52	Waveform 1	1	211.755006045	212.076257084	0.000	22050.000	
52	Spectrogram 1	1	211.755006045	212.076257084	0.000	22050.000	
53	Waveform 1	1	215.948541115	216.190342972	0.000	22050.000	
53	Spectrogram 1	1	215.948541115	216.190342972	0.000	22050.000	
54	Waveform 1	1	216.988289102	217.212819398	0.000	22050.000	
54	Spectrogram 1	1	216.988289102	217.212819398	0.000	22050.000	
55	Waveform 1	1	217.409715196	217.679151551	0.000	22050.000	
55	Spectrogram 1	1	217.409715196	217.679151551	0.000	22050.000	
56	Waveform 1	1	217.717148986	217.893318911	0.000	22050.000	
56	Spectrogram 1	1	217.717148986	217.893318911	0.000	22050.000	
57	Waveform 1	1	217.917499096	218.200752701	0.000	22050.000	
57	Spectrogram 1	1	217.917499096	218.200752701	0.000	22050.000	
58	Waveform 1	1	218.262930321	218.463280432	0.000	22050.000	
58	Spectrogram 1	1	218.262930321	218.463280432	0.000	22050.000	
59	Waveform 1	1	218.549638238	218.877797902	0.000	22050.000	
59	Spectrogram 1	1	218.549638238	218.877797902	0.000	22050.000	
60	Waveform 1	1	218.912341024	219.188686004	0.000	22050.000	
60	Spectrogram 1	1	218.912341024	219.188686004	0.000	22050.000	
61	Waveform 1	1	219.288861059	219.665381094	0.000	22050.000	
61	Spectrogram 1	1	219.288861059	219.665381094	0.000	22050.000	
62	Waveform 1	1	220.933113689	221.319996661	0.000	22050.000	
62	Spectrogram 1	1	220.933113689	221.319996661	0.000	22050.000	
63	Waveform 1	1	226.411599067	226.800307423	0.000	22050.000	SAT.NA_U.take.off_NA
63	Spectrogram 1	1	226.411599067	226.800307423	0.000	22050.000	SAT.NA_U.take.off_NA
64	Waveform 1	1	227.278717706	227.889545121	0.000	22050.000	SAT.NA_U.take.off_NA
64	Spectrogram 1	1	227.278717706	227.889545121	0.000	22050.000	SAT.NA_U.take.off_NA
65	Waveform 1	1	228.203973941	228.525918474	0.000	22050.000	SAT.NA_U.take.off_NA
65	Spectrogram 1	1	228.203973941	228.525918474	0.000	22050.000	SAT.NA_U.take.off_NA
66	Waveform 1	1	228.540018235	228.749164683	0.000	22050.000	SAT.NA_U.take.off_NA
66	Spectrogram 1	1	228.540018235	228.749164683	0.000	22050.000	SAT.NA_U.take.off_NA
67	Waveform 1	1	228.763264444	229.085208977	0.000	22050.000	SAT.NA_U.take.off_NA
67	Spectrogram 1	1	228.763264444	229.085208977	0.000	22050.000	SAT.NA_U.take.off_NA
68	Waveform 1	1	229.249706184	229.571650717	0.000	22050.000	SAT.NA_U.take.off_NA
68	Spectrogram 1	1	229.249706184	229.571650717	0.000	22050.000	SAT.NA_U.take.off_NA
69	Waveform 1	1	229.611600039	229.957044173	0.000	22050.000	SAT.NA_U.take.off_NA
69	Spectrogram 1	1	229.611600039	229.957044173	0.000	22050.000	SAT.NA_U.take.off_NA
70	Waveform 1	1	230.008743295	230.311888147	0.000	22050.000	SAT.NA_U.take.off_NA
70	Spectrogram 1	1	230.008743295	230.311888147	0.000	22050.000	SAT.NA_U.take.off_NA
71	Waveform 1	1	255.167416081	255.675007461	0.000	22050.000	
71	Spectrogram 1	1	255.167416081	255.675007461	0.000	22050.000	
72	Waveform 1	1	260.478325897	260.800270430	0.000	22050.000	SAT.01_NA_NA
72	Spectrogram 1	1	260.478325897	260.800270430	0.000	22050.000	SAT.01_NA_NA
73	Waveform 1	1	260.826119991	261.251462769	0.000	22050.000	SAT.01_NA_NA
73	Spectrogram 1	1	260.826119991	261.251462769	0.000	22050.000	SAT.01_NA_NA
74	Waveform 1	1	315.067898923	315.380443616	0.000	22050.000	
74	Spectrogram 1	1	315.067898923	315.380443616	0.000	22050.000	
75	Waveform 1	1	327.283080740	327.764916375	0.000	22050.000	
75	Spectrogram 1	1	327.283080740	327.764916375	0.000	22050.000	
76	Waveform 1	1	329.903796511	330.448309952	0.000	22050.000	
76	Spectrogram 1	1	329.903796511	330.448309952	0.000	22050.000	
77	Waveform 1	1	346.953906775	347.490299412	0.000	22050.000	
77	Spectrogram 1	1	346.953906775	347.490299412	0.000	22050.000	
78	Waveform 1	1	363.928834487	364.634673157	0.000	22050.000	
78	Spectrogram 1	1	363.928834487	364.634673157	0.000	22050.000	
79	Waveform 1	1	378.613524046	379.011065366	0.000	22050.000	
79	Spectrogram 1	1	378.613524046	379.011065366	0.000	22050.000	
