Selection	View	Channel	Begin Time (s)	End Time (s)	Low Freq (Hz)	High Freq (Hz)	Annotation
1	Waveform 1	1	7.236618810	7.474849591	0.000	22050.000	
1	Spectrogram 1	1	7.236618810	7.474849591	0.000	22050.000	
2	Waveform 1	1	9.444788387	9.686647048	0.000	22050.000	
2	Spectrogram 1	1	9.444788387	9.686647048	0.000	22050.000	
3	Waveform 1	1	11.149891948	11.325239477	0.000	22050.000	
3	Spectrogram 1	1	11.149891948	11.325239477	0.000	22050.000	
4	Waveform 1	1	12.476486704	12.746159111	0.000	22050.000	
4	Spectrogram 1	1	12.476486704	12.746159111	0.000	22050.000	
5	Waveform 1	1	14.298891716	14.540750377	0.000	22050.000	
5	Spectrogram 1	1	14.298891716	14.540750377	0.000	22050.000	
6	Waveform 1	1	17.117754412	17.355985193	0.000	22050.000	
6	Spectrogram 1	1	17.117754412	17.355985193	0.000	22050.000	
7	Waveform 1	1	20.474752629	20.706936943	0.000	22050.000	
7	Spectrogram 1	1	20.474752629	20.706936943	0.000	22050.000	
8	Waveform 1	1	25.109973870	25.363925464	0.000	22050.000	
8	Spectrogram 1	1	25.109973870	25.363925464	0.000	22050.000	
9	Waveform 1	1	25.582807552	25.742434268	0.000	22050.000	
9	Spectrogram 1	1	25.582807552	25.742434268	0.000	22050.000	
10	Waveform 1	1	25.877875119	26.073780634	0.000	22050.000	
10	Spectrogram 1	1	25.877875119	26.073780634	0.000	22050.000	
11	Waveform 1	1	27.688187197	27.898604233	0.000	22050.000	
11	Spectrogram 1	1	27.688187197	27.898604233	0.000	22050.000	
12	Waveform 1	1	41.639804066	41.915522940	0.000	22050.000	
12	Spectrogram 1	1	41.639804066	41.915522940	0.000	22050.000	
13	Waveform 1	1	45.391031901	45.571216603	0.000	22050.000	
13	Spectrogram 1	1	45.391031901	45.571216603	0.000	22050.000	
14	Waveform 1	1	50.004485862	50.183461272	0.000	22050.000	
14	Spectrogram 1	1	50.004485862	50.183461272	0.000	22050.000	
15	Waveform 1	1	50.187089152	50.373320321	0.000	22050.000	
15	Spectrogram 1	1	50.187089152	50.373320321	0.000	22050.000	
16	Waveform 1	1	82.711443711	83.050063112	0.000	22050.000	
16	Spectrogram 1	1	82.711443711	83.050063112	0.000	22050.000	
17	Waveform 1	1	91.265859079	91.727612807	0.000	22050.000	
17	Spectrogram 1	1	91.265859079	91.727612807	0.000	22050.000	
18	Waveform 1	1	99.560324199	99.878421212	0.000	22050.000	
18	Spectrogram 1	1	99.560324199	99.878421212	0.000	22050.000	
19	Waveform 1	1	101.865672443	102.129043088	0.000	22050.000	
19	Spectrogram 1	1	101.865672443	102.129043088	0.000	22050.000	
20	Waveform 1	1	102.248757018	102.529229653	0.000	22050.000	
20	Spectrogram 1	1	102.248757018	102.529229653	0.000	22050.000	
21	Waveform 1	1	104.954291826	105.234764461	0.000	22050.000	
21	Spectrogram 1	1	104.954291826	105.234764461	0.000	22050.000	
22	Waveform 1	1	106.585821666	106.886816689	0.000	22050.000	
22	Spectrogram 1	1	106.585821666	106.886816689	0.000	22050.000	
23	Waveform 1	1	108.805659961	109.120336575	0.000	22050.000	
23	Spectrogram 1	1	108.805659961	109.120336575	0.000	22050.000	
24	Waveform 1	1	109.694963437	110.006219654	0.000	22050.000	
24	Spectrogram 1	1	109.694963437	110.006219654	0.000	22050.000	
25	Waveform 1	1	112.157649989	112.451804216	0.000	22050.000	
25	Spectrogram 1	1	112.157649989	112.451804216	0.000	22050.000	
26	Waveform 1	1	115.742227080	116.002177327	0.000	22050.000	
26	Spectrogram 1	1	115.742227080	116.002177327	0.000	22050.000	
27	Waveform 1	1	120.609453417	120.879664858	0.000	22050.000	
27	Spectrogram 1	1	120.609453417	120.879664858	0.000	22050.000	
28	Waveform 1	1	124.269279264	124.604478266	0.000	22050.000	
28	Spectrogram 1	1	124.269279264	124.604478266	0.000	22050.000	
29	Waveform 1	1	126.365983230	126.649876263	0.000	22050.000	
29	Spectrogram 1	1	126.365983230	126.649876263	0.000	22050.000	
30	Waveform 1	1	131.075871259	131.346082700	0.000	22050.000	
30	Spectrogram 1	1	131.075871259	131.346082700	0.000	22050.000	
31	Waveform 1	1	137.304415995	137.619092610	0.000	22050.000	
31	Spectrogram 1	1	137.304415995	137.619092610	0.000	22050.000	
32	Waveform 1	1	143.180659738	143.467973169	0.000	22050.000	
32	Spectrogram 1	1	143.180659738	143.467973169	0.000	22050.000	
33	Waveform 1	1	148.735386071	149.067164675	0.000	22050.000	
33	Spectrogram 1	1	148.735386071	149.067164675	0.000	22050.000	
34	Waveform 1	1	154.238806433	154.563744242	0.000	22050.000	
34	Spectrogram 1	1	154.238806433	154.563744242	0.000	22050.000	
35	Waveform 1	1	155.559080056	155.839552691	0.000	22050.000	
35	Spectrogram 1	1	155.559080056	155.839552691	0.000	22050.000	
36	Waveform 1	1	169.601523995	169.798196880	0.000	22050.000	
36	Spectrogram 1	1	169.601523995	169.798196880	0.000	22050.000	
37	Waveform 1	1	169.871735436	170.056436928	0.000	22050.000	
37	Spectrogram 1	1	169.871735436	170.056436928	0.000	22050.000	
38	Waveform 1	1	194.895367115	195.109141990	0.000	22050.000	
38	Spectrogram 1	1	194.895367115	195.109141990	0.000	22050.000	
39	Waveform 1	1	195.115982786	195.321206665	0.000	22050.000	
39	Spectrogram 1	1	195.115982786	195.321206665	0.000	22050.000	
40	Waveform 1	1	197.387127050	197.640236501	0.000	22050.000	
40	Spectrogram 1	1	197.387127050	197.640236501	0.000	22050.000	
41	Waveform 1	1	198.760416842	199.030628283	0.000	22050.000	
41	Spectrogram 1	1	198.760416842	199.030628283	0.000	22050.000	
42	Waveform 1	1	201.836027280	202.064633672	0.000	22050.000	
42	Spectrogram 1	1	201.836027280	202.064633672	0.000	22050.000	
43	Waveform 1	1	205.726104002	206.017427710	0.000	22050.000	
43	Spectrogram 1	1	205.726104002	206.017427710	0.000	22050.000	
44	Waveform 1	1	246.493659403	246.745903101	0.000	22050.000	
44	Spectrogram 1	1	246.493659403	246.745903101	0.000	22050.000	
45	Waveform 1	1	247.662506961	247.950277940	0.000	22050.000	
45	Spectrogram 1	1	247.662506961	247.950277940	0.000	22050.000	
46	Waveform 1	1	248.095939794	248.270023473	0.000	22050.000	
46	Spectrogram 1	1	248.095939794	248.270023473	0.000	22050.000	
47	Waveform 1	1	250.017965718	250.327053066	0.000	22050.000	
47	Spectrogram 1	1	250.017965718	250.327053066	0.000	22050.000	
48	Waveform 1	1	252.845937317	253.091075558	0.000	22050.000	
48	Spectrogram 1	1	252.845937317	253.091075558	0.000	22050.000	
49	Waveform 1	1	259.326113443	259.596120782	0.000	22050.000	
49	Spectrogram 1	1	259.326113443	259.596120782	0.000	22050.000	
50	Waveform 1	1	261.397353948	261.656703103	0.000	22050.000	SAT,01_perched_NA
50	Spectrogram 1	1	261.397353948	261.656703103	0.000	22050.000	SAT,01_perched_NA
51	Waveform 1	1	264.875474797	265.102849398	0.000	22050.000	SAT,01_perched_NA
51	Spectrogram 1	1	264.875474797	265.102849398	0.000	22050.000	SAT,01_perched_NA
52	Waveform 1	1	266.666049779	266.918293477	0.000	22050.000	SAT,01_perched_NA
52	Spectrogram 1	1	266.666049779	266.918293477	0.000	22050.000	SAT,01_perched_NA
53	Waveform 1	1	269.401650447	269.671657785	0.000	22050.000	SAT,01_perched_NA
53	Spectrogram 1	1	269.401650447	269.671657785	0.000	22050.000	SAT,01_perched_NA
54	Waveform 1	1	274.954564529	275.206808227	0.000	22050.000	SAT,01_perched_NA
54	Spectrogram 1	1	274.954564529	275.206808227	0.000	22050.000	SAT,01_perched_NA
55	Waveform 1	1	276.595924929	276.883695908	0.000	22050.000	SAT,01_perched_NA
55	Spectrogram 1	1	276.595924929	276.883695908	0.000	22050.000	SAT,01_perched_NA
56	Waveform 1	1	285.815254451	286.095919974	0.000	22050.000	SAT,01_perched_NA
56	Spectrogram 1	1	285.815254451	286.095919974	0.000	22050.000	SAT,01_perched_NA
57	Waveform 1	1	292.185296005	292.473066985	0.000	22050.000	SAT,01_perched_NA
57	Spectrogram 1	1	292.185296005	292.473066985	0.000	22050.000	SAT,01_perched_NA
58	Waveform 1	1	300.068799747	300.324596173	0.000	22050.000	SAT,01_perched_NA
58	Spectrogram 1	1	300.068799747	300.324596173	0.000	22050.000	SAT,01_perched_NA
59	Waveform 1	1	302.498865794	302.747556764	0.000	22050.000	SAT,01_perched_NA
59	Spectrogram 1	1	302.498865794	302.747556764	0.000	22050.000	SAT,01_perched_NA
60	Waveform 1	1	308.776536417	309.057201940	0.000	22050.000	SAT,01_perched_NA
60	Spectrogram 1	1	308.776536417	309.057201940	0.000	22050.000	SAT,01_perched_NA
61	Waveform 1	1	312.194260887	312.464268226	0.000	22050.000	SAT,01_perched_NA
61	Spectrogram 1	1	312.194260887	312.464268226	0.000	22050.000	SAT,01_perched_NA
62	Waveform 1	1	315.899756336	316.187527316	0.000	22050.000	SAT,01_perched_NA
62	Spectrogram 1	1	315.899756336	316.187527316	0.000	22050.000	SAT,01_perched_NA
63	Waveform 1	1	326.444253454	326.717813521	0.000	22050.000	SAT,01_perched_NA
63	Spectrogram 1	1	326.444253454	326.717813521	0.000	22050.000	SAT,01_perched_NA
64	Waveform 1	1	332.697054980	332.984825959	0.000	22050.000	SAT,01_perched_NA
64	Spectrogram 1	1	332.697054980	332.984825959	0.000	22050.000	SAT,01_perched_NA
65	Waveform 1	1	349.238557197	349.505011808	0.000	22050.000	SAT,01_perched_NA
65	Spectrogram 1	1	349.238557197	349.505011808	0.000	22050.000	SAT,01_perched_NA
66	Waveform 1	1	364.618317313	364.895430108	0.000	22050.000	SAT,01_perched_NA
66	Spectrogram 1	1	364.618317313	364.895430108	0.000	22050.000	SAT,01_perched_NA
67	Waveform 1	1	382.335772545	382.634201709	0.000	22050.000	SAT,01_perched_NA
67	Spectrogram 1	1	382.335772545	382.634201709	0.000	22050.000	SAT,01_perched_NA
68	Waveform 1	1	396.759848791	397.399339857	0.000	22050.000	
68	Spectrogram 1	1	396.759848791	397.399339857	0.000	22050.000	
69	Waveform 1	1	425.648255561	425.883531939	0.000	22050.000	SAT.NA_take.off_02
69	Spectrogram 1	1	425.648255561	425.883531939	0.000	22050.000	SAT.NA_take.off_02
70	Waveform 1	1	425.901355907	426.197233777	0.000	22050.000	SAT.NA_take.off_02
70	Spectrogram 1	1	425.901355907	426.197233777	0.000	22050.000	SAT.NA_take.off_02
71	Waveform 1	1	426.806813484	427.034960275	0.000	22050.000	SAT.NA_take.off_02
71	Spectrogram 1	1	426.806813484	427.034960275	0.000	22050.000	SAT.NA_take.off_02
72	Waveform 1	1	427.045654656	427.316578970	0.000	22050.000	SAT.NA_take.off_02
72	Spectrogram 1	1	427.045654656	427.316578970	0.000	22050.000	SAT.NA_take.off_02
73	Waveform 1	1	427.516207413	427.837038838	0.000	22050.000	SAT.NA_take.off_02
73	Spectrogram 1	1	427.516207413	427.837038838	0.000	22050.000	SAT.NA_take.off_02
74	Waveform 1	1	428.001019344	428.289767626	0.000	22050.000	SAT.NA_take.off_02
74	Spectrogram 1	1	428.001019344	428.289767626	0.000	22050.000	SAT.NA_take.off_02
75	Waveform 1	1	428.860134604	429.188095616	0.000	22050.000	SAT.NA_take.off_02
75	Spectrogram 1	1	428.860134604	429.188095616	0.000	22050.000	SAT.NA_take.off_02
76	Waveform 1	1	482.140866903	482.639938009	0.000	22050.000	SAT.U02_perched_NA
76	Spectrogram 1	1	482.140866903	482.639938009	0.000	22050.000	SAT.U02_perched_NA
77	Waveform 1	1	484.636222431	484.992701792	0.000	22050.000	SAT.U02_perched_NA
77	Spectrogram 1	1	484.636222431	484.992701792	0.000	22050.000	SAT.U02_perched_NA
78	Waveform 1	1	486.632506853	487.017504563	0.000	22050.000	SAT.U02_perched_NA
78	Spectrogram 1	1	486.632506853	487.017504563	0.000	22050.000	SAT.U02_perched_NA
79	Waveform 1	1	490.568038999	491.010073407	0.000	22050.000	SAT.U02_perched_NA
79	Spectrogram 1	1	490.568038999	491.010073407	0.000	22050.000	SAT.U02_perched_NA
80	Waveform 1	1	493.804871598	494.175610133	0.000	22050.000	SAT.U02_perched_NA
80	Spectrogram 1	1	493.804871598	494.175610133	0.000	22050.000	SAT.U02_perched_NA
83	Waveform 1	1	511.888412648	512.259151183	0.000	22050.000	SAT.U02_perched_NA
83	Spectrogram 1	1	511.888412648	512.259151183	0.000	22050.000	SAT.U02_perched_NA
84	Waveform 1	1	518.447632892	518.818371427	0.000	22050.000	SAT.U02_perched_NA
84	Spectrogram 1	1	518.447632892	518.818371427	0.000	22050.000	SAT.U02_perched_NA
85	Waveform 1	1	602.705094675	603.090092385	0.000	22050.000	SAT.U02_perched_NA
85	Spectrogram 1	1	602.705094675	603.090092385	0.000	22050.000	SAT.U02_perched_NA
86	Waveform 1	1	610.176902083	610.647454840	0.000	22050.000	SAT.U02_perched_NA
86	Spectrogram 1	1	610.176902083	610.647454840	0.000	22050.000	SAT.U02_perched_NA
87	Waveform 1	1	622.282941186	622.767753117	0.000	22050.000	SAT.U02_perched_NA
87	Spectrogram 1	1	622.282941186	622.767753117	0.000	22050.000	SAT.U02_perched_NA
88	Waveform 1	1	631.308998608	631.736773841	0.000	22050.000	SAT.U02_perched_NA
88	Spectrogram 1	1	631.308998608	631.736773841	0.000	22050.000	SAT.U02_perched_NA
89	Waveform 1	1	682.114437149	682.470916510	0.000	22050.000	SAT.U02_perched_NA
89	Spectrogram 1	1	682.114437149	682.470916510	0.000	22050.000	SAT.U02_perched_NA
90	Waveform 1	1	766.728378293	767.113376003	0.000	22050.000	SAT.U02_perched_NA
90	Spectrogram 1	1	766.728378293	767.113376003	0.000	22050.000	SAT.U02_perched_NA
91	Waveform 1	1	768.068740691	768.624848494	0.000	22050.000	SAT.U02_perched_NA
91	Spectrogram 1	1	768.068740691	768.624848494	0.000	22050.000	SAT.U02_perched_NA
92	Waveform 1	1	769.551694833	769.993729241	0.000	22050.000	SAT.U02_perched_NA
92	Spectrogram 1	1	769.551694833	769.993729241	0.000	22050.000	SAT.U02_perched_NA
93	Waveform 1	1	772.317974675	772.731490734	0.000	22050.000	SAT.U02_perched_NA
93	Spectrogram 1	1	772.317974675	772.731490734	0.000	22050.000	SAT.U02_perched_NA
94	Waveform 1	1	774.799071028	775.255364610	0.000	22050.000	SAT.U02_perched_NA
94	Spectrogram 1	1	774.799071028	775.255364610	0.000	22050.000	SAT.U02_perched_NA
95	Waveform 1	1	782.898282112	783.340316520	0.000	22050.000	SAT.U02_perched_NA
95	Spectrogram 1	1	782.898282112	783.340316520	0.000	22050.000	SAT.U02_perched_NA
96	Waveform 1	1	802.593766811	802.846867158	0.000	22050.000	SAT.U02_perched_NA
96	Spectrogram 1	1	802.593766811	802.846867158	0.000	22050.000	SAT.U02_perched_NA
97	Waveform 1	1	803.427928516	803.716676799	0.000	22050.000	SAT.U02_perched_NA
97	Spectrogram 1	1	803.427928516	803.716676799	0.000	22050.000	SAT.U02_perched_NA
