Selection	View	Channel	Begin Time (s)	End Time (s)	Low Freq (Hz)	High Freq (Hz)	Annotation
1	Waveform 1	1	5.365241937	5.661116675	0.000	22050.000	
1	Spectrogram 1	1	5.365241937	5.661116675	0.000	22050.000	
2	Waveform 1	1	5.745652315	6.060312751	0.000	22050.000	
2	Spectrogram 1	1	5.745652315	6.060312751	0.000	22050.000	
3	Waveform 1	1	6.060312751	6.215294756	0.000	22050.000	
3	Spectrogram 1	1	6.060312751	6.215294756	0.000	22050.000	
4	Waveform 1	1	43.623144957	43.848573328	0.000	22050.000	
4	Spectrogram 1	1	43.623144957	43.848573328	0.000	22050.000	
5	Waveform 1	1	44.529554869	44.783161787	0.000	22050.000	
5	Spectrogram 1	1	44.529554869	44.783161787	0.000	22050.000	
6	Waveform 1	1	45.398393385	45.572161089	0.000	22050.000	
6	Spectrogram 1	1	45.398393385	45.572161089	0.000	22050.000	
7	Waveform 1	1	46.084071350	46.337678268	0.000	22050.000	
7	Spectrogram 1	1	46.084071350	46.337678268	0.000	22050.000	
8	Waveform 1	1	183.816424510	184.051245731	0.000	22050.000	
8	Spectrogram 1	1	183.816424510	184.051245731	0.000	22050.000	
9	Waveform 1	1	184.323638347	184.553763143	0.000	22050.000	
9	Spectrogram 1	1	184.323638347	184.553763143	0.000	22050.000	
10	Waveform 1	1	186.042529683	186.296136601	0.000	22050.000	
10	Spectrogram 1	1	186.042529683	186.296136601	0.000	22050.000	
11	Waveform 1	1	186.296136601	186.540350671	0.000	22050.000	
11	Spectrogram 1	1	186.296136601	186.540350671	0.000	22050.000	
12	Waveform 1	1	187.024082386	187.291778577	0.000	22050.000	
12	Spectrogram 1	1	187.024082386	187.291778577	0.000	22050.000	
13	Waveform 1	1	187.490953658	187.735167728	0.000	22050.000	
13	Spectrogram 1	1	187.490953658	187.735167728	0.000	22050.000	
14	Waveform 1	1	187.735167728	188.049828163	0.000	22050.000	
14	Spectrogram 1	1	187.735167728	188.049828163	0.000	22050.000	
15	Waveform 1	1	188.881095285	189.247416389	0.000	22050.000	
15	Spectrogram 1	1	188.881095285	189.247416389	0.000	22050.000	
16	Waveform 1	1	247.819997410	248.191014939	0.000	22050.000	
16	Spectrogram 1	1	247.819997410	248.191014939	0.000	22050.000	
17	Waveform 1	1	279.254840980	279.607072811	0.000	22050.000	
17	Spectrogram 1	1	279.254840980	279.607072811	0.000	22050.000	
18	Waveform 1	1	292.159165135	292.370504233	0.000	22050.000	
18	Spectrogram 1	1	292.159165135	292.370504233	0.000	22050.000	
19	Waveform 1	1	292.530182664	292.755611035	0.000	22050.000	
19	Spectrogram 1	1	292.530182664	292.755611035	0.000	22050.000	
20	Waveform 1	1	292.981039407	293.159503535	0.000	22050.000	
20	Spectrogram 1	1	292.981039407	293.159503535	0.000	22050.000	
21	Waveform 1	1	293.370842634	293.633842401	0.000	22050.000	
21	Spectrogram 1	1	293.370842634	293.633842401	0.000	22050.000	
22	Waveform 1	1	293.765342285	293.990770657	0.000	22050.000	
22	Spectrogram 1	1	293.765342285	293.990770657	0.000	22050.000	
23	Waveform 1	1	294.239681151	294.497984493	0.000	22050.000	
23	Spectrogram 1	1	294.239681151	294.497984493	0.000	22050.000	
24	Waveform 1	1	322.124028551	322.344760498	0.000	22050.000	
24	Spectrogram 1	1	322.124028551	322.344760498	0.000	22050.000	
25	Waveform 1	1	322.396421167	322.593670992	0.000	22050.000	
25	Spectrogram 1	1	322.396421167	322.593670992	0.000	22050.000	
26	Waveform 1	1	322.758045847	322.945902823	0.000	22050.000	
26	Spectrogram 1	1	322.758045847	322.945902823	0.000	22050.000	
27	Waveform 1	1	322.988170643	323.143152649	0.000	22050.000	
27	Spectrogram 1	1	322.988170643	323.143152649	0.000	22050.000	
28	Waveform 1	1	323.246473986	323.392063143	0.000	22050.000	
28	Spectrogram 1	1	323.246473986	323.392063143	0.000	22050.000	
29	Waveform 1	1	325.829507414	326.397774768	0.000	22050.000	
29	Spectrogram 1	1	325.829507414	326.397774768	0.000	22050.000	
30	Waveform 1	1	334.819663587	335.153109721	0.000	22050.000	
30	Spectrogram 1	1	334.819663587	335.153109721	0.000	22050.000	
31	Waveform 1	1	377.341436940	377.660793800	0.000	22050.000	
31	Spectrogram 1	1	377.341436940	377.660793800	0.000	22050.000	
32	Waveform 1	1	378.656435776	378.895953421	0.000	22050.000	
32	Spectrogram 1	1	378.656435776	378.895953421	0.000	22050.000	
33	Waveform 1	1	381.948266757	382.328677134	0.000	22050.000	
33	Spectrogram 1	1	381.948266757	382.328677134	0.000	22050.000	
34	Waveform 1	1	387.001136048	387.207778722	0.000	22050.000	
34	Spectrogram 1	1	387.001136048	387.207778722	0.000	22050.000	
35	Waveform 1	1	395.606427452	395.817766551	0.000	22050.000	NA_NA_08
35	Spectrogram 1	1	395.606427452	395.817766551	0.000	22050.000	NA_NA_08
36	Waveform 1	1	396.508140940	396.700694341	0.000	22050.000	NA_NA_08
36	Spectrogram 1	1	396.508140940	396.700694341	0.000	22050.000	NA_NA_08
37	Waveform 1	1	396.771140707	396.968390533	0.000	22050.000	NA_NA_08
37	Spectrogram 1	1	396.771140707	396.968390533	0.000	22050.000	NA_NA_08
38	Waveform 1	1	403.427536824	403.685840167	0.000	22050.000	NA_NA_08
38	Spectrogram 1	1	403.427536824	403.685840167	0.000	22050.000	NA_NA_08
39	Waveform 1	1	403.685840167	403.906572115	0.000	22050.000	NA_NA_08
39	Spectrogram 1	1	403.685840167	403.906572115	0.000	22050.000	NA_NA_08
40	Waveform 1	1	403.906572115	404.150786184	0.000	22050.000	NA_NA_08
40	Spectrogram 1	1	403.906572115	404.150786184	0.000	22050.000	NA_NA_08
41	Waveform 1	1	404.150786184	404.362125283	0.000	22050.000	NA_NA_08
41	Spectrogram 1	1	404.150786184	404.362125283	0.000	22050.000	NA_NA_08
42	Waveform 1	1	416.611600344	416.808850169	0.000	22050.000	sqs.01_perched_08
42	Spectrogram 1	1	416.611600344	416.808850169	0.000	22050.000	sqs.01_perched_08
43	Waveform 1	1	416.846421565	417.029582117	0.000	22050.000	sqs.01_perched_08
43	Spectrogram 1	1	416.846421565	417.029582117	0.000	22050.000	sqs.01_perched_08
44	Waveform 1	1	417.029582117	417.264403337	0.000	22050.000	sqs.01_perched_08
44	Spectrogram 1	1	417.029582117	417.264403337	0.000	22050.000	sqs.01_perched_08
46	Waveform 1	1	445.592562544	445.841473038	0.000	22050.000	
46	Spectrogram 1	1	445.592562544	445.841473038	0.000	22050.000	
47	Waveform 1	1	465.754546329	465.965885428	0.000	22050.000	
47	Spectrogram 1	1	465.754546329	465.965885428	0.000	22050.000	
48	Waveform 1	1	465.965885428	466.191313800	0.000	22050.000	
48	Spectrogram 1	1	465.965885428	466.191313800	0.000	22050.000	
49	Waveform 1	1	466.191313800	466.459009992	0.000	22050.000	
49	Spectrogram 1	1	466.191313800	466.459009992	0.000	22050.000	
50	Waveform 1	1	466.459009992	466.707920486	0.000	22050.000	
50	Spectrogram 1	1	466.459009992	466.707920486	0.000	22050.000	
51	Waveform 1	1	467.327848509	467.473437665	0.000	22050.000	
51	Spectrogram 1	1	467.327848509	467.473437665	0.000	22050.000	
52	Waveform 1	1	554.536567714	554.780781784	0.000	22050.000	
52	Spectrogram 1	1	554.536567714	554.780781784	0.000	22050.000	
53	Waveform 1	1	554.780781784	555.029692278	0.000	22050.000	
53	Spectrogram 1	1	554.780781784	555.029692278	0.000	22050.000	
54	Waveform 1	1	556.405744631	556.560726637	0.000	22050.000	
54	Spectrogram 1	1	556.405744631	556.560726637	0.000	22050.000	
55	Waveform 1	1	575.219854266	575.586175370	0.000	22050.000	
55	Spectrogram 1	1	575.219854266	575.586175370	0.000	22050.000	
56	Waveform 1	1	575.637836039	576.060514236	0.000	22050.000	
56	Spectrogram 1	1	575.637836039	576.060514236	0.000	22050.000	
57	Waveform 1	1	576.877692084	577.244013189	0.000	22050.000	
57	Spectrogram 1	1	576.877692084	577.244013189	0.000	22050.000	
58	Waveform 1	1	590.824501615	591.007662167	0.000	22050.000	
58	Spectrogram 1	1	590.824501615	591.007662167	0.000	22050.000	
59	Waveform 1	1	628.514137623	628.734869571	0.000	22050.000	
59	Spectrogram 1	1	628.514137623	628.734869571	0.000	22050.000	
60	Waveform 1	1	629.162244193	629.354797594	0.000	22050.000	
60	Spectrogram 1	1	629.162244193	629.354797594	0.000	22050.000	
61	Waveform 1	1	651.904973273	652.299472924	0.000	22050.000	
61	Spectrogram 1	1	651.904973273	652.299472924	0.000	22050.000	
62	Waveform 1	1	663.862279224	664.092404020	0.000	22050.000	
62	Spectrogram 1	1	663.862279224	664.092404020	0.000	22050.000	
