Selection	View	Channel	Begin Time (s)	End Time (s)	Low Freq (Hz)	High Freq (Hz)	Annotation
1	Waveform 1	1	5.667838482	5.972449643	0.0	22050.0	SAT.01_U.perched_NA
1	Spectrogram 1	1	5.667838482	5.972449643	0.0	22050.0	SAT.01_U.perched_NA
2	Waveform 1	1	6.016414141	6.226815665	0.0	22050.0	SAT.01_U.perched_NA
2	Spectrogram 1	1	6.016414141	6.226815665	0.0	22050.0	SAT.01_U.perched_NA
3	Waveform 1	1	6.261359199	6.503163935	0.0	22050.0	SAT.01_U.perched_NA
3	Spectrogram 1	1	6.261359199	6.503163935	0.0	22050.0	SAT.01_U.perched_NA
4	Waveform 1	1	6.569110681	6.836037987	0.0	22050.0	SAT.01_U.perched_NA
4	Spectrogram 1	1	6.569110681	6.836037987	0.0	22050.0	SAT.01_U.perched_NA
5	Waveform 1	1	6.939668589	7.297665211	0.0	22050.0	SAT.01_U.perched_NA
5	Spectrogram 1	1	6.939668589	7.297665211	0.0	22050.0	SAT.01_U.perched_NA
6	Waveform 1	1	7.385594206	7.756152114	0.0	22050.0	SAT.01_U.perched_NA
6	Spectrogram 1	1	7.385594206	7.756152114	0.0	22050.0	SAT.01_U.perched_NA
7	Waveform 1	1	8.575775961	8.773616199	0.0	22050.0	SAT.01_U.perched_NA
7	Spectrogram 1	1	8.575775961	8.773616199	0.0	22050.0	SAT.01_U.perched_NA
8	Waveform 1	1	8.870966158	9.053104791	0.0	22050.0	SAT.01_U.perched_NA
8	Spectrogram 1	1	8.870966158	9.053104791	0.0	22050.0	SAT.01_U.perched_NA
9	Waveform 1	1	9.210120853	9.445644947	0.0	22050.0	SAT.01_U.perched_NA
9	Spectrogram 1	1	9.210120853	9.445644947	0.0	22050.0	SAT.01_U.perched_NA
10	Waveform 1	1	17.409499640	17.908810718	0.0	22050.0	
10	Spectrogram 1	1	17.409499640	17.908810718	0.0	22050.0	
11	Waveform 1	1	20.600066031	20.936080404	0.0	22050.0	
11	Spectrogram 1	1	20.600066031	20.936080404	0.0	22050.0	
12	Waveform 1	1	21.981807381	22.336663682	0.0	22050.0	
12	Spectrogram 1	1	21.981807381	22.336663682	0.0	22050.0	
13	Waveform 1	1	22.832834440	23.241076203	0.0	22050.0	
13	Spectrogram 1	1	22.832834440	23.241076203	0.0	22050.0	
14	Waveform 1	1	36.373899674	36.769580152	0.0	22050.0	
14	Spectrogram 1	1	36.373899674	36.769580152	0.0	22050.0	
15	Waveform 1	1	37.645729781	38.035129616	0.0	22050.0	
15	Spectrogram 1	1	37.645729781	38.035129616	0.0	22050.0	
16	Waveform 1	1	139.973097744	140.362497579	0.0	22050.0	
16	Spectrogram 1	1	139.973097744	140.362497579	0.0	22050.0	
17	Waveform 1	1	140.447286253	140.720494202	0.0	22050.0	
17	Spectrogram 1	1	140.447286253	140.720494202	0.0	22050.0	
18	Waveform 1	1	140.773879663	141.009403757	0.0	22050.0	
18	Spectrogram 1	1	140.773879663	141.009403757	0.0	22050.0	
19	Waveform 1	1	141.065929539	141.266910099	0.0	22050.0	
19	Spectrogram 1	1	141.065929539	141.266910099	0.0	22050.0	
20	Waveform 1	1	141.332856846	141.571521261	0.0	22050.0	
20	Spectrogram 1	1	141.332856846	141.571521261	0.0	22050.0	
21	Waveform 1	1	141.938938847	142.312637076	0.0	22050.0	
21	Spectrogram 1	1	141.938938847	142.312637076	0.0	22050.0	
22	Waveform 1	1	142.871614259	143.292417306	0.0	22050.0	
22	Spectrogram 1	1	142.871614259	143.292417306	0.0	22050.0	
23	Waveform 1	1	152.151263555	152.437032789	0.0	22050.0	
23	Spectrogram 1	1	152.151263555	152.437032789	0.0	22050.0	
24	Waveform 1	1	152.474716644	152.681977847	0.0	22050.0	
24	Spectrogram 1	1	152.474716644	152.681977847	0.0	22050.0	
25	Waveform 1	1	152.738503629	152.970887402	0.0	22050.0	
25	Spectrogram 1	1	152.738503629	152.970887402	0.0	22050.0	
26	Waveform 1	1	153.049395433	153.300621133	0.0	22050.0	
26	Spectrogram 1	1	153.049395433	153.300621133	0.0	22050.0	
27	Waveform 1	1	153.533004906	153.859598316	0.0	22050.0	
27	Spectrogram 1	1	153.533004906	153.859598316	0.0	22050.0	
28	Waveform 1	1	157.163216272	157.568317713	0.0	22050.0	
28	Spectrogram 1	1	157.163216272	157.568317713	0.0	22050.0	
29	Waveform 1	1	157.747316024	158.117873932	0.0	22050.0	
29	Spectrogram 1	1	157.747316024	158.117873932	0.0	22050.0	
30	Waveform 1	1	210.068208387	210.375959870	0.0	22050.0	
30	Spectrogram 1	1	210.068208387	210.375959870	0.0	22050.0	
31	Waveform 1	1	210.410503403	210.611483963	0.0	22050.0	
31	Spectrogram 1	1	210.410503403	210.611483963	0.0	22050.0	
32	Waveform 1	1	210.661729103	210.865849985	0.0	22050.0	
32	Spectrogram 1	1	210.661729103	210.865849985	0.0	22050.0	
33	Waveform 1	1	210.906674161	211.132777291	0.0	22050.0	
33	Spectrogram 1	1	210.906674161	211.132777291	0.0	22050.0	
34	Waveform 1	1	220.013605789	220.308795986	0.0	22050.0	
34	Spectrogram 1	1	220.013605789	220.308795986	0.0	22050.0	
35	Waveform 1	1	220.340199199	220.522337831	0.0	22050.0	
35	Spectrogram 1	1	220.340199199	220.522337831	0.0	22050.0	
36	Waveform 1	1	223.640676834	223.898183176	0.0	22050.0	
36	Spectrogram 1	1	223.640676834	223.898183176	0.0	22050.0	
37	Waveform 1	1	224.036357311	224.284442690	0.0	22050.0	
37	Spectrogram 1	1	224.036357311	224.284442690	0.0	22050.0	
38	Waveform 1	1	224.877963407	225.107206858	0.0	22050.0	
38	Spectrogram 1	1	224.877963407	225.107206858	0.0	22050.0	
39	Waveform 1	1	227.261467236	227.487570366	0.0	22050.0	
39	Spectrogram 1	1	227.261467236	227.487570366	0.0	22050.0	
40	Waveform 1	1	227.518973579	227.735655745	0.0	22050.0	
40	Spectrogram 1	1	227.518973579	227.735655745	0.0	22050.0	
41	Waveform 1	1	227.763918636	227.986881445	0.0	22050.0	
41	Spectrogram 1	1	227.763918636	227.986881445	0.0	22050.0	
42	Waveform 1	1	269.552173523	269.822241151	0.0	22050.0	SAT.02_U.perched_NA
42	Spectrogram 1	1	269.552173523	269.822241151	0.0	22050.0	SAT.02_U.perched_NA
43	Waveform 1	1	269.903889503	270.183378094	0.0	22050.0	SAT.02_U.perched_NA
43	Spectrogram 1	1	269.903889503	270.183378094	0.0	22050.0	SAT.02_U.perched_NA
44	Waveform 1	1	275.050876033	275.276979164	0.0	22050.0	SAT.02_U.perched_NA
44	Spectrogram 1	1	275.050876033	275.276979164	0.0	22050.0	SAT.02_U.perched_NA
45	Waveform 1	1	275.314663019	275.569029040	0.0	22050.0	SAT.02_U.perched_NA
45	Spectrogram 1	1	275.314663019	275.569029040	0.0	22050.0	SAT.02_U.perched_NA
46	Waveform 1	1	358.925716326	359.258590378	0.0	22050.0	
46	Spectrogram 1	1	358.925716326	359.258590378	0.0	22050.0	
47	Waveform 1	1	363.881143260	364.267402774	0.0	22050.0	
47	Spectrogram 1	1	363.881143260	364.267402774	0.0	22050.0	
48	Waveform 1	1	365.482707098	365.834423078	0.0	22050.0	
48	Spectrogram 1	1	365.482707098	365.834423078	0.0	22050.0	
49	Waveform 1	1	373.123108702	373.521929500	0.0	22050.0	
49	Spectrogram 1	1	373.123108702	373.521929500	0.0	22050.0	
50	Waveform 1	1	375.472068997	375.701312449	0.0	22050.0	
50	Spectrogram 1	1	375.472068997	375.701312449	0.0	22050.0	
51	Waveform 1	1	453.954977702	454.275290469	0.0	22050.0	
51	Spectrogram 1	1	453.954977702	454.275290469	0.0	22050.0	
52	Waveform 1	1	522.938414622	523.425164416	0.0	22050.0	
52	Spectrogram 1	1	522.938414622	523.425164416	0.0	22050.0	
53	Waveform 1	1	524.395523682	524.709555808	0.0	22050.0	
53	Spectrogram 1	1	524.395523682	524.709555808	0.0	22050.0	
54	Waveform 1	1	549.518093690	549.938896738	0.0	22050.0	
54	Spectrogram 1	1	549.518093690	549.938896738	0.0	22050.0	
55	Waveform 1	1	551.483934793	551.819949167	0.0	22050.0	
55	Spectrogram 1	1	551.483934793	551.819949167	0.0	22050.0	
56	Waveform 1	1	550.859010864	551.091394637	0.0	22050.0	
56	Spectrogram 1	1	550.859010864	551.091394637	0.0	22050.0	
57	Waveform 1	1	550.557540024	550.799344761	0.0	22050.0	
57	Spectrogram 1	1	550.557540024	550.799344761	0.0	22050.0	
58	Waveform 1	1	550.230946614	550.535557776	0.0	22050.0	
58	Spectrogram 1	1	550.230946614	550.535557776	0.0	22050.0	
