Selection	View	Channel	Begin Time (s)	End Time (s)	Low Freq (Hz)	High Freq (Hz)	Annotation
1	Waveform 1	1	0.332263147	0.602926946	0.000	22050.000	SAT.NA_U.nest.FP32_NA
1	Spectrogram 1	1	0.332263147	0.602926946	0.000	22050.000	SAT.NA_U.nest.FP32_NA
2	Waveform 1	1	0.815724691	1.190920717	0.000	22050.000	SAT.NA_U.nest.FP32_NA
2	Spectrogram 1	1	0.815724691	1.190920717	0.000	22050.000	SAT.NA_U.nest.FP32_NA
3	Waveform 1	1	7.395654983	7.757784479	0.000	22050.000	SAT.NA_U.nest.FP32_NA
3	Spectrogram 1	1	7.395654983	7.757784479	0.000	22050.000	SAT.NA_U.nest.FP32_NA
4	Waveform 1	1	8.146047033	8.426044066	0.000	22050.000	SAT.NA_U.nest.FP32_NA
4	Spectrogram 1	1	8.146047033	8.426044066	0.000	22050.000	SAT.NA_U.nest.FP32_NA
5	Waveform 1	1	9.135369885	9.493766088	0.000	22050.000	SAT.NA_U.nest.FP32_NA
5	Spectrogram 1	1	9.135369885	9.493766088	0.000	22050.000	SAT.NA_U.nest.FP32_NA
6	Waveform 1	1	10.430822828	10.792952324	0.000	22050.000	SAT.NA_U.nest.FP32_NA
6	Spectrogram 1	1	10.430822828	10.792952324	0.000	22050.000	SAT.NA_U.nest.FP32_NA
7	Waveform 1	1	14.925708541	15.194505694	0.000	22050.000	SAT.NA_U.nest.FP32_NA
7	Spectrogram 1	1	14.925708541	15.194505694	0.000	22050.000	SAT.NA_U.nest.FP32_NA
8	Waveform 1	1	19.039798289	19.286195679	0.000	22050.000	SAT.NA_U.nest.FP32_NA
8	Spectrogram 1	1	19.039798289	19.286195679	0.000	22050.000	SAT.NA_U.nest.FP32_NA
9	Waveform 1	1	19.323479860	19.695696927	0.000	22050.000	SAT.NA_U.nest.FP32_NA
9	Spectrogram 1	1	19.323479860	19.695696927	0.000	22050.000	SAT.NA_U.nest.FP32_NA
10	Waveform 1	1	19.706256276	20.038875782	0.000	22050.000	
10	Spectrogram 1	1	19.706256276	20.038875782	0.000	22050.000	
11	Waveform 1	1	21.158166818	21.361434294	0.000	22050.000	
11	Spectrogram 1	1	21.158166818	21.361434294	0.000	22050.000	
12	Waveform 1	1	21.672935102	21.947478186	0.000	22050.000	
12	Spectrogram 1	1	21.672935102	21.947478186	0.000	22050.000	
13	Waveform 1	1	22.277457855	22.538801752	0.000	22050.000	
13	Spectrogram 1	1	22.277457855	22.538801752	0.000	22050.000	
14	Waveform 1	1	31.458812156	31.733355241	0.000	22050.000	
14	Spectrogram 1	1	31.458812156	31.733355241	0.000	22050.000	
15	Waveform 1	1	36.456024259	36.720007994	0.000	22050.000	
15	Spectrogram 1	1	36.456024259	36.720007994	0.000	22050.000	
16	Waveform 1	1	36.730567343	36.983991729	0.000	22050.000	
16	Spectrogram 1	1	36.730567343	36.983991729	0.000	22050.000	
17	Waveform 1	1	37.205738066	37.485560825	0.000	22050.000	
17	Spectrogram 1	1	37.205738066	37.485560825	0.000	22050.000	
18	Waveform 1	1	37.559476271	37.841938868	0.000	22050.000	
18	Spectrogram 1	1	37.559476271	37.841938868	0.000	22050.000	
19	Waveform 1	1	37.923773826	38.274872193	0.000	22050.000	
19	Spectrogram 1	1	37.923773826	38.274872193	0.000	22050.000	
20	Waveform 1	1	38.842437223	39.309688434	0.000	22050.000	
20	Spectrogram 1	1	38.842437223	39.309688434	0.000	22050.000	
21	Waveform 1	1	40.162355898	40.777438000	0.000	22050.000	
21	Spectrogram 1	1	40.162355898	40.777438000	0.000	22050.000	
22	Waveform 1	1	44.325379398	44.613121669	0.000	22050.000	
22	Spectrogram 1	1	44.325379398	44.613121669	0.000	22050.000	
23	Waveform 1	1	49.285633778	49.589215073	0.000	22050.000	
23	Spectrogram 1	1	49.285633778	49.589215073	0.000	22050.000	
24	Waveform 1	1	49.610333772	50.085504495	0.000	22050.000	
24	Spectrogram 1	1	49.610333772	50.085504495	0.000	22050.000	
25	Waveform 1	1	50.114542706	50.426043513	0.000	22050.000	
25	Spectrogram 1	1	50.114542706	50.426043513	0.000	22050.000	
26	Waveform 1	1	50.658349200	50.893294724	0.000	22050.000	
26	Spectrogram 1	1	50.658349200	50.893294724	0.000	22050.000	
27	Waveform 1	1	51.376384959	51.645648369	0.000	22050.000	
27	Spectrogram 1	1	51.376384959	51.645648369	0.000	22050.000	
28	Waveform 1	1	51.666767067	51.893793079	0.000	22050.000	
28	Spectrogram 1	1	51.666767067	51.893793079	0.000	22050.000	
29	Waveform 1	1	51.922831290	52.273929658	0.000	22050.000	
29	Spectrogram 1	1	51.922831290	52.273929658	0.000	22050.000	
30	Waveform 1	1	52.965567043	53.311385736	0.000	22050.000	
30	Spectrogram 1	1	52.965567043	53.311385736	0.000	22050.000	
31	Waveform 1	1	53.316665411	53.580649146	0.000	22050.000	
31	Spectrogram 1	1	53.316665411	53.580649146	0.000	22050.000	
32	Waveform 1	1	54.425397098	55.032559688	0.000	22050.000	
32	Spectrogram 1	1	54.425397098	55.032559688	0.000	22050.000	
33	Waveform 1	1	55.280704399	55.716277562	0.000	22050.000	
33	Spectrogram 1	1	55.280704399	55.716277562	0.000	22050.000	
34	Waveform 1	1	55.747955610	55.943303574	0.000	22050.000	
34	Spectrogram 1	1	55.747955610	55.943303574	0.000	22050.000	
35	Waveform 1	1	56.344558851	56.851407622	0.000	22050.000	
35	Spectrogram 1	1	56.344558851	56.851407622	0.000	22050.000	
36	Waveform 1	1	59.161265303	59.517643345	0.000	22050.000	
36	Spectrogram 1	1	59.161265303	59.517643345	0.000	22050.000	
37	Waveform 1	1	61.009151447	61.629513225	0.000	22050.000	
37	Spectrogram 1	1	61.009151447	61.629513225	0.000	22050.000	
38	Waveform 1	1	61.832780701	62.149561182	0.000	22050.000	
38	Spectrogram 1	1	61.832780701	62.149561182	0.000	22050.000	
39	Waveform 1	1	62.194438417	62.527057923	0.000	22050.000	
39	Spectrogram 1	1	62.194438417	62.527057923	0.000	22050.000	
40	Waveform 1	1	63.107822140	63.553954652	0.000	22050.000	
40	Spectrogram 1	1	63.107822140	63.553954652	0.000	22050.000	
41	Waveform 1	1	63.612031074	63.833777411	0.000	22050.000	
41	Spectrogram 1	1	63.612031074	63.833777411	0.000	22050.000	
42	Waveform 1	1	63.844336761	64.113600171	0.000	22050.000	
42	Spectrogram 1	1	63.844336761	64.113600171	0.000	22050.000	
43	Waveform 1	1	65.195933484	65.510074128	0.000	22050.000	
43	Spectrogram 1	1	65.195933484	65.510074128	0.000	22050.000	
44	Waveform 1	1	66.563369231	66.975183857	0.000	22050.000	
44	Spectrogram 1	1	66.563369231	66.975183857	0.000	22050.000	
45	Waveform 1	1	68.287183020	68.698997647	0.000	22050.000	
45	Spectrogram 1	1	68.287183020	68.698997647	0.000	22050.000	
46	Waveform 1	1	68.852108213	69.216405767	0.000	22050.000	
46	Spectrogram 1	1	68.852108213	69.216405767	0.000	22050.000	
47	Waveform 1	1	69.670457791	70.026835834	0.000	22050.000	
47	Spectrogram 1	1	69.670457791	70.026835834	0.000	22050.000	
48	Waveform 1	1	79.350741352	79.699199882	0.000	22050.000	SAT.NA_nest.U.FP28.FP30_NA
48	Spectrogram 1	1	79.350741352	79.699199882	0.000	22050.000	SAT.NA_nest.U.FP28.FP30_NA
49	Waveform 1	1	79.707119394	80.018620202	0.000	22050.000	SAT.NA_nest.U.FP28.FP30_NA
49	Spectrogram 1	1	79.707119394	80.018620202	0.000	22050.000	SAT.NA_nest.U.FP28.FP30_NA
50	Waveform 1	1	80.055577925	80.388197431	0.000	22050.000	SAT.NA_nest.U.FP28.FP30_NA
50	Spectrogram 1	1	80.055577925	80.388197431	0.000	22050.000	SAT.NA_nest.U.FP28.FP30_NA
51	Waveform 1	1	83.648396557	83.920299804	0.000	22050.000	SAT.NA_nest.U.FP28.FP30_NA
51	Spectrogram 1	1	83.648396557	83.920299804	0.000	22050.000	SAT.NA_nest.U.FP28.FP30_NA
52	Waveform 1	1	83.925579479	84.147325816	0.000	22050.000	SAT.NA_nest.U.FP28.FP30_NA
52	Spectrogram 1	1	83.925579479	84.147325816	0.000	22050.000	SAT.NA_nest.U.FP28.FP30_NA
53	Waveform 1	1	84.171084353	84.440347762	0.000	22050.000	SAT.NA_nest.U.FP28.FP30_NA
53	Spectrogram 1	1	84.171084353	84.440347762	0.000	22050.000	SAT.NA_nest.U.FP28.FP30_NA
54	Waveform 1	1	84.450907112	84.625136377	0.000	22050.000	SAT.NA_nest.U.FP28.FP30_NA
54	Spectrogram 1	1	84.450907112	84.625136377	0.000	22050.000	SAT.NA_nest.U.FP28.FP30_NA
55	Waveform 1	1	86.517899756	86.855798937	0.000	22050.000	SAT.NA_nest.U.FP28.FP30_NA
55	Spectrogram 1	1	86.517899756	86.855798937	0.000	22050.000	SAT.NA_nest.U.FP28.FP30_NA
56	Waveform 1	1	87.352088359	87.700546889	0.000	22050.000	SAT.NA_nest.U.FP28.FP30_NA
56	Spectrogram 1	1	87.352088359	87.700546889	0.000	22050.000	SAT.NA_nest.U.FP28.FP30_NA
57	Waveform 1	1	90.448617570	90.783876913	0.000	22050.000	
57	Spectrogram 1	1	90.448617570	90.783876913	0.000	22050.000	
58	Waveform 1	1	97.774166215	97.924636944	0.000	22050.000	
58	Spectrogram 1	1	97.774166215	97.924636944	0.000	22050.000	
59	Waveform 1	1	97.943115805	98.199180028	0.000	22050.000	
59	Spectrogram 1	1	97.943115805	98.199180028	0.000	22050.000	
60	Waveform 1	1	99.268314155	99.508539354	0.000	22050.000	
60	Spectrogram 1	1	99.268314155	99.508539354	0.000	22050.000	
61	Waveform 1	1	100.229214950	100.540715757	0.000	22050.000	
61	Spectrogram 1	1	100.229214950	100.540715757	0.000	22050.000	
62	Waveform 1	1	101.293069402	101.620409233	0.000	22050.000	
62	Spectrogram 1	1	101.293069402	101.620409233	0.000	22050.000	
63	Waveform 1	1	101.741841751	101.931910040	0.000	22050.000	
63	Spectrogram 1	1	101.741841751	101.931910040	0.000	22050.000	
64	Waveform 1	1	101.955668577	102.378042553	0.000	22050.000	
64	Spectrogram 1	1	101.955668577	102.378042553	0.000	22050.000	
65	Waveform 1	1	106.430192884	106.733774179	0.000	22050.000	
65	Spectrogram 1	1	106.430192884	106.733774179	0.000	22050.000	
66	Waveform 1	1	110.812322884	111.171340764	0.000	22050.000	
66	Spectrogram 1	1	110.812322884	111.171340764	0.000	22050.000	
67	Waveform 1	1	111.192459463	111.548837505	0.000	22050.000	
67	Spectrogram 1	1	111.192459463	111.548837505	0.000	22050.000	
68	Waveform 1	1	111.554117180	111.865617987	0.000	22050.000	
68	Spectrogram 1	1	111.554117180	111.865617987	0.000	22050.000	
69	Waveform 1	1	112.324949686	112.549335860	0.000	22050.000	
69	Spectrogram 1	1	112.324949686	112.549335860	0.000	22050.000	
70	Waveform 1	1	115.318525240	115.767297590	0.000	22050.000	
70	Spectrogram 1	1	115.318525240	115.767297590	0.000	22050.000	
71	Waveform 1	1	115.793695963	116.176472379	0.000	22050.000	
71	Spectrogram 1	1	115.793695963	116.176472379	0.000	22050.000	
72	Waveform 1	1	117.327441463	117.609904060	0.000	22050.000	
72	Spectrogram 1	1	117.327441463	117.609904060	0.000	22050.000	
73	Waveform 1	1	122.636154373	123.018930789	0.000	22050.000	
73	Spectrogram 1	1	122.636154373	123.018930789	0.000	22050.000	
74	Waveform 1	1	124.674108807	124.985609614	0.000	22050.000	
74	Spectrogram 1	1	124.674108807	124.985609614	0.000	22050.000	
75	Waveform 1	1	129.877228223	130.502869675	0.000	22050.000	
75	Spectrogram 1	1	129.877228223	130.502869675	0.000	22050.000	
76	Waveform 1	1	132.297959073	132.675455813	0.000	22050.000	
76	Spectrogram 1	1	132.297959073	132.675455813	0.000	22050.000	
77	Waveform 1	1	135.294174464	135.727107790	0.000	22050.000	
77	Spectrogram 1	1	135.294174464	135.727107790	0.000	22050.000	
78	Waveform 1	1	145.035174284	145.301797856	0.000	22050.000	
78	Spectrogram 1	1	145.035174284	145.301797856	0.000	22050.000	
79	Waveform 1	1	145.668735248	145.922159634	0.000	22050.000	
79	Spectrogram 1	1	145.668735248	145.922159634	0.000	22050.000	
80	Waveform 1	1	147.268476682	147.574697814	0.000	22050.000	
80	Spectrogram 1	1	147.268476682	147.574697814	0.000	22050.000	
81	Waveform 1	1	148.139623007	148.361369345	0.000	22050.000	
81	Spectrogram 1	1	148.139623007	148.361369345	0.000	22050.000	
82	Waveform 1	1	152.046582285	152.329044881	0.000	22050.000	
82	Spectrogram 1	1	152.046582285	152.329044881	0.000	22050.000	
83	Waveform 1	1	156.521106592	156.668937484	0.000	22050.000	SAT.NA_nest.U.FP28.FP30_NA
83	Spectrogram 1	1	156.521106592	156.668937484	0.000	22050.000	SAT.NA_nest.U.FP28.FP30_NA
84	Waveform 1	1	156.695335857	157.035874875	0.000	22050.000	SAT.NA_nest.U.FP28.FP30_NA
84	Spectrogram 1	1	156.695335857	157.035874875	0.000	22050.000	SAT.NA_nest.U.FP28.FP30_NA
85	Waveform 1	1	158.551141514	158.925998418	0.000	22050.000	SAT.NA_nest.U.FP28.FP30_NA
85	Spectrogram 1	1	158.551141514	158.925998418	0.000	22050.000	SAT.NA_nest.U.FP28.FP30_NA
86	Waveform 1	1	159.451326050	159.871060189	0.000	22050.000	SAT.NA_nest.U.FP28.FP30_NA
86	Spectrogram 1	1	159.451326050	159.871060189	0.000	22050.000	SAT.NA_nest.U.FP28.FP30_NA
87	Waveform 1	1	161.547356906	161.956531695	0.000	22050.000	
87	Spectrogram 1	1	161.547356906	161.956531695	0.000	22050.000	
88	Waveform 1	1	161.996129255	162.286511364	0.000	22050.000	
88	Spectrogram 1	1	161.996129255	162.286511364	0.000	22050.000	
89	Waveform 1	1	162.885754442	163.257971508	0.000	22050.000	
89	Spectrogram 1	1	162.885754442	163.257971508	0.000	22050.000	
90	Waveform 1	1	163.595870689	164.042003201	0.000	22050.000	
90	Spectrogram 1	1	163.595870689	164.042003201	0.000	22050.000	
91	Waveform 1	1	164.094799948	164.416860105	0.000	22050.000	
91	Spectrogram 1	1	164.094799948	164.416860105	0.000	22050.000	
92	Waveform 1	1	164.987064972	165.425277972	0.000	22050.000	
92	Spectrogram 1	1	164.987064972	165.425277972	0.000	22050.000	
93	Waveform 1	1	165.765816990	166.177631617	0.000	22050.000	
93	Spectrogram 1	1	165.765816990	166.177631617	0.000	22050.000	
94	Waveform 1	1	166.196110478	166.573607219	0.000	22050.000	
94	Spectrogram 1	1	166.196110478	166.573607219	0.000	22050.000	
95	Waveform 1	1	167.228286882	167.811690936	0.000	22050.000	
95	Spectrogram 1	1	167.228286882	167.811690936	0.000	22050.000	
96	Waveform 1	1	167.838089310	168.210306376	0.000	22050.000	
96	Spectrogram 1	1	167.838089310	168.210306376	0.000	22050.000	
97	Waveform 1	1	168.556125069	168.983778719	0.000	22050.000	
97	Spectrogram 1	1	168.556125069	168.983778719	0.000	22050.000	
98	Waveform 1	1	169.018096605	169.305838876	0.000	22050.000	
98	Spectrogram 1	1	169.018096605	169.305838876	0.000	22050.000	
99	Waveform 1	1	170.834304701	171.114127461	0.000	22050.000	
99	Spectrogram 1	1	170.834304701	171.114127461	0.000	22050.000	
100	Waveform 1	1	171.132606322	171.470505503	0.000	22050.000	
100	Spectrogram 1	1	171.132606322	171.470505503	0.000	22050.000	
101	Waveform 1	1	172.317893292	172.666351822	0.000	22050.000	
101	Spectrogram 1	1	172.317893292	172.666351822	0.000	22050.000	
102	Waveform 1	1	172.700669708	173.241836364	0.000	22050.000	
102	Spectrogram 1	1	172.700669708	173.241836364	0.000	22050.000	
103	Waveform 1	1	175.163637955	175.395943642	0.000	22050.000	
103	Spectrogram 1	1	175.163637955	175.395943642	0.000	22050.000	
104	Waveform 1	1	175.409142828	175.678406238	0.000	22050.000	
104	Spectrogram 1	1	175.409142828	175.678406238	0.000	22050.000	
105	Waveform 1	1	175.768160708	176.092860702	0.000	22050.000	
105	Spectrogram 1	1	175.768160708	176.092860702	0.000	22050.000	
106	Waveform 1	1	176.111339563	176.377963136	0.000	22050.000	
106	Spectrogram 1	1	176.111339563	176.377963136	0.000	22050.000	
107	Waveform 1	1	176.401721672	176.697383455	0.000	22050.000	
107	Spectrogram 1	1	176.401721672	176.697383455	0.000	22050.000	
108	Waveform 1	1	177.613407015	178.210010256	0.000	22050.000	
108	Spectrogram 1	1	177.613407015	178.210010256	0.000	22050.000	
109	Waveform 1	1	179.907425672	180.424833792	0.000	22050.000	
109	Spectrogram 1	1	179.907425672	180.424833792	0.000	22050.000	
110	Waveform 1	1	188.893432010	189.344844197	0.000	22050.000	
110	Spectrogram 1	1	188.893432010	189.344844197	0.000	22050.000	
112	Waveform 1	1	189.387081594	189.777777522	0.000	22050.000	
112	Spectrogram 1	1	189.387081594	189.777777522	0.000	22050.000	
113	Waveform 1	1	190.295185642	190.577648239	0.000	22050.000	
113	Spectrogram 1	1	190.295185642	190.577648239	0.000	22050.000	
114	Waveform 1	1	192.436093733	192.776632751	0.000	22050.000	
114	Spectrogram 1	1	192.436093733	192.776632751	0.000	22050.000	
115	Waveform 1	1	192.871666896	193.138290468	0.000	22050.000	
115	Spectrogram 1	1	192.871666896	193.138290468	0.000	22050.000	
116	Waveform 1	1	193.146209980	193.288761197	0.000	22050.000	
116	Spectrogram 1	1	193.146209980	193.288761197	0.000	22050.000	
117	Waveform 1	1	194.439730281	194.825146534	0.000	22050.000	
117	Spectrogram 1	1	194.439730281	194.825146534	0.000	22050.000	
118	Waveform 1	1	194.909621330	195.316156281	0.000	22050.000	
118	Spectrogram 1	1	194.909621330	195.316156281	0.000	22050.000	
119	Waveform 1	1	197.074287956	197.393708275	0.000	22050.000	
119	Spectrogram 1	1	197.074287956	197.393708275	0.000	22050.000	
120	Waveform 1	1	197.412187137	197.824001763	0.000	22050.000	
120	Spectrogram 1	1	197.412187137	197.824001763	0.000	22050.000	
121	Waveform 1	1	197.990311516	198.288613137	0.000	22050.000	SAT.NA_U.landing.nest.FP28.FP30_03
121	Spectrogram 1	1	197.990311516	198.288613137	0.000	22050.000	SAT.NA_U.landing.nest.FP28.FP30_03
122	Waveform 1	1	200.986526908	201.377222836	0.000	22050.000	SAT.NA_U.landing.nest.FP28.FP30_03
122	Spectrogram 1	1	200.986526908	201.377222836	0.000	22050.000	SAT.NA_U.landing.nest.FP28.FP30_03
123	Waveform 1	1	203.639563445	204.001221161	0.000	22050.000	SAT.NA_U.landing.nest.FP28.FP30_03
123	Spectrogram 1	1	203.639563445	204.001221161	0.000	22050.000	SAT.NA_U.landing.nest.FP28.FP30_03
124	Waveform 1	1	204.048738234	204.336480505	0.000	22050.000	SAT.NA_U.landing.nest.FP28.FP30_03
124	Spectrogram 1	1	204.048738234	204.336480505	0.000	22050.000	SAT.NA_U.landing.nest.FP28.FP30_03
125	Waveform 1	1	204.663820336	205.065075613	0.000	22050.000	SAT.NA_U.landing.nest.FP28.FP30_03
125	Spectrogram 1	1	204.663820336	205.065075613	0.000	22050.000	SAT.NA_U.landing.nest.FP28.FP30_03
126	Waveform 1	1	216.292303861	216.619643692	0.000	22050.000	
126	Spectrogram 1	1	216.292303861	216.619643692	0.000	22050.000	
127	Waveform 1	1	217.121212789	217.620142048	0.000	22050.000	
127	Spectrogram 1	1	217.121212789	217.620142048	0.000	22050.000	
128	Waveform 1	1	218.026677000	218.504487560	0.000	22050.000	
128	Spectrogram 1	1	218.026677000	218.504487560	0.000	22050.000	
129	Waveform 1	1	218.982298120	219.383553397	0.000	22050.000	
129	Spectrogram 1	1	218.982298120	219.383553397	0.000	22050.000	
130	Waveform 1	1	219.460108680	219.837605421	0.000	22050.000	
130	Spectrogram 1	1	219.460108680	219.837605421	0.000	22050.000	
131	Waveform 1	1	219.887762331	220.157025741	0.000	22050.000	
131	Spectrogram 1	1	219.887762331	220.157025741	0.000	22050.000	
132	Waveform 1	1	225.595090681	225.975227259	0.000	22050.000	
132	Spectrogram 1	1	225.595090681	225.975227259	0.000	22050.000	
133	Waveform 1	1	230.486709290	230.993558061	0.000	22050.000	
133	Spectrogram 1	1	230.486709290	230.993558061	0.000	22050.000	
134	Waveform 1	1	231.114990579	231.458169434	0.000	22050.000	
134	Spectrogram 1	1	231.114990579	231.458169434	0.000	22050.000	
135	Waveform 1	1	233.636035248	234.121765320	0.000	22050.000	
135	Spectrogram 1	1	233.636035248	234.121765320	0.000	22050.000	
136	Waveform 1	1	235.402086435	235.687188868	0.000	22050.000	
136	Spectrogram 1	1	235.402086435	235.687188868	0.000	22050.000	
137	Waveform 1	1	235.790142525	236.291711621	0.000	22050.000	
137	Spectrogram 1	1	235.790142525	236.291711621	0.000	22050.000	
138	Waveform 1	1	236.394665278	237.059904290	0.000	22050.000	
138	Spectrogram 1	1	236.394665278	237.059904290	0.000	22050.000	
139	Waveform 1	1	237.271091278	237.701384766	0.000	22050.000	
139	Spectrogram 1	1	237.271091278	237.701384766	0.000	22050.000	
140	Waveform 1	1	237.738342489	237.920491266	0.000	22050.000	
140	Spectrogram 1	1	237.738342489	237.920491266	0.000	22050.000	
141	Waveform 1	1	239.200812381	239.623186356	0.000	22050.000	
141	Spectrogram 1	1	239.200812381	239.623186356	0.000	22050.000	
142	Waveform 1	1	241.141092832	241.513309899	0.000	22050.000	
142	Spectrogram 1	1	241.141092832	241.513309899	0.000	22050.000	
143	Waveform 1	1	242.981059465	243.292560272	0.000	22050.000	
143	Spectrogram 1	1	242.981059465	243.292560272	0.000	22050.000	
144	Waveform 1	1	243.321598483	243.519586284	0.000	22050.000	
144	Spectrogram 1	1	243.321598483	243.519586284	0.000	22050.000	
145	Waveform 1	1	243.551264333	243.883883839	0.000	22050.000	
145	Spectrogram 1	1	243.551264333	243.883883839	0.000	22050.000	
146	Waveform 1	1	243.923481399	244.372253748	0.000	22050.000	
146	Spectrogram 1	1	243.923481399	244.372253748	0.000	22050.000	
147	Waveform 1	1	247.386948002	247.780283767	0.000	22050.000	
147	Spectrogram 1	1	247.386948002	247.780283767	0.000	22050.000	
148	Waveform 1	1	248.083865062	248.427043917	0.000	22050.000	
148	Spectrogram 1	1	248.083865062	248.427043917	0.000	22050.000	
149	Waveform 1	1	248.453442291	248.852057731	0.000	22050.000	
149	Spectrogram 1	1	248.453442291	248.852057731	0.000	22050.000	
150	Waveform 1	1	249.007808134	249.456580484	0.000	22050.000	
150	Spectrogram 1	1	249.007808134	249.456580484	0.000	22050.000	
151	Waveform 1	1	250.486117050	250.800257695	0.000	22050.000	
151	Spectrogram 1	1	250.486117050	250.800257695	0.000	22050.000	
152	Waveform 1	1	260.905555069	261.317369695	0.000	22050.000	
152	Spectrogram 1	1	260.905555069	261.317369695	0.000	22050.000	
153	Waveform 1	1	261.404484328	262.109320900	0.000	22050.000	
153	Spectrogram 1	1	261.404484328	262.109320900	0.000	22050.000	
154	Waveform 1	1	264.878510280	265.232248485	0.000	22050.000	
154	Spectrogram 1	1	264.878510280	265.232248485	0.000	22050.000	
155	Waveform 1	1	265.266566370	265.604465551	0.000	22050.000	
155	Spectrogram 1	1	265.266566370	265.604465551	0.000	22050.000	
156	Waveform 1	1	265.633503762	265.989881804	0.000	22050.000	
156	Spectrogram 1	1	265.633503762	265.989881804	0.000	22050.000	
157	Waveform 1	1	266.100754973	266.443933828	0.000	22050.000	
157	Spectrogram 1	1	266.100754973	266.443933828	0.000	22050.000	
158	Waveform 1	1	266.457133015	266.736955774	0.000	22050.000	
158	Spectrogram 1	1	266.457133015	266.736955774	0.000	22050.000	
159	Waveform 1	1	266.781833009	267.140850888	0.000	22050.000	
159	Spectrogram 1	1	266.781833009	267.140850888	0.000	22050.000	
160	Waveform 1	1	267.579063888	267.935441931	0.000	22050.000	
160	Spectrogram 1	1	267.579063888	267.935441931	0.000	22050.000	
161	Waveform 1	1	267.990878515	268.302379322	0.000	22050.000	
161	Spectrogram 1	1	267.990878515	268.302379322	0.000	22050.000	
162	Waveform 1	1	271.544099587	271.963833726	0.000	22050.000	
162	Spectrogram 1	1	271.544099587	271.963833726	0.000	22050.000	
163	Waveform 1	1	271.987592262	272.201419087	0.000	22050.000	
163	Spectrogram 1	1	271.987592262	272.201419087	0.000	22050.000	
164	Waveform 1	1	272.512919895	272.885136961	0.000	22050.000	
164	Spectrogram 1	1	272.512919895	272.885136961	0.000	22050.000	
165	Waveform 1	1	272.943213383	273.333909310	0.000	22050.000	
165	Spectrogram 1	1	272.943213383	273.333909310	0.000	22050.000	
166	Waveform 1	1	273.555655648	273.946351576	0.000	22050.000	
166	Spectrogram 1	1	273.555655648	273.946351576	0.000	22050.000	
167	Waveform 1	1	276.588828762	276.987444202	0.000	22050.000	
167	Spectrogram 1	1	276.588828762	276.987444202	0.000	22050.000	
168	Waveform 1	1	285.408525347	285.799221275	0.000	22050.000	
168	Spectrogram 1	1	285.408525347	285.799221275	0.000	22050.000	
169	Waveform 1	1	290.611644763	291.018179715	0.000	22050.000	
169	Spectrogram 1	1	290.611644763	291.018179715	0.000	22050.000	
170	Waveform 1	1	291.224087028	291.588384583	0.000	22050.000	
170	Spectrogram 1	1	291.224087028	291.588384583	0.000	22050.000	
171	Waveform 1	1	304.212086788	304.576384343	0.000	22050.000	
171	Spectrogram 1	1	304.212086788	304.576384343	0.000	22050.000	
172	Waveform 1	1	304.597503041	304.895804662	0.000	22050.000	
172	Spectrogram 1	1	304.597503041	304.895804662	0.000	22050.000	
173	Waveform 1	1	304.930122547	305.228424168	0.000	22050.000	
173	Spectrogram 1	1	304.930122547	305.228424168	0.000	22050.000	
174	Waveform 1	1	305.291780264	305.656077819	0.000	22050.000	
174	Spectrogram 1	1	305.291780264	305.656077819	0.000	22050.000	
175	Waveform 1	1	310.109483427	310.502819192	0.000	22050.000	
175	Spectrogram 1	1	310.109483427	310.502819192	0.000	22050.000	
176	Waveform 1	1	310.550336265	310.885595608	0.000	22050.000	
176	Spectrogram 1	1	310.550336265	310.885595608	0.000	22050.000	
177	Waveform 1	1	310.927833006	311.455800476	0.000	22050.000	
177	Spectrogram 1	1	310.927833006	311.455800476	0.000	22050.000	
178	Waveform 1	1	315.595065440	316.175829657	0.000	22050.000	
178	Spectrogram 1	1	315.595065440	316.175829657	0.000	22050.000	
179	Waveform 1	1	316.236545916	316.666839404	0.000	22050.000	
179	Spectrogram 1	1	316.236545916	316.666839404	0.000	22050.000	
180	Waveform 1	1	317.052255657	317.596062151	0.000	22050.000	
180	Spectrogram 1	1	317.052255657	317.596062151	0.000	22050.000	
181	Waveform 1	1	319.544262115	320.296615759	0.000	22050.000	
181	Spectrogram 1	1	319.544262115	320.296615759	0.000	22050.000	
182	Waveform 1	1	327.086277422	327.606325380	0.000	22050.000	
182	Spectrogram 1	1	327.086277422	327.606325380	0.000	22050.000	
183	Waveform 1	1	327.640643266	328.086775778	0.000	22050.000	
183	Spectrogram 1	1	327.640643266	328.086775778	0.000	22050.000	
184	Waveform 1	1	328.094695290	328.382437561	0.000	22050.000	
184	Spectrogram 1	1	328.094695290	328.382437561	0.000	22050.000	
185	Waveform 1	1	330.227683868	330.607820447	0.000	22050.000	
185	Spectrogram 1	1	330.227683868	330.607820447	0.000	22050.000	
186	Waveform 1	1	330.679096055	331.035474097	0.000	22050.000	
186	Spectrogram 1	1	330.679096055	331.035474097	0.000	22050.000	
187	Waveform 1	1	331.104109868	331.362813929	0.000	22050.000	
187	Spectrogram 1	1	331.104109868	331.362813929	0.000	22050.000	
188	Waveform 1	1	331.819505790	332.247159441	0.000	22050.000	
188	Spectrogram 1	1	331.819505790	332.247159441	0.000	22050.000	
189	Waveform 1	1	332.257718790	332.548100899	0.000	22050.000	
189	Spectrogram 1	1	332.257718790	332.548100899	0.000	22050.000	
190	Waveform 1	1	333.902337459	334.166321194	0.000	22050.000	
190	Spectrogram 1	1	333.902337459	334.166321194	0.000	22050.000	
191	Waveform 1	1	334.176880543	334.475182164	0.000	22050.000	
191	Spectrogram 1	1	334.176880543	334.475182164	0.000	22050.000	
192	Waveform 1	1	337.672025194	338.015204050	0.000	22050.000	
192	Spectrogram 1	1	337.672025194	338.015204050	0.000	22050.000	
193	Waveform 1	1	338.123437381	338.450777212	0.000	22050.000	
193	Spectrogram 1	1	338.123437381	338.450777212	0.000	22050.000	
194	Waveform 1	1	340.963902369	341.285962526	0.000	22050.000	
194	Spectrogram 1	1	340.963902369	341.285962526	0.000	22050.000	
195	Waveform 1	1	342.819708026	343.239442164	0.000	22050.000	
195	Spectrogram 1	1	342.819708026	343.239442164	0.000	22050.000	
196	Waveform 1	1	345.580977893	345.897758375	0.000	22050.000	
196	Spectrogram 1	1	345.580977893	345.897758375	0.000	22050.000	
197	Waveform 1	1	346.032390080	346.407246984	0.000	22050.000	
197	Spectrogram 1	1	346.032390080	346.407246984	0.000	22050.000	
198	Waveform 1	1	364.368700310	364.854430383	0.000	22050.000	
198	Spectrogram 1	1	364.368700310	364.854430383	0.000	22050.000	
199	Waveform 1	1	373.183117220	373.518376564	0.000	22050.000	
199	Spectrogram 1	1	373.183117220	373.518376564	0.000	22050.000	
200	Waveform 1	1	374.215293624	374.653506624	0.000	22050.000	
200	Spectrogram 1	1	374.215293624	374.653506624	0.000	22050.000	
201	Waveform 1	1	380.070452865	380.455869119	0.000	22050.000	
201	Spectrogram 1	1	380.070452865	380.455869119	0.000	22050.000	
202	Waveform 1	1	380.508665865	380.928400004	0.000	22050.000	
202	Spectrogram 1	1	380.508665865	380.928400004	0.000	22050.000	
203	Waveform 1	1	381.010234962	381.493325197	0.000	22050.000	
203	Spectrogram 1	1	381.010234962	381.493325197	0.000	22050.000	
204	Waveform 1	1	385.780421053	386.105121047	0.000	22050.000	
204	Spectrogram 1	1	385.780421053	386.105121047	0.000	22050.000	
205	Waveform 1	1	386.144718607	386.450939739	0.000	22050.000	
205	Spectrogram 1	1	386.144718607	386.450939739	0.000	22050.000	
206	Waveform 1	1	387.063382004	387.475196631	0.000	22050.000	
206	Spectrogram 1	1	387.063382004	387.475196631	0.000	22050.000	
207	Waveform 1	1	387.501595005	387.908129956	0.000	22050.000	
207	Spectrogram 1	1	387.501595005	387.908129956	0.000	22050.000	
208	Waveform 1	1	388.454576288	388.969344571	0.000	22050.000	
208	Spectrogram 1	1	388.454576288	388.969344571	0.000	22050.000	
209	Waveform 1	1	389.048539691	389.536909601	0.000	22050.000	
209	Spectrogram 1	1	389.048539691	389.536909601	0.000	22050.000	
210	Waveform 1	1	389.893287643	390.357899017	0.000	22050.000	
210	Spectrogram 1	1	389.893287643	390.357899017	0.000	22050.000	
211	Waveform 1	1	390.439733975	390.943942908	0.000	22050.000	
211	Spectrogram 1	1	390.439733975	390.943942908	0.000	22050.000	
212	Waveform 1	1	391.197367294	391.667258342	0.000	22050.000	
212	Spectrogram 1	1	391.197367294	391.667258342	0.000	22050.000	
213	Waveform 1	1	395.508221686	396.059947692	0.000	22050.000	
213	Spectrogram 1	1	395.508221686	396.059947692	0.000	22050.000	
214	Waveform 1	1	400.579349234	401.033401258	0.000	22050.000	
214	Spectrogram 1	1	400.579349234	401.033401258	0.000	22050.000	
215	Waveform 1	1	402.519629686	402.852249192	0.000	22050.000	
215	Spectrogram 1	1	402.519629686	402.852249192	0.000	22050.000	
216	Waveform 1	1	402.907685777	403.279902843	0.000	22050.000	
216	Spectrogram 1	1	402.907685777	403.279902843	0.000	22050.000	
217	Waveform 1	1	403.298381704	403.678518283	0.000	22050.000	
217	Spectrogram 1	1	403.298381704	403.678518283	0.000	22050.000	
218	Waveform 1	1	406.429228801	406.822564566	0.000	22050.000	
218	Spectrogram 1	1	406.429228801	406.822564566	0.000	22050.000	
219	Waveform 1	1	409.610232807	409.913814102	0.000	22050.000	
219	Spectrogram 1	1	409.610232807	409.913814102	0.000	22050.000	
220	Waveform 1	1	411.236372614	411.566352283	0.000	22050.000	
220	Spectrogram 1	1	411.236372614	411.566352283	0.000	22050.000	
221	Waveform 1	1	411.743221386	411.951768536	0.000	22050.000	
221	Spectrogram 1	1	411.743221386	411.951768536	0.000	22050.000	
222	Waveform 1	1	413.263767699	413.506632735	0.000	22050.000	
222	Spectrogram 1	1	413.263767699	413.506632735	0.000	22050.000	
223	Waveform 1	1	415.697697735	416.009198542	0.000	22050.000	
223	Spectrogram 1	1	415.697697735	416.009198542	0.000	22050.000	
224	Waveform 1	1	416.101592850	416.341818049	0.000	22050.000	
224	Spectrogram 1	1	416.101592850	416.341818049	0.000	22050.000	
225	Waveform 1	1	418.963176537	419.303715555	0.000	22050.000	
225	Spectrogram 1	1	418.963176537	419.303715555	0.000	22050.000	
226	Waveform 1	1	424.493635784	424.781378055	0.000	22050.000	
226	Spectrogram 1	1	424.493635784	424.781378055	0.000	22050.000	
227	Waveform 1	1	426.898527609	427.320901585	0.000	22050.000	
227	Spectrogram 1	1	426.898527609	427.320901585	0.000	22050.000	
228	Waveform 1	1	430.005616170	430.570541363	0.000	22050.000	
228	Spectrogram 1	1	430.005616170	430.570541363	0.000	22050.000	
229	Waveform 1	1	430.660295833	430.874122658	0.000	22050.000	
229	Spectrogram 1	1	430.660295833	430.874122658	0.000	22050.000	
230	Waveform 1	1	430.918999893	431.206742164	0.000	22050.000	
230	Spectrogram 1	1	430.918999893	431.206742164	0.000	22050.000	
231	Waveform 1	1	431.241060049	431.552560857	0.000	22050.000	
231	Spectrogram 1	1	431.241060049	431.552560857	0.000	22050.000	
232	Waveform 1	1	431.607997441	431.853502315	0.000	22050.000	
232	Spectrogram 1	1	431.607997441	431.853502315	0.000	22050.000	
234	Waveform 1	1	433.983851056	434.282152676	0.000	22050.000	
234	Spectrogram 1	1	433.983851056	434.282152676	0.000	22050.000	
235	Waveform 1	1	434.775802261	435.211375423	0.000	22050.000	
235	Spectrogram 1	1	434.775802261	435.211375423	0.000	22050.000	
236	Waveform 1	1	435.372405502	435.644308749	0.000	22050.000	
236	Spectrogram 1	1	435.372405502	435.644308749	0.000	22050.000	
237	Waveform 1	1	436.098360773	436.734561574	0.000	22050.000	
237	Spectrogram 1	1	436.098360773	436.734561574	0.000	22050.000	
238	Waveform 1	1	437.595148550	438.054480249	0.000	22050.000	
238	Spectrogram 1	1	437.595148550	438.054480249	0.000	22050.000	
239	Waveform 1	1	438.094077809	438.545489996	0.000	22050.000	
239	Spectrogram 1	1	438.094077809	438.545489996	0.000	22050.000	
240	Waveform 1	1	438.571888369	438.981063158	0.000	22050.000	
240	Spectrogram 1	1	438.571888369	438.981063158	0.000	22050.000	
241	Waveform 1	1	438.991622508	439.258246080	0.000	22050.000	
241	Spectrogram 1	1	438.991622508	439.258246080	0.000	22050.000	
242	Waveform 1	1	442.526364719	443.001535442	0.000	22050.000	SAT.NA_U.nest.FP26_NA
242	Spectrogram 1	1	442.526364719	443.001535442	0.000	22050.000	SAT.NA_U.nest.FP26_NA
243	Waveform 1	1	443.091289912	443.563820797	0.000	22050.000	SAT.NA_U.nest.FP26_NA
243	Spectrogram 1	1	443.091289912	443.563820797	0.000	22050.000	SAT.NA_U.nest.FP26_NA
244	Waveform 1	1	455.918259593	456.153205117	0.000	22050.000	SAT.NA_U.nest.FP26_NA
244	Spectrogram 1	1	455.918259593	456.153205117	0.000	22050.000	SAT.NA_U.nest.FP26_NA
245	Waveform 1	1	456.211281539	456.427748202	0.000	22050.000	SAT.NA_U.nest.FP26_NA
245	Spectrogram 1	1	456.211281539	456.427748202	0.000	22050.000	SAT.NA_U.nest.FP26_NA
246	Waveform 1	1	456.501663647	456.763007545	0.000	22050.000	SAT.NA_U.nest.FP26_NA
246	Spectrogram 1	1	456.501663647	456.763007545	0.000	22050.000	SAT.NA_U.nest.FP26_NA
247	Waveform 1	1	456.889719738	457.158983148	0.000	22050.000	SAT.NA_U.nest.FP26_NA
247	Spectrogram 1	1	456.889719738	457.158983148	0.000	22050.000	SAT.NA_U.nest.FP26_NA
248	Waveform 1	1	457.248737617	457.578717286	0.000	22050.000	SAT.NA_U.nest.FP26_NA
248	Spectrogram 1	1	457.248737617	457.578717286	0.000	22050.000	SAT.NA_U.nest.FP26_NA
249	Waveform 1	1	485.365645228	485.930570420	0.000	22050.000	
249	Spectrogram 1	1	485.365645228	485.930570420	0.000	22050.000	
250	Waveform 1	1	486.265829764	486.770038698	0.000	22050.000	
250	Spectrogram 1	1	486.265829764	486.770038698	0.000	22050.000	
251	Waveform 1	1	486.825475282	487.266328119	0.000	22050.000	
251	Spectrogram 1	1	486.825475282	487.266328119	0.000	22050.000	
252	Waveform 1	1	487.292726493	487.654384210	0.000	22050.000	
252	Spectrogram 1	1	487.292726493	487.654384210	0.000	22050.000	
253	Waveform 1	1	487.672863071	488.097876884	0.000	22050.000	
253	Spectrogram 1	1	487.672863071	488.097876884	0.000	22050.000	
254	Waveform 1	1	488.153313469	488.570407770	0.000	22050.000	
254	Spectrogram 1	1	488.153313469	488.570407770	0.000	22050.000	
255	Waveform 1	1	488.591526469	489.019180119	0.000	22050.000	
255	Spectrogram 1	1	488.591526469	489.019180119	0.000	22050.000	
256	Waveform 1	1	489.082536216	489.518109378	0.000	22050.000	
256	Spectrogram 1	1	489.082536216	489.518109378	0.000	22050.000	
257	Waveform 1	1	489.763614252	490.135831318	0.000	22050.000	
257	Spectrogram 1	1	489.763614252	490.135831318	0.000	22050.000	
258	Waveform 1	1	490.484289848	490.967380083	0.000	22050.000	
258	Spectrogram 1	1	490.484289848	490.967380083	0.000	22050.000	
259	Waveform 1	1	493.530662150	493.989993849	0.000	22050.000	
259	Spectrogram 1	1	493.530662150	493.989993849	0.000	22050.000	
260	Waveform 1	1	494.246058072	494.821542614	0.000	22050.000	
260	Spectrogram 1	1	494.246058072	494.821542614	0.000	22050.000	
261	Waveform 1	1	498.306127915	498.580671000	0.000	22050.000	
261	Spectrogram 1	1	498.306127915	498.580671000	0.000	22050.000	
262	Waveform 1	1	498.617628722	498.860493759	0.000	22050.000	
262	Spectrogram 1	1	498.617628722	498.860493759	0.000	22050.000	
263	Waveform 1	1	499.612847403	499.895310000	0.000	22050.000	
263	Spectrogram 1	1	499.612847403	499.895310000	0.000	22050.000	
264	Waveform 1	1	499.987704307	500.338802674	0.000	22050.000	
264	Spectrogram 1	1	499.987704307	500.338802674	0.000	22050.000	
265	Waveform 1	1	501.513530295	501.766954680	0.000	22050.000	
265	Spectrogram 1	1	501.513530295	501.766954680	0.000	22050.000	
266	Waveform 1	1	503.020877422	503.321818879	0.000	22050.000	
266	Spectrogram 1	1	503.020877422	503.321818879	0.000	22050.000	
267	Waveform 1	1	504.718292837	505.140666813	0.000	22050.000	
267	Spectrogram 1	1	504.718292837	505.140666813	0.000	22050.000	
268	Waveform 1	1	505.167065187	505.528722904	0.000	22050.000	
268	Spectrogram 1	1	505.167065187	505.528722904	0.000	22050.000	
269	Waveform 1	1	509.601991934	510.003247211	0.000	22050.000	
269	Spectrogram 1	1	509.601991934	510.003247211	0.000	22050.000	
270	Waveform 1	1	510.029645585	510.322667530	0.000	22050.000	
270	Spectrogram 1	1	510.029645585	510.322667530	0.000	22050.000	
271	Waveform 1	1	510.341146392	510.636808175	0.000	22050.000	
271	Spectrogram 1	1	510.341146392	510.636808175	0.000	22050.000	
272	Waveform 1	1	510.655287036	511.009025241	0.000	22050.000	
272	Spectrogram 1	1	510.655287036	511.009025241	0.000	22050.000	
273	Waveform 1	1	511.045982964	511.333725235	0.000	22050.000	
273	Spectrogram 1	1	511.045982964	511.333725235	0.000	22050.000	
274	Waveform 1	1	511.365403284	511.613547994	0.000	22050.000	
274	Spectrogram 1	1	511.365403284	511.613547994	0.000	22050.000	
275	Waveform 1	1	512.062320344	512.336863428	0.000	22050.000	
275	Spectrogram 1	1	512.062320344	512.336863428	0.000	22050.000	
276	Waveform 1	1	512.917627645	513.263446338	0.000	22050.000	
276	Spectrogram 1	1	512.917627645	513.263446338	0.000	22050.000	
277	Waveform 1	1	518.912698266	519.332432404	0.000	22050.000	
277	Spectrogram 1	1	518.912698266	519.332432404	0.000	22050.000	
278	Waveform 1	1	520.404206368	520.773783597	0.000	22050.000	
278	Spectrogram 1	1	520.404206368	520.773783597	0.000	22050.000	
279	Waveform 1	1	521.473340495	521.737324230	0.000	22050.000	
279	Spectrogram 1	1	521.473340495	521.737324230	0.000	22050.000	
280	Waveform 1	1	521.821799025	522.146499019	0.000	22050.000	
280	Spectrogram 1	1	521.821799025	522.146499019	0.000	22050.000	
281	Waveform 1	1	522.273211212	522.959568923	0.000	22050.000	
281	Spectrogram 1	1	522.273211212	522.959568923	0.000	22050.000	
