Selection	View	Channel	Begin Time (s)	End Time (s)	Low Freq (Hz)	High Freq (Hz)	Annotation
1	Waveform 1	1	1.993943425	2.254115722	0.000	22050.000	
1	Spectrogram 1	1	1.993943425	2.254115722	0.000	22050.000	
2	Waveform 1	1	3.578435365	3.806619265	0.000	22050.000	
2	Spectrogram 1	1	3.578435365	3.806619265	0.000	22050.000	
3	Waveform 1	1	4.071056682	4.339759218	0.000	22050.000	
3	Spectrogram 1	1	4.071056682	4.339759218	0.000	22050.000	
4	Waveform 1	1	5.009382999	5.350592569	0.000	22050.000	
4	Spectrogram 1	1	5.009382999	5.350592569	0.000	22050.000	
5	Waveform 1	1	5.380448407	5.679006780	0.000	22050.000	
5	Spectrogram 1	1	5.380448407	5.679006780	0.000	22050.000	
6	Waveform 1	1	8.163438962	8.464129895	0.000	22050.000	
6	Spectrogram 1	1	8.163438962	8.464129895	0.000	22050.000	
7	Waveform 1	1	8.549432288	8.847990661	0.000	22050.000	
7	Spectrogram 1	1	8.549432288	8.847990661	0.000	22050.000	
8	Waveform 1	1	10.716113057	11.138359900	0.000	22050.000	
8	Spectrogram 1	1	10.716113057	11.138359900	0.000	22050.000	
9	Waveform 1	1	11.198071575	11.468906671	0.000	22050.000	
9	Spectrogram 1	1	11.198071575	11.468906671	0.000	22050.000	
10	Waveform 1	1	13.398873301	13.693166555	0.000	22050.000	
10	Spectrogram 1	1	13.398873301	13.693166555	0.000	22050.000	
11	Waveform 1	1	16.461229192	16.744859647	0.000	22050.000	
11	Spectrogram 1	1	16.461229192	16.744859647	0.000	22050.000	
12	Waveform 1	1	18.039323453	18.316556228	0.000	22050.000	
12	Spectrogram 1	1	18.039323453	18.316556228	0.000	22050.000	
13	Waveform 1	1	18.367737664	18.617247162	0.000	22050.000	
13	Spectrogram 1	1	18.367737664	18.617247162	0.000	22050.000	
14	Waveform 1	1	19.834938815	20.182546064	0.000	22050.000	
14	Spectrogram 1	1	19.834938815	20.182546064	0.000	22050.000	
15	Waveform 1	1	23.854814061	24.065937482	0.000	22050.000	
15	Spectrogram 1	1	23.854814061	24.065937482	0.000	22050.000	
16	Waveform 1	1	24.906166049	25.253773298	0.000	22050.000	
16	Spectrogram 1	1	24.906166049	25.253773298	0.000	22050.000	
17	Waveform 1	1	25.816769088	26.226220572	0.000	22050.000	
17	Spectrogram 1	1	25.816769088	26.226220572	0.000	22050.000	
18	Waveform 1	1	28.339587346	28.870594740	0.000	22050.000	
18	Spectrogram 1	1	28.339587346	28.870594740	0.000	22050.000	
19	Waveform 1	1	32.826493192	33.071737570	0.000	22050.000	
19	Spectrogram 1	1	32.826493192	33.071737570	0.000	22050.000	
20	Waveform 1	1	34.935594846	35.101934511	0.000	22050.000	
20	Spectrogram 1	1	34.935594846	35.101934511	0.000	22050.000	
21	Waveform 1	1	35.827004848	36.383602959	0.000	22050.000	
21	Spectrogram 1	1	35.827004848	36.383602959	0.000	22050.000	
22	Waveform 1	1	37.991553057	38.307171909	0.000	22050.000	
22	Spectrogram 1	1	37.991553057	38.307171909	0.000	22050.000	
23	Waveform 1	1	42.727968400	42.947622061	0.000	22050.000	
23	Spectrogram 1	1	42.727968400	42.947622061	0.000	22050.000	
24	Waveform 1	1	43.180071081	43.472231775	0.000	22050.000	
24	Spectrogram 1	1	43.180071081	43.472231775	0.000	22050.000	
25	Waveform 1	1	43.728138952	43.956322852	0.000	22050.000	
25	Spectrogram 1	1	43.728138952	43.956322852	0.000	22050.000	
26	Waveform 1	1	45.673033501	46.131533861	0.000	22050.000	
26	Spectrogram 1	1	45.673033501	46.131533861	0.000	22050.000	
27	Waveform 1	1	75.351868410	75.543798793	0.000	22050.000	
27	Spectrogram 1	1	75.351868410	75.543798793	0.000	22050.000	
28	Waveform 1	1	75.580052310	75.729331497	0.000	22050.000	
28	Spectrogram 1	1	75.580052310	75.729331497	0.000	22050.000	
29	Waveform 1	1	75.761319894	75.919129320	0.000	22050.000	
29	Spectrogram 1	1	75.761319894	75.919129320	0.000	22050.000	
30	Waveform 1	1	75.953250277	76.066275947	0.000	22050.000	
30	Spectrogram 1	1	75.953250277	76.066275947	0.000	22050.000	
31	Waveform 1	1	76.085468985	76.192096976	0.000	22050.000	
31	Spectrogram 1	1	76.085468985	76.192096976	0.000	22050.000	
32	Waveform 1	1	76.226217933	76.390425039	0.000	22050.000	
32	Spectrogram 1	1	76.226217933	76.390425039	0.000	22050.000	
33	Waveform 1	1	76.411750637	76.665525254	0.000	22050.000	
33	Spectrogram 1	1	76.411750637	76.665525254	0.000	22050.000	
34	Waveform 1	1	76.697513652	76.861720757	0.000	22050.000	
34	Spectrogram 1	1	76.697513652	76.861720757	0.000	22050.000	
35	Waveform 1	1	76.910769633	77.124025614	0.000	22050.000	
35	Spectrogram 1	1	76.910769633	77.124025614	0.000	22050.000	
36	Waveform 1	1	77.251979203	77.420451428	0.000	22050.000	
36	Spectrogram 1	1	77.251979203	77.420451428	0.000	22050.000	
37	Waveform 1	1	80.273816457	80.557446912	0.000	22050.000	
37	Spectrogram 1	1	80.273816457	80.557446912	0.000	22050.000	
38	Waveform 1	1	80.578772510	80.853872726	0.000	22050.000	
38	Spectrogram 1	1	80.578772510	80.853872726	0.000	22050.000	
39	Waveform 1	1	81.267589329	81.544822105	0.000	22050.000	
39	Spectrogram 1	1	81.267589329	81.544822105	0.000	22050.000	
40	Waveform 1	1	81.578943062	81.868971197	0.000	22050.000	
40	Spectrogram 1	1	81.578943062	81.868971197	0.000	22050.000	
41	Waveform 1	1	84.528273283	84.856687494	0.000	22050.000	
41	Spectrogram 1	1	84.528273283	84.856687494	0.000	22050.000	
42	Waveform 1	1	85.012364360	85.400490246	0.000	22050.000	
42	Spectrogram 1	1	85.012364360	85.400490246	0.000	22050.000	
43	Waveform 1	1	88.763537070	89.155928075	0.000	22050.000	
43	Spectrogram 1	1	88.763537070	89.155928075	0.000	22050.000	
44	Waveform 1	1	89.902324010	90.298980135	0.000	22050.000	
44	Spectrogram 1	1	89.902324010	90.298980135	0.000	22050.000	
45	Waveform 1	1	90.350161570	90.638057145	0.000	22050.000	
45	Spectrogram 1	1	90.350161570	90.638057145	0.000	22050.000	
46	Waveform 1	1	91.552925304	91.913327913	0.000	22050.000	
46	Spectrogram 1	1	91.552925304	91.913327913	0.000	22050.000	
47	Waveform 1	1	93.267503394	93.610845523	0.000	22050.000	
47	Spectrogram 1	1	93.267503394	93.610845523	0.000	22050.000	
48	Waveform 1	1	93.713208394	94.013899328	0.000	22050.000	
48	Spectrogram 1	1	93.713208394	94.013899328	0.000	22050.000	
49	Waveform 1	1	96.148591700	96.391703519	0.000	22050.000	
49	Spectrogram 1	1	96.148591700	96.391703519	0.000	22050.000	
50	Waveform 1	1	96.438619835	96.698792132	0.000	22050.000	
50	Spectrogram 1	1	96.438619835	96.698792132	0.000	22050.000	
51	Waveform 1	1	96.773431725	97.008013304	0.000	22050.000	
51	Spectrogram 1	1	96.773431725	97.008013304	0.000	22050.000	
52	Waveform 1	1	97.020808663	97.240462324	0.000	22050.000	
52	Spectrogram 1	1	97.020808663	97.240462324	0.000	22050.000	
53	Waveform 1	1	104.973124204	105.241826740	0.000	22050.000	
53	Spectrogram 1	1	104.973124204	105.241826740	0.000	22050.000	
54	Waveform 1	1	109.161471675	109.391788135	0.000	22050.000	
54	Spectrogram 1	1	109.161471675	109.391788135	0.000	22050.000	
55	Waveform 1	1	109.905735050	110.133918950	0.000	22050.000	
55	Spectrogram 1	1	109.905735050	110.133918950	0.000	22050.000	
56	Waveform 1	1	110.195763184	110.430344763	0.000	22050.000	
56	Spectrogram 1	1	110.195763184	110.430344763	0.000	22050.000	
57	Waveform 1	1	110.479393639	110.743831056	0.000	22050.000	
57	Spectrogram 1	1	110.479393639	110.743831056	0.000	22050.000	
58	Waveform 1	1	111.291898928	111.566999143	0.000	22050.000	
58	Spectrogram 1	1	111.291898928	111.566999143	0.000	22050.000	
59	Waveform 1	1	111.645903857	111.955125029	0.000	22050.000	
59	Spectrogram 1	1	111.645903857	111.955125029	0.000	22050.000	
60	Waveform 1	1	111.987113427	112.230225245	0.000	22050.000	
60	Spectrogram 1	1	111.987113427	112.230225245	0.000	22050.000	
61	Waveform 1	1	113.187744601	113.330626108	0.000	22050.000	
61	Spectrogram 1	1	113.187744601	113.330626108	0.000	22050.000	
62	Waveform 1	1	113.343421467	113.535351850	0.000	22050.000	
62	Spectrogram 1	1	113.343421467	113.535351850	0.000	22050.000	
63	Waveform 1	1	114.480075847	114.785031900	0.000	22050.000	
63	Spectrogram 1	1	114.480075847	114.785031900	0.000	22050.000	
64	Waveform 1	1	115.699900060	115.992060754	0.000	22050.000	
64	Spectrogram 1	1	115.699900060	115.992060754	0.000	22050.000	
65	Waveform 1	1	116.693672932	116.911194033	0.000	22050.000	
65	Spectrogram 1	1	116.693672932	116.911194033	0.000	22050.000	
66	Waveform 1	1	121.276543969	121.643344257	0.000	22050.000	
66	Spectrogram 1	1	121.276543969	121.643344257	0.000	22050.000	
67	Waveform 1	1	123.530659691	123.929448376	0.000	22050.000	
67	Spectrogram 1	1	123.530659691	123.929448376	0.000	22050.000	
68	Waveform 1	1	124.878437492	125.358263450	0.000	22050.000	
68	Spectrogram 1	1	124.878437492	125.358263450	0.000	22050.000	
69	Waveform 1	1	125.699473020	126.113189624	0.000	22050.000	
69	Spectrogram 1	1	125.699473020	126.113189624	0.000	22050.000	
70	Waveform 1	1	126.944887950	127.264771922	0.000	22050.000	
70	Spectrogram 1	1	126.944887950	127.264771922	0.000	22050.000	
71	Waveform 1	1	130.905051522	131.367817001	0.000	22050.000	
71	Spectrogram 1	1	130.905051522	131.367817001	0.000	22050.000	
72	Waveform 1	1	131.468047312	131.775135925	0.000	22050.000	
72	Spectrogram 1	1	131.468047312	131.775135925	0.000	22050.000	
73	Waveform 1	1	133.709367675	133.963142293	0.000	22050.000	
73	Spectrogram 1	1	133.709367675	133.963142293	0.000	22050.000	
74	Waveform 1	1	134.003660929	134.368328657	0.000	22050.000	
74	Spectrogram 1	1	134.003660929	134.368328657	0.000	22050.000	
75	Waveform 1	1	135.600948229	135.805673971	0.000	22050.000	
75	Spectrogram 1	1	135.600948229	135.805673971	0.000	22050.000	
76	Waveform 1	1	135.927229880	136.174606818	0.000	22050.000	
76	Spectrogram 1	1	135.927229880	136.174606818	0.000	22050.000	
77	Waveform 1	1	136.266306890	136.552069905	0.000	22050.000	
77	Spectrogram 1	1	136.266306890	136.552069905	0.000	22050.000	
78	Waveform 1	1	136.566997824	136.871953877	0.000	22050.000	
78	Spectrogram 1	1	136.566997824	136.871953877	0.000	22050.000	
79	Waveform 1	1	138.524687732	138.850969383	0.000	22050.000	
79	Spectrogram 1	1	138.524687732	138.850969383	0.000	22050.000	
80	Waveform 1	1	139.168720795	139.469411728	0.000	22050.000	
80	Spectrogram 1	1	139.168720795	139.469411728	0.000	22050.000	
81	Waveform 1	1	140.542089314	140.861973286	0.000	22050.000	
81	Spectrogram 1	1	140.542089314	140.861973286	0.000	22050.000	
82	Waveform 1	1	142.625600251	142.902833026	0.000	22050.000	
82	Spectrogram 1	1	142.625600251	142.902833026	0.000	22050.000	
83	Waveform 1	1	143.039316854	143.371996185	0.000	22050.000	
83	Spectrogram 1	1	143.039316854	143.371996185	0.000	22050.000	
84	Waveform 1	1	146.929105952	147.242592244	0.000	22050.000	
84	Spectrogram 1	1	146.929105952	147.242592244	0.000	22050.000	
85	Waveform 1	1	147.391871431	147.681899566	0.000	22050.000	
85	Spectrogram 1	1	147.391871431	147.681899566	0.000	22050.000	
86	Waveform 1	1	147.754406599	147.969795140	0.000	22050.000	
86	Spectrogram 1	1	147.754406599	147.969795140	0.000	22050.000	
87	Waveform 1	1	151.100392945	151.324311725	0.000	22050.000	
87	Spectrogram 1	1	151.100392945	151.324311725	0.000	22050.000	
88	Waveform 1	1	152.405519550	152.601715053	0.000	22050.000	
88	Spectrogram 1	1	152.405519550	152.601715053	0.000	22050.000	
89	Waveform 1	1	153.405690102	153.665862399	0.000	22050.000	
89	Spectrogram 1	1	153.405690102	153.665862399	0.000	22050.000	
90	Waveform 1	1	157.141934893	157.438360707	0.000	22050.000	
90	Spectrogram 1	1	157.141934893	157.438360707	0.000	22050.000	
91	Waveform 1	1	157.521530540	157.700665564	0.000	22050.000	
91	Spectrogram 1	1	157.521530540	157.700665564	0.000	22050.000	
92	Waveform 1	1	157.753979560	158.073863531	0.000	22050.000	
92	Spectrogram 1	1	157.753979560	158.073863531	0.000	22050.000	
93	Waveform 1	1	158.466254537	158.828789705	0.000	22050.000	
93	Spectrogram 1	1	158.466254537	158.828789705	0.000	22050.000	
94	Waveform 1	1	158.867175782	159.167866715	0.000	22050.000	
94	Spectrogram 1	1	158.867175782	159.167866715	0.000	22050.000	
95	Waveform 1	1	160.447402603	160.622272507	0.000	22050.000	
95	Spectrogram 1	1	160.447402603	160.622272507	0.000	22050.000	
96	Waveform 1	1	162.974900180	163.294585051	0.000	22050.000	
96	Spectrogram 1	1	162.974900180	163.294585051	0.000	22050.000	
97	Waveform 1	1	44.006729770	44.374668962	0.000	22050.000	
97	Spectrogram 1	1	44.006729770	44.374668962	0.000	22050.000	
98	Waveform 1	1	44.971816173	45.418168635	0.000	22050.000	
98	Spectrogram 1	1	44.971816173	45.418168635	0.000	22050.000	
99	Waveform 1	1	49.368991097	49.984233679	0.000	22050.000	
99	Spectrogram 1	1	49.368991097	49.984233679	0.000	22050.000	
100	Waveform 1	1	168.955976148	169.206600723	0.000	22050.000	
100	Spectrogram 1	1	168.955976148	169.206600723	0.000	22050.000	
101	Waveform 1	1	179.345342419	179.613741787	0.000	22050.000	
101	Spectrogram 1	1	179.345342419	179.613741787	0.000	22050.000	
102	Waveform 1	1	183.403327568	183.556190784	0.000	22050.000	
102	Spectrogram 1	1	183.403327568	183.556190784	0.000	22050.000	
103	Waveform 1	1	192.018769538	192.228512091	0.000	22050.000	
103	Spectrogram 1	1	192.018769538	192.228512091	0.000	22050.000	
104	Waveform 1	1	194.158854566	194.365042160	0.000	22050.000	
104	Spectrogram 1	1	194.158854566	194.365042160	0.000	22050.000	
105	Waveform 1	1	202.329926722	202.523671961	0.000	22050.000	
105	Spectrogram 1	1	202.329926722	202.523671961	0.000	22050.000	
106	Waveform 1	1	202.534336836	202.786738891	0.000	22050.000	
106	Spectrogram 1	1	202.534336836	202.786738891	0.000	22050.000	
107	Waveform 1	1	203.623931622	203.890553511	0.000	22050.000	
107	Spectrogram 1	1	203.623931622	203.890553511	0.000	22050.000	
108	Waveform 1	1	203.897663428	204.132290691	0.000	22050.000	
108	Spectrogram 1	1	203.897663428	204.132290691	0.000	22050.000	
109	Waveform 1	1	204.153620442	204.462901833	0.000	22050.000	
109	Spectrogram 1	1	204.153620442	204.462901833	0.000	22050.000	
110	Waveform 1	1	204.589102860	204.946376191	0.000	22050.000	
110	Spectrogram 1	1	204.589102860	204.946376191	0.000	22050.000	
111	Waveform 1	1	204.989035694	205.207665643	0.000	22050.000	
111	Spectrogram 1	1	204.989035694	205.207665643	0.000	22050.000	
112	Waveform 1	1	208.783953912	209.020358654	0.000	22050.000	
112	Spectrogram 1	1	208.783953912	209.020358654	0.000	22050.000	
113	Waveform 1	1	209.390074340	209.720685482	0.000	22050.000	
113	Spectrogram 1	1	209.390074340	209.720685482	0.000	22050.000	
114	Waveform 1	1	213.238316936	213.444504530	0.000	22050.000	
114	Spectrogram 1	1	213.238316936	213.444504530	0.000	22050.000	
115	Waveform 1	1	213.512048742	213.668466917	0.000	22050.000	
115	Spectrogram 1	1	213.512048742	213.668466917	0.000	22050.000	
116	Waveform 1	1	213.709348940	213.915536534	0.000	22050.000	
116	Spectrogram 1	1	213.709348940	213.915536534	0.000	22050.000	
117	Waveform 1	1	217.738894421	217.982409080	0.000	22050.000	
117	Spectrogram 1	1	217.738894421	217.982409080	0.000	22050.000	
118	Waveform 1	1	217.987741517	218.273915678	0.000	22050.000	
118	Spectrogram 1	1	217.987741517	218.273915678	0.000	22050.000	
119	Waveform 1	1	226.478759940	226.875137814	0.000	22050.000	
119	Spectrogram 1	1	226.478759940	226.875137814	0.000	22050.000	
120	Waveform 1	1	229.832863302	230.081710398	0.000	22050.000	
120	Spectrogram 1	1	229.832863302	230.081710398	0.000	22050.000	
121	Waveform 1	1	230.991779779	231.251291751	0.000	22050.000	
121	Spectrogram 1	1	230.991779779	231.251291751	0.000	22050.000	
122	Waveform 1	1	234.571623007	234.793807915	0.000	22050.000	
122	Spectrogram 1	1	234.571623007	234.793807915	0.000	22050.000	
123	Waveform 1	1	236.414868999	236.645941303	0.000	22050.000	
123	Spectrogram 1	1	236.414868999	236.645941303	0.000	22050.000	
124	Waveform 1	1	236.649496262	236.802359478	0.000	22050.000	
124	Spectrogram 1	1	236.649496262	236.802359478	0.000	22050.000	
125	Waveform 1	1	236.825466708	237.147190454	0.000	22050.000	
125	Spectrogram 1	1	236.825466708	237.147190454	0.000	22050.000	
126	Waveform 1	1	237.172075164	237.456471845	0.000	22050.000	
126	Spectrogram 1	1	237.172075164	237.456471845	0.000	22050.000	
127	Waveform 1	1	237.474246638	237.753310882	0.000	22050.000	
127	Spectrogram 1	1	237.474246638	237.753310882	0.000	22050.000	
128	Waveform 1	1	239.603666791	239.786747154	0.000	22050.000	
128	Spectrogram 1	1	239.603666791	239.786747154	0.000	22050.000	
129	Waveform 1	1	242.060143127	242.300102827	0.000	22050.000	
129	Spectrogram 1	1	242.060143127	242.300102827	0.000	22050.000	
130	Waveform 1	1	265.737944341	265.956574290	0.000	22050.000	
130	Spectrogram 1	1	265.737944341	265.956574290	0.000	22050.000	
131	Waveform 1	1	266.356507124	266.564472197	0.000	22050.000	
131	Spectrogram 1	1	266.356507124	266.564472197	0.000	22050.000	
132	Waveform 1	1	267.565193020	267.842479784	0.000	22050.000	
132	Spectrogram 1	1	267.565193020	267.842479784	0.000	22050.000	
133	Waveform 1	1	267.872696932	268.057554775	0.000	22050.000	
133	Spectrogram 1	1	267.872696932	268.057554775	0.000	22050.000	
134	Waveform 1	1	273.283343797	273.484198954	0.000	22050.000	
134	Spectrogram 1	1	273.283343797	273.484198954	0.000	22050.000	
135	Waveform 1	1	294.154505261	294.511778592	0.000	22050.000	SAT.NA_leaving.nest.FP33_04
135	Spectrogram 1	1	294.154505261	294.511778592	0.000	22050.000	SAT.NA_leaving.nest.FP33_04
136	Waveform 1	1	294.739295937	295.039689932	0.000	22050.000	SAT.NA_leaving.nest.FP33_04
136	Spectrogram 1	1	294.739295937	295.039689932	0.000	22050.000	SAT.NA_leaving.nest.FP33_04
137	Waveform 1	1	301.422617953	301.687462362	0.000	22050.000	
137	Spectrogram 1	1	301.422617953	301.687462362	0.000	22050.000	
138	Waveform 1	1	302.032293339	302.338019771	0.000	22050.000	
138	Spectrogram 1	1	302.032293339	302.338019771	0.000	22050.000	
139	Waveform 1	1	302.375346836	302.604641660	0.000	22050.000	
139	Spectrogram 1	1	302.375346836	302.604641660	0.000	22050.000	
140	Waveform 1	1	302.611751577	302.825049088	0.000	22050.000	
140	Spectrogram 1	1	302.611751577	302.825049088	0.000	22050.000	
141	Waveform 1	1	302.862376153	303.217872005	0.000	22050.000	
141	Spectrogram 1	1	302.862376153	303.217872005	0.000	22050.000	
142	Waveform 1	1	305.006016140	305.221091130	0.000	22050.000	
142	Spectrogram 1	1	305.006016140	305.221091130	0.000	22050.000	
143	Waveform 1	1	305.272638028	305.464605788	0.000	22050.000	
143	Spectrogram 1	1	305.272638028	305.464605788	0.000	22050.000	
144	Waveform 1	1	305.565922106	305.704565489	0.000	22050.000	
144	Spectrogram 1	1	305.565922106	305.704565489	0.000	22050.000	
145	Waveform 1	1	305.795216931	305.944525189	0.000	22050.000	
145	Spectrogram 1	1	305.795216931	305.944525189	0.000	22050.000	
146	Waveform 1	1	306.019179317	306.164932617	0.000	22050.000	
146	Spectrogram 1	1	306.019179317	306.164932617	0.000	22050.000	
147	Waveform 1	1	307.562031315	307.771773867	0.000	22050.000	
147	Spectrogram 1	1	307.562031315	307.771773867	0.000	22050.000	
148	Waveform 1	1	307.871312706	308.193036452	0.000	22050.000	
148	Spectrogram 1	1	307.871312706	308.193036452	0.000	22050.000	
149	Waveform 1	1	308.827596547	309.062223809	0.000	22050.000	
149	Spectrogram 1	1	308.827596547	309.062223809	0.000	22050.000	
150	Waveform 1	1	309.215087026	309.607909942	0.000	22050.000	
150	Spectrogram 1	1	309.215087026	309.607909942	0.000	22050.000	
151	Waveform 1	1	309.727001052	310.189145660	0.000	22050.000	
151	Spectrogram 1	1	309.727001052	310.189145660	0.000	22050.000	
152	Waveform 1	1	311.854643726	312.144372845	0.000	22050.000	
152	Spectrogram 1	1	311.854643726	312.144372845	0.000	22050.000	
153	Waveform 1	1	314.702165499	314.863916112	0.000	22050.000	
153	Spectrogram 1	1	314.702165499	314.863916112	0.000	22050.000	
154	Waveform 1	1	316.355221211	316.536524095	0.000	22050.000	
154	Spectrogram 1	1	316.355221211	316.536524095	0.000	22050.000	
155	Waveform 1	1	316.719604459	316.954231721	0.000	22050.000	
155	Spectrogram 1	1	316.719604459	316.954231721	0.000	22050.000	
156	Waveform 1	1	320.798919359	321.024659225	0.000	22050.000	
156	Spectrogram 1	1	320.798919359	321.024659225	0.000	22050.000	
157	Waveform 1	1	322.279559582	322.569288701	0.000	22050.000	
157	Spectrogram 1	1	322.279559582	322.569288701	0.000	22050.000	
158	Waveform 1	1	323.975274796	324.517405970	0.000	22050.000	
158	Spectrogram 1	1	323.975274796	324.517405970	0.000	22050.000	
159	Waveform 1	1	325.400813162	325.797191037	0.000	22050.000	SAT.01_NA_NA
159	Spectrogram 1	1	325.400813162	325.797191037	0.000	22050.000	SAT.01_NA_NA
160	Waveform 1	1	325.811410871	326.133134617	0.000	22050.000	SAT.01_NA_NA
160	Spectrogram 1	1	325.811410871	326.133134617	0.000	22050.000	SAT.01_NA_NA
161	Waveform 1	1	326.161574285	326.533067450	0.000	22050.000	SAT.01_NA_NA
161	Spectrogram 1	1	326.161574285	326.533067450	0.000	22050.000	SAT.01_NA_NA
162	Waveform 1	1	326.922335408	327.044981477	0.000	22050.000	
162	Spectrogram 1	1	326.922335408	327.044981477	0.000	22050.000	
163	Waveform 1	1	330.754580691	330.971433161	0.000	22050.000	
163	Spectrogram 1	1	330.754580691	330.971433161	0.000	22050.000	
164	Waveform 1	1	334.211777850	334.369973505	0.000	22050.000	
164	Spectrogram 1	1	334.211777850	334.369973505	0.000	22050.000	
165	Waveform 1	1	334.389525776	334.513949325	0.000	22050.000	
165	Spectrogram 1	1	334.389525776	334.513949325	0.000	22050.000	
166	Waveform 1	1	336.860221947	337.231715112	0.000	22050.000	
166	Spectrogram 1	1	336.860221947	337.231715112	0.000	22050.000	
167	Waveform 1	1	337.350806222	337.699192157	0.000	22050.000	
167	Spectrogram 1	1	337.350806222	337.699192157	0.000	22050.000	
168	Waveform 1	1	338.028025820	338.264430562	0.000	22050.000	
168	Spectrogram 1	1	338.028025820	338.264430562	0.000	22050.000	
169	Waveform 1	1	338.321309898	338.443955967	0.000	22050.000	
169	Spectrogram 1	1	338.321309898	338.443955967	0.000	22050.000	
170	Waveform 1	1	338.783454506	338.964757390	0.000	22050.000	
170	Spectrogram 1	1	338.783454506	338.964757390	0.000	22050.000	
171	Waveform 1	1	340.217880268	340.493389553	0.000	22050.000	
171	Spectrogram 1	1	340.217880268	340.493389553	0.000	22050.000	
172	Waveform 1	1	342.633474581	342.903651429	0.000	22050.000	
172	Spectrogram 1	1	342.633474581	342.903651429	0.000	22050.000	
173	Waveform 1	1	342.955198327	343.225375175	0.000	22050.000	
173	Spectrogram 1	1	342.955198327	343.225375175	0.000	22050.000	
174	Waveform 1	1	343.635972884	343.774616266	0.000	22050.000	
174	Spectrogram 1	1	343.635972884	343.774616266	0.000	22050.000	
175	Waveform 1	1	343.902594773	344.043015634	0.000	22050.000	
175	Spectrogram 1	1	343.902594773	344.043015634	0.000	22050.000	
176	Waveform 1	1	344.076787740	344.290085251	0.000	22050.000	
176	Spectrogram 1	1	344.076787740	344.290085251	0.000	22050.000	
177	Waveform 1	1	344.467833177	344.666910854	0.000	22050.000	
177	Spectrogram 1	1	344.467833177	344.666910854	0.000	22050.000	
178	Waveform 1	1	344.777114568	344.915757950	0.000	22050.000	
178	Spectrogram 1	1	344.777114568	344.915757950	0.000	22050.000	
179	Waveform 1	1	344.940642660	345.200154632	0.000	22050.000	
179	Spectrogram 1	1	344.940642660	345.200154632	0.000	22050.000	
180	Waveform 1	1	345.251701530	345.502326106	0.000	22050.000	
180	Spectrogram 1	1	345.251701530	345.502326106	0.000	22050.000	
181	Waveform 1	1	345.557427963	345.859599437	0.000	22050.000	
181	Spectrogram 1	1	345.557427963	345.859599437	0.000	22050.000	
182	Waveform 1	1	345.904036419	346.046234759	0.000	22050.000	
182	Spectrogram 1	1	345.904036419	346.046234759	0.000	22050.000	
183	Waveform 1	1	346.076451907	346.355516150	0.000	22050.000	
183	Spectrogram 1	1	346.076451907	346.355516150	0.000	22050.000	
184	Waveform 1	1	346.378623381	346.643467791	0.000	22050.000	
184	Spectrogram 1	1	346.378623381	346.643467791	0.000	22050.000	
185	Waveform 1	1	347.653076010	347.885925793	0.000	22050.000	
185	Spectrogram 1	1	347.653076010	347.885925793	0.000	22050.000	
186	Waveform 1	1	348.237866686	348.399617299	0.000	22050.000	
186	Spectrogram 1	1	348.237866686	348.399617299	0.000	22050.000	
187	Waveform 1	1	348.436944363	348.612914810	0.000	22050.000	
187	Spectrogram 1	1	348.436944363	348.612914810	0.000	22050.000	
188	Waveform 1	1	348.641354478	348.890201574	0.000	22050.000	
188	Spectrogram 1	1	348.641354478	348.890201574	0.000	22050.000	
189	Waveform 1	1	349.359456099	349.727394306	0.000	22050.000	
189	Spectrogram 1	1	349.359456099	349.727394306	0.000	22050.000	
190	Waveform 1	1	349.761166411	350.002903591	0.000	22050.000	
190	Spectrogram 1	1	349.761166411	350.002903591	0.000	22050.000	
191	Waveform 1	1	350.077557720	350.324627337	0.000	22050.000	
191	Spectrogram 1	1	350.077557720	350.324627337	0.000	22050.000	
192	Waveform 1	1	350.347734567	350.529037452	0.000	22050.000	
192	Spectrogram 1	1	350.347734567	350.529037452	0.000	22050.000	
193	Waveform 1	1	350.600136622	350.861426073	0.000	22050.000	
193	Spectrogram 1	1	350.600136622	350.861426073	0.000	22050.000	
194	Waveform 1	1	351.199147132	351.405334726	0.000	22050.000	
194	Spectrogram 1	1	351.199147132	351.405334726	0.000	22050.000	
195	Waveform 1	1	351.433774395	351.570640298	0.000	22050.000	
195	Spectrogram 1	1	351.433774395	351.570640298	0.000	22050.000	
196	Waveform 1	1	351.623964675	351.887031606	0.000	22050.000	
196	Spectrogram 1	1	351.623964675	351.887031606	0.000	22050.000	
197	Waveform 1	1	352.027452467	352.363396047	0.000	22050.000	
197	Spectrogram 1	1	352.027452467	352.363396047	0.000	22050.000	
198	Waveform 1	1	352.823763175	353.191701382	0.000	22050.000	
198	Spectrogram 1	1	352.823763175	353.191701382	0.000	22050.000	
199	Waveform 1	1	353.250358198	353.580969340	0.000	22050.000	
199	Spectrogram 1	1	353.250358198	353.580969340	0.000	22050.000	
200	Waveform 1	1	353.636071197	353.943575109	0.000	22050.000	
200	Spectrogram 1	1	353.636071197	353.943575109	0.000	22050.000	
201	Waveform 1	1	354.046668906	354.409274675	0.000	22050.000	
201	Spectrogram 1	1	354.046668906	354.409274675	0.000	22050.000	
202	Waveform 1	1	355.520199212	355.729941764	0.000	22050.000	
202	Spectrogram 1	1	355.520199212	355.729941764	0.000	22050.000	
203	Waveform 1	1	355.850810354	356.090770054	0.000	22050.000	
203	Spectrogram 1	1	355.850810354	356.090770054	0.000	22050.000	
204	Waveform 1	1	357.326118139	357.615847259	0.000	22050.000	
204	Spectrogram 1	1	357.326118139	357.615847259	0.000	22050.000	
205	Waveform 1	1	357.720718535	357.976675548	0.000	22050.000	
205	Spectrogram 1	1	357.720718535	357.976675548	0.000	22050.000	
208	Waveform 1	1	358.028222447	358.303731732	0.000	22050.000	
208	Spectrogram 1	1	358.028222447	358.303731732	0.000	22050.000	
209	Waveform 1	1	358.655672625	358.927626952	0.000	22050.000	
209	Spectrogram 1	1	358.655672625	358.927626952	0.000	22050.000	
210	Waveform 1	1	358.936514348	359.130259588	0.000	22050.000	
210	Spectrogram 1	1	358.936514348	359.130259588	0.000	22050.000	
211	Waveform 1	1	359.137369505	359.331114744	0.000	22050.000	
211	Spectrogram 1	1	359.137369505	359.331114744	0.000	22050.000	
212	Waveform 1	1	359.512417628	359.720382702	0.000	22050.000	
212	Spectrogram 1	1	359.512417628	359.720382702	0.000	22050.000	
213	Waveform 1	1	360.161197558	360.413599613	0.000	22050.000	
213	Spectrogram 1	1	360.161197558	360.413599613	0.000	22050.000	
214	Waveform 1	1	362.169749121	362.370604277	0.000	22050.000	
214	Spectrogram 1	1	362.169749121	362.370604277	0.000	22050.000	
215	Waveform 1	1	363.062043709	363.305558368	0.000	22050.000	
215	Spectrogram 1	1	363.062043709	363.305558368	0.000	22050.000	
216	Waveform 1	1	368.765974653	368.975717205	0.000	22050.000	
216	Spectrogram 1	1	368.765974653	368.975717205	0.000	22050.000	
217	Waveform 1	1	368.982827122	369.213899426	0.000	22050.000	
217	Spectrogram 1	1	368.982827122	369.213899426	0.000	22050.000	
218	Waveform 1	1	375.362200184	375.609269801	0.000	22050.000	
218	Spectrogram 1	1	375.362200184	375.609269801	0.000	22050.000	
219	Waveform 1	1	382.168168268	382.415237886	0.000	22050.000	
219	Spectrogram 1	1	382.168168268	382.415237886	0.000	22050.000	
220	Waveform 1	1	382.449009991	382.624980438	0.000	22050.000	
220	Spectrogram 1	1	382.449009991	382.624980438	0.000	22050.000	
221	Waveform 1	1	382.676527337	382.925374433	0.000	22050.000	
221	Spectrogram 1	1	382.676527337	382.925374433	0.000	22050.000	
222	Waveform 1	1	386.794946781	387.040238918	0.000	22050.000	
222	Spectrogram 1	1	386.794946781	387.040238918	0.000	22050.000	
223	Waveform 1	1	387.065123628	387.347742830	0.000	22050.000	
223	Spectrogram 1	1	387.065123628	387.347742830	0.000	22050.000	
224	Waveform 1	1	387.429506876	387.619697157	0.000	22050.000	
224	Spectrogram 1	1	387.429506876	387.619697157	0.000	22050.000	
225	Waveform 1	1	389.068342753	389.340297080	0.000	22050.000	
225	Spectrogram 1	1	389.068342753	389.340297080	0.000	22050.000	
226	Waveform 1	1	389.395398937	389.617583845	0.000	22050.000	
226	Spectrogram 1	1	389.395398937	389.617583845	0.000	22050.000	
227	Waveform 1	1	389.809551605	390.088615848	0.000	22050.000	
227	Spectrogram 1	1	389.809551605	390.088615848	0.000	22050.000	
228	Waveform 1	1	390.175712332	390.392564802	0.000	22050.000	
228	Spectrogram 1	1	390.175712332	390.392564802	0.000	22050.000	
229	Waveform 1	1	398.456988201	398.609851418	0.000	22050.000	
229	Spectrogram 1	1	398.456988201	398.609851418	0.000	22050.000	
230	Waveform 1	1	398.640068565	398.872918348	0.000	22050.000	
230	Spectrogram 1	1	398.640068565	398.872918348	0.000	22050.000	
231	Waveform 1	1	398.896025578	399.166202426	0.000	22050.000	
231	Spectrogram 1	1	398.896025578	399.166202426	0.000	22050.000	
232	Waveform 1	1	399.251521430	399.363502624	0.000	22050.000	
232	Spectrogram 1	1	399.251521430	399.363502624	0.000	22050.000	
233	Waveform 1	1	399.388387333	399.633679471	0.000	22050.000	
233	Spectrogram 1	1	399.388387333	399.633679471	0.000	22050.000	
234	Waveform 1	1	400.380220760	400.623735419	0.000	22050.000	
234	Spectrogram 1	1	400.380220760	400.623735419	0.000	22050.000	
235	Waveform 1	1	400.645065170	400.927684372	0.000	22050.000	
235	Spectrogram 1	1	400.645065170	400.927684372	0.000	22050.000	
236	Waveform 1	1	400.957901519	401.194306261	0.000	22050.000	
236	Spectrogram 1	1	400.957901519	401.194306261	0.000	22050.000	
237	Waveform 1	1	381.805643185	382.117346359	0.000	22050.000	
237	Spectrogram 1	1	381.805643185	382.117346359	0.000	22050.000	
238	Waveform 1	1	401.397695922	401.694316685	0.000	22050.000	
238	Spectrogram 1	1	401.397695922	401.694316685	0.000	22050.000	
239	Waveform 1	1	425.670323742	425.841257740	0.000	22050.000	
239	Spectrogram 1	1	425.670323742	425.841257740	0.000	22050.000	
240	Waveform 1	1	427.982960195	428.184059017	0.000	22050.000	
240	Spectrogram 1	1	427.982960195	428.184059017	0.000	22050.000	
241	Waveform 1	1	428.566146779	428.887904894	0.000	22050.000	
241	Spectrogram 1	1	428.566146779	428.887904894	0.000	22050.000	
242	Waveform 1	1	430.421283412	430.712876704	0.000	22050.000	
242	Spectrogram 1	1	430.421283412	430.712876704	0.000	22050.000	
243	Waveform 1	1	430.954195291	431.386557758	0.000	22050.000	
243	Spectrogram 1	1	430.954195291	431.386557758	0.000	22050.000	
244	Waveform 1	1	432.095431106	432.427244162	0.000	22050.000	
244	Spectrogram 1	1	432.095431106	432.427244162	0.000	22050.000	
245	Waveform 1	1	433.116007628	433.548370095	0.000	22050.000	
245	Spectrogram 1	1	433.116007628	433.548370095	0.000	22050.000	
246	Waveform 1	1	439.445593051	439.862873107	0.000	22050.000	
246	Spectrogram 1	1	439.445593051	439.862873107	0.000	22050.000	
247	Waveform 1	1	440.234905928	440.561691514	0.000	22050.000	
247	Spectrogram 1	1	440.234905928	440.561691514	0.000	22050.000	
248	Waveform 1	1	441.909053621	442.195619443	0.000	22050.000	
248	Spectrogram 1	1	441.909053621	442.195619443	0.000	22050.000	
249	Waveform 1	1	442.648091792	442.954767496	0.000	22050.000	
249	Spectrogram 1	1	442.648091792	442.954767496	0.000	22050.000	
250	Waveform 1	1	452.991848652	453.192703808	0.000	22050.000	
250	Spectrogram 1	1	452.991848652	453.192703808	0.000	22050.000	
251	Waveform 1	1	458.114543877	458.398940559	0.000	22050.000	
251	Spectrogram 1	1	458.114543877	458.398940559	0.000	22050.000	
252	Waveform 1	1	462.467590584	462.650670947	0.000	22050.000	
252	Spectrogram 1	1	462.467590584	462.650670947	0.000	22050.000	
253	Waveform 1	1	465.882128241	466.228736696	0.000	22050.000	
253	Spectrogram 1	1	465.882128241	466.228736696	0.000	22050.000	
254	Waveform 1	1	466.278506116	466.685548866	0.000	22050.000	
254	Spectrogram 1	1	466.278506116	466.685548866	0.000	22050.000	
255	Waveform 1	1	466.754870557	467.026824884	0.000	22050.000	
255	Spectrogram 1	1	466.754870557	467.026824884	0.000	22050.000	
256	Waveform 1	1	468.797194226	469.046041323	0.000	22050.000	
256	Spectrogram 1	1	468.797194226	469.046041323	0.000	22050.000	
257	Waveform 1	1	469.065593594	469.374874985	0.000	22050.000	
257	Spectrogram 1	1	469.065593594	469.374874985	0.000	22050.000	
258	Waveform 1	1	469.396204737	469.483301220	0.000	22050.000	
258	Spectrogram 1	1	469.396204737	469.483301220	0.000	22050.000	
259	Waveform 1	1	470.156965860	470.341823703	0.000	22050.000	
259	Spectrogram 1	1	470.156965860	470.341823703	0.000	22050.000	
260	Waveform 1	1	475.852009407	476.235944927	0.000	22050.000	
260	Spectrogram 1	1	475.852009407	476.235944927	0.000	22050.000	
261	Waveform 1	1	476.385253184	476.653652553	0.000	22050.000	
261	Spectrogram 1	1	476.385253184	476.653652553	0.000	22050.000	
262	Waveform 1	1	476.722974244	477.071360179	0.000	22050.000	
262	Spectrogram 1	1	476.722974244	477.071360179	0.000	22050.000	
263	Waveform 1	1	479.154565871	479.670034856	0.000	22050.000	
263	Spectrogram 1	1	479.154565871	479.670034856	0.000	22050.000	
264	Waveform 1	1	480.891163107	481.191557102	0.000	22050.000	
264	Spectrogram 1	1	480.891163107	481.191557102	0.000	22050.000	
265	Waveform 1	1	484.670084012	484.979365404	0.000	22050.000	
265	Spectrogram 1	1	484.670084012	484.979365404	0.000	22050.000	
266	Waveform 1	1	485.768566195	486.056517835	0.000	22050.000	
266	Spectrogram 1	1	485.768566195	486.056517835	0.000	22050.000	
267	Waveform 1	1	486.735514912	486.890155607	0.000	22050.000	
267	Spectrogram 1	1	486.735514912	486.890155607	0.000	22050.000	
268	Waveform 1	1	486.915040317	487.119450432	0.000	22050.000	
268	Spectrogram 1	1	486.915040317	487.119450432	0.000	22050.000	
269	Waveform 1	1	489.159996622	489.357296819	0.000	22050.000	
269	Spectrogram 1	1	489.159996622	489.357296819	0.000	22050.000	
270	Waveform 1	1	489.631028625	489.830106302	0.000	22050.000	
270	Spectrogram 1	1	489.631028625	489.830106302	0.000	22050.000	
271	Waveform 1	1	509.677439713	509.855187639	0.000	22050.000	
271	Spectrogram 1	1	509.677439713	509.855187639	0.000	22050.000	
272	Waveform 1	1	510.683492973	511.264728691	0.000	22050.000	
272	Spectrogram 1	1	510.683492973	511.264728691	0.000	22050.000	
273	Waveform 1	1	511.764200363	512.185462948	0.000	22050.000	
273	Spectrogram 1	1	511.764200363	512.185462948	0.000	22050.000	
274	Waveform 1	1	514.858791754	515.082754140	0.000	22050.000	
274	Spectrogram 1	1	514.858791754	515.082754140	0.000	22050.000	
275	Waveform 1	1	520.560945218	520.914663590	0.000	22050.000	
275	Spectrogram 1	1	520.560945218	520.914663590	0.000	22050.000	
276	Waveform 1	1	521.300376590	521.597215626	0.000	22050.000	
276	Spectrogram 1	1	521.300376590	521.597215626	0.000	22050.000	
277	Waveform 1	1	553.422981765	553.748260470	0.000	22050.000	
277	Spectrogram 1	1	553.422981765	553.748260470	0.000	22050.000	
278	Waveform 1	1	553.998885045	554.530351344	0.000	22050.000	
278	Spectrogram 1	1	553.998885045	554.530351344	0.000	22050.000	
279	Waveform 1	1	556.186962014	556.618889474	0.000	22050.000	
279	Spectrogram 1	1	556.186962014	556.618889474	0.000	22050.000	
280	Waveform 1	1	556.665103934	556.981495242	0.000	22050.000	
280	Spectrogram 1	1	556.665103934	556.981495242	0.000	22050.000	
281	Waveform 1	1	558.670100539	559.226451547	0.000	22050.000	
281	Spectrogram 1	1	558.670100539	559.226451547	0.000	22050.000	
282	Waveform 1	1	560.835070277	561.409196078	0.000	22050.000	
282	Spectrogram 1	1	560.835070277	561.409196078	0.000	22050.000	
283	Waveform 1	1	561.867785727	562.225059058	0.000	22050.000	
283	Spectrogram 1	1	561.867785727	562.225059058	0.000	22050.000	
284	Waveform 1	1	563.010704890	563.383975535	0.000	22050.000	
284	Spectrogram 1	1	563.010704890	563.383975535	0.000	22050.000	
285	Waveform 1	1	564.813068859	565.317872969	0.000	22050.000	
285	Spectrogram 1	1	564.813068859	565.317872969	0.000	22050.000	
286	Waveform 1	1	565.442296517	565.950655585	0.000	22050.000	
286	Spectrogram 1	1	565.442296517	565.950655585	0.000	22050.000	
287	Waveform 1	1	573.842663497	574.283478353	0.000	22050.000	
287	Spectrogram 1	1	573.842663497	574.283478353	0.000	22050.000	
288	Waveform 1	1	574.694076062	575.173995462	0.000	22050.000	
288	Spectrogram 1	1	574.694076062	575.173995462	0.000	22050.000	
289	Waveform 1	1	575.349965909	575.685909489	0.000	22050.000	
289	Spectrogram 1	1	575.349965909	575.685909489	0.000	22050.000	
290	Waveform 1	1	575.726791512	576.096507198	0.000	22050.000	
290	Spectrogram 1	1	575.726791512	576.096507198	0.000	22050.000	
291	Waveform 1	1	576.137389221	576.483997676	0.000	22050.000	
291	Spectrogram 1	1	576.137389221	576.483997676	0.000	22050.000	
292	Waveform 1	1	576.734622252	577.090118104	0.000	22050.000	
292	Spectrogram 1	1	576.734622252	577.090118104	0.000	22050.000	
293	Waveform 1	1	579.097235881	579.796054287	0.000	22050.000	
293	Spectrogram 1	1	579.097235881	579.796054287	0.000	22050.000	
294	Waveform 1	1	580.509955106	581.309322923	0.000	22050.000	
294	Spectrogram 1	1	580.509955106	581.309322923	0.000	22050.000	
295	Waveform 1	1	581.988031448	582.445531268	0.000	22050.000	
295	Spectrogram 1	1	581.988031448	582.445531268	0.000	22050.000	
296	Waveform 1	1	582.541053208	582.928168441	0.000	22050.000	
296	Spectrogram 1	1	582.541053208	582.928168441	0.000	22050.000	
297	Waveform 1	1	583.257538743	583.695609128	0.000	22050.000	
297	Spectrogram 1	1	583.257538743	583.695609128	0.000	22050.000	
298	Waveform 1	1	584.914795077	585.827605964	0.000	22050.000	
298	Spectrogram 1	1	584.914795077	585.827605964	0.000	22050.000	
299	Waveform 1	1	593.911090103	594.319713028	0.000	22050.000	
299	Spectrogram 1	1	593.911090103	594.319713028	0.000	22050.000	
300	Waveform 1	1	594.798176755	595.078849120	0.000	22050.000	
300	Spectrogram 1	1	594.798176755	595.078849120	0.000	22050.000	
301	Waveform 1	1	595.092685082	595.341732393	0.000	22050.000	
301	Spectrogram 1	1	595.092685082	595.341732393	0.000	22050.000	
302	Waveform 1	1	595.379287146	595.689608001	0.000	22050.000	
302	Spectrogram 1	1	595.379287146	595.689608001	0.000	22050.000	
303	Waveform 1	1	595.744951848	596.045389873	0.000	22050.000	
303	Spectrogram 1	1	595.744951848	596.045389873	0.000	22050.000	
304	Waveform 1	1	604.001067845	604.303482437	0.000	22050.000	
304	Spectrogram 1	1	604.001067845	604.303482437	0.000	22050.000	
305	Waveform 1	1	604.659264309	604.914241317	0.000	22050.000	
305	Spectrogram 1	1	604.659264309	604.914241317	0.000	22050.000	
306	Waveform 1	1	607.066721643	607.477847362	0.000	22050.000	
306	Spectrogram 1	1	607.066721643	607.477847362	0.000	22050.000	
307	Waveform 1	1	611.124611550	611.411213614	0.000	22050.000	
307	Spectrogram 1	1	611.124611550	611.411213614	0.000	22050.000	
308	Waveform 1	1	611.512018478	611.751182958	0.000	22050.000	
308	Spectrogram 1	1	611.512018478	611.751182958	0.000	22050.000	
309	Waveform 1	1	612.225558788	612.553668736	0.000	22050.000	
309	Spectrogram 1	1	612.225558788	612.553668736	0.000	22050.000	
310	Waveform 1	1	612.858059894	613.116990034	0.000	22050.000	
310	Spectrogram 1	1	612.858059894	613.116990034	0.000	22050.000	
311	Waveform 1	1	614.585578539	614.921594751	0.000	22050.000	
311	Spectrogram 1	1	614.585578539	614.921594751	0.000	22050.000	
312	Waveform 1	1	614.978915164	615.265517228	0.000	22050.000	
312	Spectrogram 1	1	614.978915164	615.265517228	0.000	22050.000	
313	Waveform 1	1	615.366322092	615.718150832	0.000	22050.000	
313	Spectrogram 1	1	615.366322092	615.718150832	0.000	22050.000	
314	Waveform 1	1	616.870488784	617.121512660	0.000	22050.000	
314	Spectrogram 1	1	616.870488784	617.121512660	0.000	22050.000	
315	Waveform 1	1	627.132819227	627.462905741	0.000	22050.000	
315	Spectrogram 1	1	627.132819227	627.462905741	0.000	22050.000	
316	Waveform 1	1	627.500460495	627.820664179	0.000	22050.000	
316	Spectrogram 1	1	627.500460495	627.820664179	0.000	22050.000	
317	Waveform 1	1	627.842406405	628.221907069	0.000	22050.000	
317	Spectrogram 1	1	627.842406405	628.221907069	0.000	22050.000	
318	Waveform 1	1	628.640939051	629.052064770	0.000	22050.000	
318	Spectrogram 1	1	628.640939051	629.052064770	0.000	22050.000	
319	Waveform 1	1	633.177157920	633.544799188	0.000	22050.000	
319	Spectrogram 1	1	633.177157920	633.544799188	0.000	22050.000	
320	Waveform 1	1	641.899743483	642.306916070	0.000	22050.000	
320	Spectrogram 1	1	641.899743483	642.306916070	0.000	22050.000	
321	Waveform 1	1	645.991235012	646.277837075	0.000	22050.000	
321	Spectrogram 1	1	645.991235012	646.277837075	0.000	22050.000	
322	Waveform 1	1	646.380618505	646.615829854	0.000	22050.000	
322	Spectrogram 1	1	646.380618505	646.615829854	0.000	22050.000	
323	Waveform 1	1	666.950740408	667.183975191	0.000	22050.000	
323	Spectrogram 1	1	666.950740408	667.183975191	0.000	22050.000	
324	Waveform 1	1	667.217576812	667.492319480	0.000	22050.000	
324	Spectrogram 1	1	667.217576812	667.492319480	0.000	22050.000	
325	Waveform 1	1	674.797707253	675.068496789	0.000	22050.000	
325	Spectrogram 1	1	674.797707253	675.068496789	0.000	22050.000	
326	Waveform 1	1	711.706123347	712.285257172	0.000	22050.000	
326	Spectrogram 1	1	711.706123347	712.285257172	0.000	22050.000	
327	Waveform 1	1	712.417687091	712.565929538	0.000	22050.000	
327	Spectrogram 1	1	712.417687091	712.565929538	0.000	22050.000	
328	Waveform 1	1	715.010941625	715.293590557	0.000	22050.000	
328	Spectrogram 1	1	715.010941625	715.293590557	0.000	22050.000	
329	Waveform 1	1	715.339051574	715.596005148	0.000	22050.000	
329	Spectrogram 1	1	715.339051574	715.596005148	0.000	22050.000	
330	Waveform 1	1	715.619723939	715.898419739	0.000	22050.000	
330	Spectrogram 1	1	715.619723939	715.898419739	0.000	22050.000	
331	Waveform 1	1	715.920161965	716.163279577	0.000	22050.000	
331	Spectrogram 1	1	715.920161965	716.163279577	0.000	22050.000	
332	Waveform 1	1	716.186998369	716.483483262	0.000	22050.000	
332	Spectrogram 1	1	716.186998369	716.483483262	0.000	22050.000	
333	Waveform 1	1	719.825856293	720.310114953	0.000	22050.000	
333	Spectrogram 1	1	719.825856293	720.310114953	0.000	22050.000	
334	Waveform 1	1	720.725193803	721.349788645	0.000	22050.000	
334	Spectrogram 1	1	720.725193803	721.349788645	0.000	22050.000	
335	Waveform 1	1	722.136461896	722.302493436	0.000	22050.000	
335	Spectrogram 1	1	722.136461896	722.302493436	0.000	22050.000	
336	Waveform 1	1	723.000221219	723.332284299	0.000	22050.000	
336	Spectrogram 1	1	723.000221219	723.332284299	0.000	22050.000	
337	Waveform 1	1	723.547729988	723.923277520	0.000	22050.000	
337	Spectrogram 1	1	723.547729988	723.923277520	0.000	22050.000	
338	Waveform 1	1	724.286965656	724.537989532	0.000	22050.000	
338	Spectrogram 1	1	724.286965656	724.537989532	0.000	22050.000	
339	Waveform 1	1	724.998529400	725.395819157	0.000	22050.000	
339	Spectrogram 1	1	724.998529400	725.395819157	0.000	22050.000	
340	Waveform 1	1	727.441564921	727.714331023	0.000	22050.000	
340	Spectrogram 1	1	727.441564921	727.714331023	0.000	22050.000	
341	Waveform 1	1	727.757815474	727.967331466	0.000	22050.000	
341	Spectrogram 1	1	727.757815474	727.967331466	0.000	22050.000	
342	Waveform 1	1	729.463591894	729.748217392	0.000	22050.000	
342	Spectrogram 1	1	729.463591894	729.748217392	0.000	22050.000	
343	Waveform 1	1	730.040749153	730.408390421	0.000	22050.000	
343	Spectrogram 1	1	730.040749153	730.408390421	0.000	22050.000	
344	Waveform 1	1	730.440015477	730.774055123	0.000	22050.000	
344	Spectrogram 1	1	730.440015477	730.774055123	0.000	22050.000	
345	Waveform 1	1	731.483642301	731.948135301	0.000	22050.000	
345	Spectrogram 1	1	731.483642301	731.948135301	0.000	22050.000	
346	Waveform 1	1	732.078588654	732.388909509	0.000	22050.000	
346	Spectrogram 1	1	732.078588654	732.388909509	0.000	22050.000	
347	Waveform 1	1	732.483784675	732.855379075	0.000	22050.000	
347	Spectrogram 1	1	732.483784675	732.855379075	0.000	22050.000	
348	Waveform 1	1	732.932465147	733.224996908	0.000	22050.000	
348	Spectrogram 1	1	732.932465147	733.224996908	0.000	22050.000	
349	Waveform 1	1	734.853687256	735.171914375	0.000	22050.000	
349	Spectrogram 1	1	734.853687256	735.171914375	0.000	22050.000	
350	Waveform 1	1	735.422938251	735.729305974	0.000	22050.000	
350	Spectrogram 1	1	735.422938251	735.729305974	0.000	22050.000	
351	Waveform 1	1	735.812321745	736.146361391	0.000	22050.000	
351	Spectrogram 1	1	735.812321745	736.146361391	0.000	22050.000	
352	Waveform 1	1	741.328917327	741.593777166	0.000	22050.000	
352	Spectrogram 1	1	741.328917327	741.593777166	0.000	22050.000	
353	Waveform 1	1	741.639238183	741.904098021	0.000	22050.000	
353	Spectrogram 1	1	741.639238183	741.904098021	0.000	22050.000	
354	Waveform 1	1	745.608182622	745.835487707	0.000	22050.000	
354	Spectrogram 1	1	745.608182622	745.835487707	0.000	22050.000	
355	Waveform 1	1	750.272878278	750.525878720	0.000	22050.000	
355	Spectrogram 1	1	750.272878278	750.525878720	0.000	22050.000	
356	Waveform 1	1	751.757279311	752.053764204	0.000	22050.000	
356	Spectrogram 1	1	751.757279311	752.053764204	0.000	22050.000	
357	Waveform 1	1	753.812907905	754.063931781	0.000	22050.000	
357	Spectrogram 1	1	753.812907905	754.063931781	0.000	22050.000	
358	Waveform 1	1	759.398683296	759.764347998	0.000	22050.000	
358	Spectrogram 1	1	759.398683296	759.764347998	0.000	22050.000	
359	Waveform 1	1	761.586741809	761.774515575	0.000	22050.000	
359	Spectrogram 1	1	761.586741809	761.774515575	0.000	22050.000	
360	Waveform 1	1	761.792304669	762.090766128	0.000	22050.000	
360	Spectrogram 1	1	761.792304669	762.090766128	0.000	22050.000	
361	Waveform 1	1	763.632487574	763.958620956	0.000	22050.000	
361	Spectrogram 1	1	763.632487574	763.958620956	0.000	22050.000	
362	Waveform 1	1	764.207668267	764.506129726	0.000	22050.000	
362	Spectrogram 1	1	764.207668267	764.506129726	0.000	22050.000	
363	Waveform 1	1	765.142583964	765.346170257	0.000	22050.000	
363	Spectrogram 1	1	765.142583964	765.346170257	0.000	22050.000	
364	Waveform 1	1	765.614983227	765.786944465	0.000	22050.000	
364	Spectrogram 1	1	765.614983227	765.786944465	0.000	22050.000	
365	Waveform 1	1	765.818569521	765.966811967	0.000	22050.000	
365	Spectrogram 1	1	765.818569521	765.966811967	0.000	22050.000	
366	Waveform 1	1	765.984601061	766.162491997	0.000	22050.000	
366	Spectrogram 1	1	765.984601061	766.162491997	0.000	22050.000	
367	Waveform 1	1	766.184234223	766.267249993	0.000	22050.000	
367	Spectrogram 1	1	766.184234223	766.267249993	0.000	22050.000	
