Selection	View	Channel	Begin Time (s)	End Time (s)	Low Freq (Hz)	High Freq (Hz)	Delta Time (s)	Delta Freq (Hz)	Avg Power Density (dB FS)	Annotation
1	Waveform 1	1	19.664641928	20.048341115	0.0	22050.0	0.384	22050.0		sqs.01_agitated_NA
1	Spectrogram 1	1	19.664641928	20.048341115	0.0	22050.0	0.384	22050.0	-44.3	sqs.01_agitated_NA
2	Waveform 1	1	20.048341115	20.315262288	0.0	22050.0	0.267	22050.0		sqs.01_agitated_NA
2	Spectrogram 1	1	20.048341115	20.315262288	0.0	22050.0	0.267	22050.0	-43.0	sqs.01_agitated_NA
3	Waveform 1	1	20.315262288	20.615548608	0.0	22050.0	0.300	22050.0		sqs.01_agitated_NA
3	Spectrogram 1	1	20.315262288	20.615548608	0.0	22050.0	0.300	22050.0	-44.7	sqs.01_agitated_NA
4	Waveform 1	1	20.615548608	20.949200075	0.0	22050.0	0.334	22050.0		sqs.01_agitated_NA
4	Spectrogram 1	1	20.615548608	20.949200075	0.0	22050.0	0.334	22050.0	-40.8	sqs.01_agitated_NA
5	Waveform 1	1	20.949200075	21.321777546	0.0	22050.0	0.373	22050.0		sqs.01_agitated_NA
5	Spectrogram 1	1	20.949200075	21.321777546	0.0	22050.0	0.373	22050.0	-42.9	sqs.01_agitated_NA
6	Waveform 1	1	21.344020977	21.711037591	0.0	22050.0	0.367	22050.0		sqs.01_agitated_NA
6	Spectrogram 1	1	21.344020977	21.711037591	0.0	22050.0	0.367	22050.0	-43.2	sqs.01_agitated_NA
7	Waveform 1	1	21.711037591	22.072493347	0.0	22050.0	0.361	22050.0		sqs.01_agitated_NA
7	Spectrogram 1	1	21.711037591	22.072493347	0.0	22050.0	0.361	22050.0	-42.7	sqs.01_agitated_NA
8	Waveform 1	1	22.261562511	22.656383414	0.0	22050.0	0.395	22050.0		sqs.01_agitated_NA
8	Spectrogram 1	1	22.261562511	22.656383414	0.0	22050.0	0.395	22050.0	-41.4	sqs.01_agitated_NA
9	Waveform 1	1	22.870123345	23.220457385	0.0	22050.0	0.350	22050.0		sqs.01_agitated_NA
9	Spectrogram 1	1	22.870123345	23.220457385	0.0	22050.0	0.350	22050.0	-40.4	sqs.01_agitated_NA
10	Waveform 1	1	23.220457385	23.465135128	0.0	22050.0	0.245	22050.0		sqs.01_agitated_NA
10	Spectrogram 1	1	23.220457385	23.465135128	0.0	22050.0	0.245	22050.0	-43.7	sqs.01_agitated_NA
11	Waveform 1	1	23.465135128	23.704252012	0.0	22050.0	0.239	22050.0		sqs.01_agitated_NA
11	Spectrogram 1	1	23.465135128	23.704252012	0.0	22050.0	0.239	22050.0	-40.2	sqs.01_agitated_NA
12	Waveform 1	1	23.726495443	23.926686324	0.0	22050.0	0.200	22050.0		sqs.01_agitated_NA
12	Spectrogram 1	1	23.726495443	23.926686324	0.0	22050.0	0.200	22050.0	-42.6	sqs.01_agitated_NA
13	Waveform 1	1	23.937808039	24.115755488	0.0	22050.0	0.178	22050.0		sqs.01_agitated_NA
13	Spectrogram 1	1	23.937808039	24.115755488	0.0	22050.0	0.178	22050.0	-39.0	sqs.01_agitated_NA
14	Waveform 1	1	24.115755488	24.327068084	0.0	22050.0	0.211	22050.0		sqs.01_agitated_NA
14	Spectrogram 1	1	24.115755488	24.327068084	0.0	22050.0	0.211	22050.0	-42.8	sqs.01_agitated_NA
15	Waveform 1	1	24.327068084	24.549502395	0.0	22050.0	0.222	22050.0		sqs.01_agitated_NA
15	Spectrogram 1	1	24.327068084	24.549502395	0.0	22050.0	0.222	22050.0	-45.2	sqs.01_agitated_NA
16	Waveform 1	1	24.543941537	24.755254133	0.0	22050.0	0.211	22050.0		sqs.01_agitated_NA
16	Spectrogram 1	1	24.543941537	24.755254133	0.0	22050.0	0.211	22050.0	-41.6	sqs.01_agitated_NA
17	Waveform 1	1	24.755254133	24.983249302	0.0	22050.0	0.228	22050.0		sqs.01_agitated_NA
17	Spectrogram 1	1	24.755254133	24.983249302	0.0	22050.0	0.228	22050.0	-43.1	sqs.01_agitated_NA
18	Waveform 1	1	24.983249302	25.183440182	0.0	22050.0	0.200	22050.0		sqs.01_agitated_NA
18	Spectrogram 1	1	24.983249302	25.183440182	0.0	22050.0	0.200	22050.0	-40.2	sqs.01_agitated_NA
19	Waveform 1	1	25.183440182	25.422557066	0.0	22050.0	0.239	22050.0		sqs.01_agitated_NA
19	Spectrogram 1	1	25.183440182	25.422557066	0.0	22050.0	0.239	22050.0	-42.7	sqs.01_agitated_NA
20	Waveform 1	1	25.422557066	25.656113093	0.0	22050.0	0.234	22050.0		sqs.01_agitated_NA
20	Spectrogram 1	1	25.422557066	25.656113093	0.0	22050.0	0.234	22050.0	-45.6	sqs.01_agitated_NA
21	Waveform 1	1	25.656113093	25.845182258	0.0	22050.0	0.189	22050.0		sqs.01_agitated_NA
21	Spectrogram 1	1	25.656113093	25.845182258	0.0	22050.0	0.189	22050.0	-41.0	sqs.01_agitated_NA
22	Waveform 1	1	25.867425689	26.078738284	0.0	22050.0	0.211	22050.0		sqs.01_agitated_NA
22	Spectrogram 1	1	25.867425689	26.078738284	0.0	22050.0	0.211	22050.0	-43.7	sqs.01_agitated_NA
23	Waveform 1	1	26.100981716	26.334537742	0.0	22050.0	0.234	22050.0		sqs.01_agitated_NA
23	Spectrogram 1	1	26.100981716	26.334537742	0.0	22050.0	0.234	22050.0	-42.3	sqs.01_agitated_NA
24	Waveform 1	1	26.334537742	26.545850338	0.0	22050.0	0.211	22050.0		sqs.01_agitated_NA
24	Spectrogram 1	1	26.334537742	26.545850338	0.0	22050.0	0.211	22050.0	-43.5	sqs.01_agitated_NA
25	Waveform 1	1	26.586349122	26.831026864	0.0	22050.0	0.245	22050.0		sqs.01_agitated_NA
25	Spectrogram 1	1	26.586349122	26.831026864	0.0	22050.0	0.245	22050.0	-43.1	sqs.01_agitated_NA
26	Waveform 1	1	26.831026864	27.081265465	0.0	22050.0	0.250	22050.0		sqs.01_agitated_NA
26	Spectrogram 1	1	26.831026864	27.081265465	0.0	22050.0	0.250	22050.0	-42.3	sqs.01_agitated_NA
27	Waveform 1	1	27.081265465	27.359308354	0.0	22050.0	0.278	22050.0		sqs.01_agitated_NA
27	Spectrogram 1	1	27.081265465	27.359308354	0.0	22050.0	0.278	22050.0	-43.8	sqs.01_agitated_NA
28	Waveform 1	1	27.359308354	27.798616118	0.0	22050.0	0.439	22050.0		sqs.01_agitated_NA
28	Spectrogram 1	1	27.359308354	27.798616118	0.0	22050.0	0.439	22050.0	-43.9	sqs.01_agitated_NA
29	Waveform 1	1	27.809737834	28.082219865	0.0	22050.0	0.272	22050.0		sqs.01_agitated_NA
29	Spectrogram 1	1	27.809737834	28.082219865	0.0	22050.0	0.272	22050.0	-45.3	sqs.01_agitated_NA
30	Waveform 1	1	28.082219865	28.326897607	0.0	22050.0	0.245	22050.0		sqs.01_agitated_NA
30	Spectrogram 1	1	28.082219865	28.326897607	0.0	22050.0	0.245	22050.0	-45.6	sqs.01_agitated_NA
31	Waveform 1	1	28.326897607	28.549331919	0.0	22050.0	0.222	22050.0		sqs.01_agitated_NA
31	Spectrogram 1	1	28.326897607	28.549331919	0.0	22050.0	0.222	22050.0	-43.5	sqs.01_agitated_NA
32	Waveform 1	1	28.549331919	28.777327088	0.0	22050.0	0.228	22050.0		sqs.01_agitated_NA
32	Spectrogram 1	1	28.549331919	28.777327088	0.0	22050.0	0.228	22050.0	-44.2	sqs.01_agitated_NA
33	Waveform 1	1	28.777327088	29.038687403	0.0	22050.0	0.261	22050.0		sqs.01_agitated_NA
33	Spectrogram 1	1	28.777327088	29.038687403	0.0	22050.0	0.261	22050.0	-45.1	sqs.01_agitated_NA
34	Waveform 1	1	29.038687403	29.344534581	0.0	22050.0	0.306	22050.0		sqs.01_agitated_NA
34	Spectrogram 1	1	29.038687403	29.344534581	0.0	22050.0	0.306	22050.0	-45.6	sqs.01_agitated_NA
35	Waveform 1	1	29.344534581	29.633699186	0.0	22050.0	0.289	22050.0		sqs.01_agitated_NA
35	Spectrogram 1	1	29.344534581	29.633699186	0.0	22050.0	0.289	22050.0	-44.5	sqs.01_agitated_NA
36	Waveform 1	1	29.633699186	29.950668079	0.0	22050.0	0.317	22050.0		sqs.01_agitated_NA
36	Spectrogram 1	1	29.633699186	29.950668079	0.0	22050.0	0.317	22050.0	-45.4	sqs.01_agitated_NA
37	Waveform 1	1	30.019825709	30.308990313	0.0	22050.0	0.289	22050.0		sqs.01_agitated_NA
37	Spectrogram 1	1	30.019825709	30.308990313	0.0	22050.0	0.289	22050.0	-44.2	sqs.01_agitated_NA
38	Waveform 1	1	30.670446069	31.070827829	0.0	22050.0	0.400	22050.0		sqs.01_agitated_NA
38	Spectrogram 1	1	30.670446069	31.070827829	0.0	22050.0	0.400	22050.0	-44.6	sqs.01_agitated_NA
39	Waveform 1	1	31.137558122	31.365553291	0.0	22050.0	0.228	22050.0		sqs.01_agitated_NA
39	Spectrogram 1	1	31.137558122	31.365553291	0.0	22050.0	0.228	22050.0	-43.7	sqs.01_agitated_NA
40	Waveform 1	1	31.404479296	31.626913607	0.0	22050.0	0.222	22050.0		sqs.01_agitated_NA
40	Spectrogram 1	1	31.404479296	31.626913607	0.0	22050.0	0.222	22050.0	-43.3	sqs.01_agitated_NA
41	Waveform 1	1	31.626913607	31.899395638	0.0	22050.0	0.272	22050.0		sqs.01_agitated_NA
41	Spectrogram 1	1	31.626913607	31.899395638	0.0	22050.0	0.272	22050.0	-43.9	sqs.01_agitated_NA
42	Waveform 1	1	31.899395638	32.127390807	0.0	22050.0	0.228	22050.0		sqs.01_agitated_NA
42	Spectrogram 1	1	31.899395638	32.127390807	0.0	22050.0	0.228	22050.0	-44.4	sqs.01_agitated_NA
43	Waveform 1	1	32.127390807	32.333142545	0.0	22050.0	0.206	22050.0		sqs.01_agitated_NA
43	Spectrogram 1	1	32.127390807	32.333142545	0.0	22050.0	0.206	22050.0	-43.8	sqs.01_agitated_NA
44	Waveform 1	1	32.333142545	32.555576856	0.0	22050.0	0.222	22050.0		sqs.01_agitated_NA
44	Spectrogram 1	1	32.333142545	32.555576856	0.0	22050.0	0.222	22050.0	-44.6	sqs.01_agitated_NA
45	Waveform 1	1	32.555576856	32.805815456	0.0	22050.0	0.250	22050.0		sqs.01_agitated_NA
45	Spectrogram 1	1	32.555576856	32.805815456	0.0	22050.0	0.250	22050.0	-45.9	sqs.01_agitated_NA
46	Waveform 1	1	32.813518835	33.074879151	0.0	22050.0	0.261	22050.0		sqs.01_agitated_NA
46	Spectrogram 1	1	32.813518835	33.074879151	0.0	22050.0	0.261	22050.0	-47.8	sqs.01_agitated_NA
47	Waveform 1	1	33.136048586	33.347361182	0.0	22050.0	0.211	22050.0		sqs.01_agitated_NA
47	Spectrogram 1	1	33.136048586	33.347361182	0.0	22050.0	0.211	22050.0	-46.5	sqs.01_agitated_NA
48	Waveform 1	1	33.380726329	33.569795493	0.0	22050.0	0.189	22050.0		sqs.01_agitated_NA
48	Spectrogram 1	1	33.380726329	33.569795493	0.0	22050.0	0.189	22050.0	-46.5	sqs.01_agitated_NA
49	Waveform 1	1	33.636525787	33.892325245	0.0	22050.0	0.256	22050.0		sqs.01_agitated_NA
49	Spectrogram 1	1	33.636525787	33.892325245	0.0	22050.0	0.256	22050.0	-46.0	sqs.01_agitated_NA
50	Waveform 1	1	33.931251249	34.409485018	0.0	22050.0	0.478	22050.0		sqs.01_agitated_NA
50	Spectrogram 1	1	33.931251249	34.409485018	0.0	22050.0	0.478	22050.0	-46.3	sqs.01_agitated_NA
51	Waveform 1	1	34.420606734	34.654162760	0.0	22050.0	0.234	22050.0		sqs.01_agitated_NA
51	Spectrogram 1	1	34.420606734	34.654162760	0.0	22050.0	0.234	22050.0	-44.5	sqs.01_agitated_NA
52	Waveform 1	1	34.687527907	34.948888223	0.0	22050.0	0.261	22050.0		sqs.01_agitated_NA
52	Spectrogram 1	1	34.687527907	34.948888223	0.0	22050.0	0.261	22050.0	-45.6	sqs.01_agitated_NA
53	Waveform 1	1	34.948888223	35.193565965	0.0	22050.0	0.245	22050.0		sqs.01_agitated_NA
53	Spectrogram 1	1	34.948888223	35.193565965	0.0	22050.0	0.245	22050.0	-44.9	sqs.01_agitated_NA
54	Waveform 1	1	35.193565965	35.421561134	0.0	22050.0	0.228	22050.0		sqs.01_agitated_NA
54	Spectrogram 1	1	35.193565965	35.421561134	0.0	22050.0	0.228	22050.0	-45.2	sqs.01_agitated_NA
55	Waveform 1	1	35.421561134	35.699604023	0.0	22050.0	0.278	22050.0		sqs.01_agitated_NA
55	Spectrogram 1	1	35.421561134	35.699604023	0.0	22050.0	0.278	22050.0	-45.1	sqs.01_agitated_NA
56	Waveform 1	1	35.699604023	35.905355761	0.0	22050.0	0.206	22050.0		sqs.01_agitated_NA
56	Spectrogram 1	1	35.699604023	35.905355761	0.0	22050.0	0.206	22050.0	-43.2	sqs.01_agitated_NA
57	Waveform 1	1	35.990911149	36.196662886	0.0	22050.0	0.206	22050.0		sqs.01_agitated_NA
57	Spectrogram 1	1	35.990911149	36.196662886	0.0	22050.0	0.206	22050.0	-44.9	sqs.01_agitated_NA
58	Waveform 1	1	36.291197469	36.502510064	0.0	22050.0	0.211	22050.0		sqs.01_agitated_NA
58	Spectrogram 1	1	36.291197469	36.502510064	0.0	22050.0	0.211	22050.0	-42.8	sqs.01_agitated_NA
59	Waveform 1	1	36.502510064	36.763870380	0.0	22050.0	0.261	22050.0		sqs.01_agitated_NA
59	Spectrogram 1	1	36.502510064	36.763870380	0.0	22050.0	0.261	22050.0	-46.2	sqs.01_agitated_NA
60	Waveform 1	1	36.763870380	36.997426407	0.0	22050.0	0.234	22050.0		sqs.01_agitated_NA
60	Spectrogram 1	1	36.763870380	36.997426407	0.0	22050.0	0.234	22050.0	-47.6	sqs.01_agitated_NA
61	Waveform 1	1	36.997426407	37.242104149	0.0	22050.0	0.245	22050.0		sqs.01_agitated_NA
61	Spectrogram 1	1	36.997426407	37.242104149	0.0	22050.0	0.245	22050.0	-47.7	sqs.01_agitated_NA
62	Waveform 1	1	37.242104149	37.458977603	0.0	22050.0	0.217	22050.0		sqs.01_agitated_NA
62	Spectrogram 1	1	37.242104149	37.458977603	0.0	22050.0	0.217	22050.0	-46.6	sqs.01_agitated_NA
63	Waveform 1	1	37.447855887	37.675851056	0.0	22050.0	0.228	22050.0		sqs.01_agitated_NA
63	Spectrogram 1	1	37.447855887	37.675851056	0.0	22050.0	0.228	22050.0	-44.9	sqs.01_agitated_NA
64	Waveform 1	1	37.675851056	37.914967941	0.0	22050.0	0.239	22050.0		sqs.01_agitated_NA
64	Spectrogram 1	1	37.675851056	37.914967941	0.0	22050.0	0.239	22050.0	-44.6	sqs.01_agitated_NA
65	Waveform 1	1	37.914967941	38.181889114	0.0	22050.0	0.267	22050.0		sqs.01_agitated_NA
65	Spectrogram 1	1	37.914967941	38.181889114	0.0	22050.0	0.267	22050.0	-44.3	sqs.01_agitated_NA
66	Waveform 1	1	38.181889114	38.471053719	0.0	22050.0	0.289	22050.0		sqs.01_agitated_NA
66	Spectrogram 1	1	38.181889114	38.471053719	0.0	22050.0	0.289	22050.0	-46.2	sqs.01_agitated_NA
67	Waveform 1	1	38.482175434	38.799144328	0.0	22050.0	0.317	22050.0		sqs.01_agitated_NA
67	Spectrogram 1	1	38.482175434	38.799144328	0.0	22050.0	0.317	22050.0	-44.9	sqs.01_agitated_NA
68	Waveform 1	1	38.799144328	39.116113221	0.0	22050.0	0.317	22050.0		sqs.01_agitated_NA
68	Spectrogram 1	1	38.799144328	39.116113221	0.0	22050.0	0.317	22050.0	-44.3	sqs.01_agitated_NA
69	Waveform 1	1	39.178855325	39.512506792	0.0	22050.0	0.334	22050.0		sqs.01_agitated_NA
69	Spectrogram 1	1	39.178855325	39.512506792	0.0	22050.0	0.334	22050.0	-47.8	sqs.01_agitated_NA
70	Waveform 1	1	39.512506792	39.818353970	0.0	22050.0	0.306	22050.0		sqs.01_agitated_NA
70	Spectrogram 1	1	39.512506792	39.818353970	0.0	22050.0	0.306	22050.0	-45.2	sqs.01_agitated_NA
71	Waveform 1	1	39.818353970	40.146444579	0.0	22050.0	0.328	22050.0		sqs.01_agitated_NA
71	Spectrogram 1	1	39.818353970	40.146444579	0.0	22050.0	0.328	22050.0	-45.7	sqs.01_agitated_NA
72	Waveform 1	1	40.146444579	40.524582908	0.0	22050.0	0.378	22050.0		sqs.01_agitated_NA
72	Spectrogram 1	1	40.146444579	40.524582908	0.0	22050.0	0.378	22050.0	-47.1	sqs.01_agitated_NA
73	Waveform 1	1	40.524582908	40.930525526	0.0	22050.0	0.406	22050.0		sqs.01_agitated_NA
73	Spectrogram 1	1	40.524582908	40.930525526	0.0	22050.0	0.406	22050.0	-48.1	sqs.01_agitated_NA
74	Waveform 1	1	40.930525526	41.241933562	0.0	22050.0	0.311	22050.0		sqs.01_agitated_NA
74	Spectrogram 1	1	40.930525526	41.241933562	0.0	22050.0	0.311	22050.0	-46.7	sqs.01_agitated_NA
75	Waveform 1	1	41.241933562	41.675680469	0.0	22050.0	0.434	22050.0		sqs.01_agitated_NA
75	Spectrogram 1	1	41.241933562	41.675680469	0.0	22050.0	0.434	22050.0	-46.4	sqs.01_agitated_NA
76	Waveform 1	1	41.853627918	42.292935682	0.0	22050.0	0.439	22050.0		sqs.01_agitated_NA
76	Spectrogram 1	1	41.853627918	42.292935682	0.0	22050.0	0.439	22050.0	-47.5	sqs.01_agitated_NA
77	Waveform 1	1	42.370787691	42.626587149	0.0	22050.0	0.256	22050.0		sqs.01_agitated_NA
77	Spectrogram 1	1	42.370787691	42.626587149	0.0	22050.0	0.256	22050.0	-45.7	sqs.01_agitated_NA
78	Waveform 1	1	42.677353092	42.916469977	0.0	22050.0	0.239	22050.0		sqs.01_agitated_NA
78	Spectrogram 1	1	42.677353092	42.916469977	0.0	22050.0	0.239	22050.0	-47.3	sqs.01_agitated_NA
79	Waveform 1	1	42.916469977	43.177830292	0.0	22050.0	0.261	22050.0		sqs.01_agitated_NA
79	Spectrogram 1	1	42.916469977	43.177830292	0.0	22050.0	0.261	22050.0	-49.4	sqs.01_agitated_NA
80	Waveform 1	1	43.177830292	43.394703746	0.0	22050.0	0.217	22050.0		sqs.01_agitated_NA
80	Spectrogram 1	1	43.177830292	43.394703746	0.0	22050.0	0.217	22050.0	-48.9	sqs.01_agitated_NA
81	Waveform 1	1	43.394703746	43.650503204	0.0	22050.0	0.256	22050.0		sqs.01_agitated_NA
81	Spectrogram 1	1	43.394703746	43.650503204	0.0	22050.0	0.256	22050.0	-49.4	sqs.01_agitated_NA
82	Waveform 1	1	43.650503204	43.867376657	0.0	22050.0	0.217	22050.0		sqs.01_agitated_NA
82	Spectrogram 1	1	43.650503204	43.867376657	0.0	22050.0	0.217	22050.0	-50.0	sqs.01_agitated_NA
83	Waveform 1	1	43.867376657	44.139858688	0.0	22050.0	0.272	22050.0		sqs.01_agitated_NA
83	Spectrogram 1	1	43.867376657	44.139858688	0.0	22050.0	0.272	22050.0	-49.0	sqs.01_agitated_NA
84	Waveform 1	1	44.139858688	44.456827582	0.0	22050.0	0.317	22050.0		sqs.01_agitated_NA
84	Spectrogram 1	1	44.139858688	44.456827582	0.0	22050.0	0.317	22050.0	-48.3	sqs.01_agitated_NA
85	Waveform 1	1	44.456827582	44.985109071	0.0	22050.0	0.528	22050.0		sqs.01_agitated_NA
85	Spectrogram 1	1	44.456827582	44.985109071	0.0	22050.0	0.528	22050.0	-48.8	sqs.01_agitated_NA
86	Waveform 1	1	44.985109071	45.252030244	0.0	22050.0	0.267	22050.0		sqs.01_agitated_NA
86	Spectrogram 1	1	44.985109071	45.252030244	0.0	22050.0	0.267	22050.0	-47.7	sqs.01_agitated_NA
87	Waveform 1	1	45.252030244	45.535633991	0.0	22050.0	0.284	22050.0		sqs.01_agitated_NA
87	Spectrogram 1	1	45.252030244	45.535633991	0.0	22050.0	0.284	22050.0	-48.3	sqs.01_agitated_NA
88	Waveform 1	1	45.535633991	45.802555165	0.0	22050.0	0.267	22050.0		sqs.01_agitated_NA
88	Spectrogram 1	1	45.535633991	45.802555165	0.0	22050.0	0.267	22050.0	-47.6	sqs.01_agitated_NA
89	Waveform 1	1	45.802555165	46.058354623	0.0	22050.0	0.256	22050.0		sqs.01_agitated_NA
89	Spectrogram 1	1	45.802555165	46.058354623	0.0	22050.0	0.256	22050.0	-48.4	sqs.01_agitated_NA
90	Waveform 1	1	46.058354623	46.280788934	0.0	22050.0	0.222	22050.0		sqs.01_agitated_NA
90	Spectrogram 1	1	46.058354623	46.280788934	0.0	22050.0	0.222	22050.0	-47.7	sqs.01_agitated_NA
93	Waveform 1	1	46.297471507	46.492101529	0.0	22050.0	0.195	22050.0		sqs.01_agitated_NA
93	Spectrogram 1	1	46.297471507	46.492101529	0.0	22050.0	0.195	22050.0	-48.0	sqs.01_agitated_NA
94	Waveform 1	1	46.486540672	46.692292410	0.0	22050.0	0.206	22050.0		sqs.01_agitated_NA
94	Spectrogram 1	1	46.486540672	46.692292410	0.0	22050.0	0.206	22050.0	-47.6	sqs.01_agitated_NA
95	Waveform 1	1	46.692292410	46.942531010	0.0	22050.0	0.250	22050.0		sqs.01_agitated_NA
95	Spectrogram 1	1	46.692292410	46.942531010	0.0	22050.0	0.250	22050.0	-48.3	sqs.01_agitated_NA
96	Waveform 1	1	46.966347220	47.172098958	0.0	22050.0	0.206	22050.0		sqs.01_agitated_NA
96	Spectrogram 1	1	46.966347220	47.172098958	0.0	22050.0	0.206	22050.0	-46.8	sqs.01_agitated_NA
97	Waveform 1	1	47.294437829	47.767110741	0.0	22050.0	0.473	22050.0		sqs.01_agitated_NA
97	Spectrogram 1	1	47.294437829	47.767110741	0.0	22050.0	0.473	22050.0	-49.9	sqs.01_agitated_NA
98	Waveform 1	1	48.145249070	48.584556834	0.0	22050.0	0.439	22050.0		sqs.01_agitated_NA
98	Spectrogram 1	1	48.145249070	48.584556834	0.0	22050.0	0.439	22050.0	-50.4	sqs.01_agitated_NA
99	Waveform 1	1	48.745821710	48.946012590	0.0	22050.0	0.200	22050.0		sqs.01_agitated_NA
99	Spectrogram 1	1	48.745821710	48.946012590	0.0	22050.0	0.200	22050.0	-50.1	sqs.01_agitated_NA
100	Waveform 1	1	49.018303741	49.224055479	0.0	22050.0	0.206	22050.0		sqs.01_agitated_NA
100	Spectrogram 1	1	49.018303741	49.224055479	0.0	22050.0	0.206	22050.0	-48.8	sqs.01_agitated_NA
101	Waveform 1	1	49.307468346	49.496537510	0.0	22050.0	0.189	22050.0		sqs.01_agitated_NA
101	Spectrogram 1	1	49.307468346	49.496537510	0.0	22050.0	0.189	22050.0	-48.3	sqs.01_agitated_NA
102	Waveform 1	1	50.043644094	50.210469827	0.0	22050.0	0.167	22050.0		sqs.01_agitated_NA
102	Spectrogram 1	1	50.043644094	50.210469827	0.0	22050.0	0.167	22050.0	-48.2	sqs.01_agitated_NA
103	Waveform 1	1	50.271639263	50.466269285	0.0	22050.0	0.195	22050.0		sqs.01_agitated_NA
103	Spectrogram 1	1	50.271639263	50.466269285	0.0	22050.0	0.195	22050.0	-49.8	sqs.01_agitated_NA
104	Waveform 1	1	50.521877863	50.683142738	0.0	22050.0	0.161	22050.0		sqs.01_agitated_NA
104	Spectrogram 1	1	50.521877863	50.683142738	0.0	22050.0	0.161	22050.0	-49.6	sqs.01_agitated_NA
105	Waveform 1	1	50.760994747	50.961185628	0.0	22050.0	0.200	22050.0		sqs.01_agitated_NA
105	Spectrogram 1	1	50.760994747	50.961185628	0.0	22050.0	0.200	22050.0	-49.3	sqs.01_agitated_NA
106	Waveform 1	1	52.206817770	52.657247250	0.0	22050.0	0.450	22050.0		sqs.01_agitated_NA
106	Spectrogram 1	1	52.206817770	52.657247250	0.0	22050.0	0.450	22050.0	-50.2	sqs.01_agitated_NA
107	Waveform 1	1	52.723977544	53.018703006	0.0	22050.0	0.295	22050.0		sqs.01_agitated_NA
107	Spectrogram 1	1	52.723977544	53.018703006	0.0	22050.0	0.295	22050.0	-49.2	sqs.01_agitated_NA
108	Waveform 1	1	53.086721153	53.270229460	0.0	22050.0	0.184	22050.0		sqs.01_agitated_NA
108	Spectrogram 1	1	53.086721153	53.270229460	0.0	22050.0	0.184	22050.0	-48.7	sqs.01_agitated_NA
109	Waveform 1	1	53.320277180	53.531589775	0.0	22050.0	0.211	22050.0		sqs.01_agitated_NA
109	Spectrogram 1	1	53.320277180	53.531589775	0.0	22050.0	0.211	22050.0	-47.9	sqs.01_agitated_NA
110	Waveform 1	1	53.570515780	53.731780655	0.0	22050.0	0.161	22050.0		sqs.01_agitated_NA
110	Spectrogram 1	1	53.570515780	53.731780655	0.0	22050.0	0.161	22050.0	-48.1	sqs.01_agitated_NA
111	Waveform 1	1	53.765145802	53.993140971	0.0	22050.0	0.228	22050.0		sqs.01_agitated_NA
111	Spectrogram 1	1	53.765145802	53.993140971	0.0	22050.0	0.228	22050.0	-48.1	sqs.01_agitated_NA
112	Waveform 1	1	53.993140971	54.232257856	0.0	22050.0	0.239	22050.0		sqs.01_agitated_NA
112	Spectrogram 1	1	53.993140971	54.232257856	0.0	22050.0	0.239	22050.0	-47.4	sqs.01_agitated_NA
113	Waveform 1	1	54.232257856	54.449131309	0.0	22050.0	0.217	22050.0		sqs.01_agitated_NA
113	Spectrogram 1	1	54.232257856	54.449131309	0.0	22050.0	0.217	22050.0	-47.8	sqs.01_agitated_NA
114	Waveform 1	1	54.521422460	54.721613340	0.0	22050.0	0.200	22050.0		sqs.01_agitated_NA
114	Spectrogram 1	1	54.521422460	54.721613340	0.0	22050.0	0.200	22050.0	-48.1	sqs.01_agitated_NA
115	Waveform 1	1	54.827269638	55.027460518	0.0	22050.0	0.200	22050.0		sqs.01_agitated_NA
115	Spectrogram 1	1	54.827269638	55.027460518	0.0	22050.0	0.200	22050.0	-48.9	sqs.01_agitated_NA
116	Waveform 1	1	55.199847109	55.605789727	0.0	22050.0	0.406	22050.0		sqs.01_agitated_NA
116	Spectrogram 1	1	55.199847109	55.605789727	0.0	22050.0	0.406	22050.0	-51.0	sqs.01_agitated_NA
117	Waveform 1	1	55.833784896	56.339822954	0.0	22050.0	0.506	22050.0		sqs.01_agitated_NA
117	Spectrogram 1	1	55.833784896	56.339822954	0.0	22050.0	0.506	22050.0	-49.3	sqs.01_agitated_NA
118	Waveform 1	1	56.389870674	56.645670132	0.0	22050.0	0.256	22050.0		sqs.01_agitated_NA
118	Spectrogram 1	1	56.389870674	56.645670132	0.0	22050.0	0.256	22050.0	-48.6	sqs.01_agitated_NA
119	Waveform 1	1	56.645670132	56.912591306	0.0	22050.0	0.267	22050.0		sqs.01_agitated_NA
119	Spectrogram 1	1	56.645670132	56.912591306	0.0	22050.0	0.267	22050.0	-49.0	sqs.01_agitated_NA
120	Waveform 1	1	56.901469590	57.151708190	0.0	22050.0	0.250	22050.0		sqs.01_agitated_NA
120	Spectrogram 1	1	56.901469590	57.151708190	0.0	22050.0	0.250	22050.0	-49.1	sqs.01_agitated_NA
122	Waveform 1	1	58.937746687	59.137937567	0.0	22050.0	0.200	22050.0		sqs.01_agitated_NA
122	Spectrogram 1	1	58.937746687	59.137937567	0.0	22050.0	0.200	22050.0	-43.5	sqs.01_agitated_NA
123	Waveform 1	1	59.176863572	59.399297883	0.0	22050.0	0.222	22050.0		sqs.01_agitated_NA
123	Spectrogram 1	1	59.176863572	59.399297883	0.0	22050.0	0.222	22050.0	-46.7	sqs.01_agitated_NA
124	Waveform 1	1	62.286386220	62.525503105	0.0	22050.0	0.239	22050.0		sqs.01_agitated_NA
124	Spectrogram 1	1	62.286386220	62.525503105	0.0	22050.0	0.239	22050.0	-49.5	sqs.01_agitated_NA
125	Waveform 1	1	69.950399872	70.211760188	0.0	22050.0	0.261	22050.0		sqs.01_agitated_NA
125	Spectrogram 1	1	69.950399872	70.211760188	0.0	22050.0	0.261	22050.0	-48.5	sqs.01_agitated_NA
126	Waveform 1	1	70.250686193	70.411951068	0.0	22050.0	0.161	22050.0		sqs.01_agitated_NA
126	Spectrogram 1	1	70.250686193	70.411951068	0.0	22050.0	0.161	22050.0	-47.2	sqs.01_agitated_NA
127	Waveform 1	1	70.484242219	70.651067953	0.0	22050.0	0.167	22050.0		sqs.01_agitated_NA
127	Spectrogram 1	1	70.484242219	70.651067953	0.0	22050.0	0.167	22050.0	-48.1	sqs.01_agitated_NA
128	Waveform 1	1	70.712237388	70.867941406	0.0	22050.0	0.156	22050.0		sqs.01_agitated_NA
128	Spectrogram 1	1	70.712237388	70.867941406	0.0	22050.0	0.156	22050.0	-48.2	sqs.01_agitated_NA
129	Waveform 1	1	70.923549984	71.123740864	0.0	22050.0	0.200	22050.0		sqs.01_agitated_NA
129	Spectrogram 1	1	70.923549984	71.123740864	0.0	22050.0	0.200	22050.0	-50.8	sqs.01_agitated_NA
130	Waveform 1	1	71.596413775	71.813287229	0.0	22050.0	0.217	22050.0		sqs.01_agitated_NA
130	Spectrogram 1	1	71.596413775	71.813287229	0.0	22050.0	0.217	22050.0	-47.7	sqs.01_agitated_NA
131	Waveform 1	1	71.846652376	72.074647545	0.0	22050.0	0.228	22050.0		sqs.01_agitated_NA
131	Spectrogram 1	1	71.846652376	72.074647545	0.0	22050.0	0.228	22050.0	-47.8	sqs.01_agitated_NA
132	Waveform 1	1	72.108012691	72.319325287	0.0	22050.0	0.211	22050.0		sqs.01_agitated_NA
132	Spectrogram 1	1	72.108012691	72.319325287	0.0	22050.0	0.211	22050.0	-46.4	sqs.01_agitated_NA
133	Waveform 1	1	72.319325287	72.569563887	0.0	22050.0	0.250	22050.0		sqs.01_agitated_NA
133	Spectrogram 1	1	72.319325287	72.569563887	0.0	22050.0	0.250	22050.0	-47.3	sqs.01_agitated_NA
134	Waveform 1	1	72.569563887	72.797559056	0.0	22050.0	0.228	22050.0		sqs.01_agitated_NA
134	Spectrogram 1	1	72.569563887	72.797559056	0.0	22050.0	0.228	22050.0	-48.5	sqs.01_agitated_NA
135	Waveform 1	1	72.830924203	72.992189078	0.0	22050.0	0.161	22050.0		sqs.01_agitated_NA
135	Spectrogram 1	1	72.830924203	72.992189078	0.0	22050.0	0.161	22050.0	-50.1	sqs.01_agitated_NA
136	Waveform 1	1	73.081162803	73.264671110	0.0	22050.0	0.184	22050.0		sqs.01_agitated_NA
136	Spectrogram 1	1	73.081162803	73.264671110	0.0	22050.0	0.184	22050.0	-50.3	sqs.01_agitated_NA
137	Waveform 1	1	73.320279687	73.514909710	0.0	22050.0	0.195	22050.0		sqs.01_agitated_NA
137	Spectrogram 1	1	73.320279687	73.514909710	0.0	22050.0	0.195	22050.0	-51.0	sqs.01_agitated_NA
138	Waveform 1	1	73.553835714	73.754026594	0.0	22050.0	0.200	22050.0		sqs.01_agitated_NA
138	Spectrogram 1	1	73.553835714	73.754026594	0.0	22050.0	0.200	22050.0	-51.0	sqs.01_agitated_NA
139	Waveform 1	1	73.792952599	74.043191199	0.0	22050.0	0.250	22050.0		sqs.01_agitated_NA
139	Spectrogram 1	1	73.792952599	74.043191199	0.0	22050.0	0.250	22050.0	-51.9	sqs.01_agitated_NA
140	Waveform 1	1	74.043191199	74.321234088	0.0	22050.0	0.278	22050.0		sqs.01_agitated_NA
140	Spectrogram 1	1	74.043191199	74.321234088	0.0	22050.0	0.278	22050.0	-50.9	sqs.01_agitated_NA
141	Waveform 1	1	74.321234088	74.565911830	0.0	22050.0	0.245	22050.0		sqs.01_agitated_NA
141	Spectrogram 1	1	74.321234088	74.565911830	0.0	22050.0	0.245	22050.0	-51.2	sqs.01_agitated_NA
142	Waveform 1	1	74.606695540	74.879177572	0.0	22050.0	0.272	22050.0		sqs.01_agitated_NA
142	Spectrogram 1	1	74.606695540	74.879177572	0.0	22050.0	0.272	22050.0	-49.7	sqs.01_agitated_NA
143	Waveform 1	1	74.879177572	75.301802763	0.0	22050.0	0.423	22050.0		sqs.01_agitated_NA
143	Spectrogram 1	1	74.879177572	75.301802763	0.0	22050.0	0.423	22050.0	-50.8	sqs.01_agitated_NA
144	Waveform 1	1	75.301802763	75.757793101	0.0	22050.0	0.456	22050.0		sqs.01_agitated_NA
144	Spectrogram 1	1	75.301802763	75.757793101	0.0	22050.0	0.456	22050.0	-51.3	sqs.01_agitated_NA
145	Waveform 1	1	75.757793101	76.063640279	0.0	22050.0	0.306	22050.0		sqs.01_agitated_NA
145	Spectrogram 1	1	75.757793101	76.063640279	0.0	22050.0	0.306	22050.0	-52.1	sqs.01_agitated_NA
146	Waveform 1	1	79.150064829	79.617176882	0.0	22050.0	0.467	22050.0		sqs.01_agitated_NA
146	Spectrogram 1	1	79.150064829	79.617176882	0.0	22050.0	0.467	22050.0	-46.6	sqs.01_agitated_NA
147	Waveform 1	1	83.165722369	83.321426387	0.0	22050.0	0.156	22050.0		sqs.01_agitated_NA
147	Spectrogram 1	1	83.165722369	83.321426387	0.0	22050.0	0.156	22050.0	-50.1	sqs.01_agitated_NA
148	Waveform 1	1	83.354791534	83.566104129	0.0	22050.0	0.211	22050.0		sqs.01_agitated_NA
148	Spectrogram 1	1	83.354791534	83.566104129	0.0	22050.0	0.211	22050.0	-50.8	sqs.01_agitated_NA
149	Waveform 1	1	83.566104129	83.794099298	0.0	22050.0	0.228	22050.0		sqs.01_agitated_NA
149	Spectrogram 1	1	83.566104129	83.794099298	0.0	22050.0	0.228	22050.0	-51.6	sqs.01_agitated_NA
150	Waveform 1	1	83.794099298	84.022094467	0.0	22050.0	0.228	22050.0		sqs.01_agitated_NA
150	Spectrogram 1	1	83.794099298	84.022094467	0.0	22050.0	0.228	22050.0	-49.8	sqs.01_agitated_NA
151	Waveform 1	1	84.022094467	84.238967921	0.0	22050.0	0.217	22050.0		sqs.01_agitated_NA
151	Spectrogram 1	1	84.022094467	84.238967921	0.0	22050.0	0.217	22050.0	-50.9	sqs.01_agitated_NA
152	Waveform 1	1	84.238967921	84.461402232	0.0	22050.0	0.222	22050.0		sqs.01_agitated_NA
152	Spectrogram 1	1	84.238967921	84.461402232	0.0	22050.0	0.222	22050.0	-50.4	sqs.01_agitated_NA
153	Waveform 1	1	85.023048868	85.223239748	0.0	22050.0	0.200	22050.0		sqs.01_agitated_NA
153	Spectrogram 1	1	85.023048868	85.223239748	0.0	22050.0	0.200	22050.0	-50.7	sqs.01_agitated_NA
154	Waveform 1	1	85.223239748	85.456795775	0.0	22050.0	0.234	22050.0		sqs.01_agitated_NA
154	Spectrogram 1	1	85.223239748	85.456795775	0.0	22050.0	0.234	22050.0	-51.3	sqs.01_agitated_NA
155	Waveform 1	1	85.456795775	85.695912659	0.0	22050.0	0.239	22050.0		sqs.01_agitated_NA
155	Spectrogram 1	1	85.456795775	85.695912659	0.0	22050.0	0.239	22050.0	-51.0	sqs.01_agitated_NA
156	Waveform 1	1	85.712595232	85.929468686	0.0	22050.0	0.217	22050.0		sqs.01_agitated_NA
156	Spectrogram 1	1	85.712595232	85.929468686	0.0	22050.0	0.217	22050.0	-49.7	sqs.01_agitated_NA
157	Waveform 1	1	85.929468686	86.185268144	0.0	22050.0	0.256	22050.0		sqs.01_agitated_NA
157	Spectrogram 1	1	85.929468686	86.185268144	0.0	22050.0	0.256	22050.0	-50.4	sqs.01_agitated_NA
158	Waveform 1	1	88.920788912	89.104297219	0.0	22050.0	0.184	22050.0		sqs.01_agitated_NA
158	Spectrogram 1	1	88.920788912	89.104297219	0.0	22050.0	0.184	22050.0	-51.0	sqs.01_agitated_NA
159	Waveform 1	1	89.120979792	89.354535819	0.0	22050.0	0.234	22050.0		sqs.01_agitated_NA
159	Spectrogram 1	1	89.120979792	89.354535819	0.0	22050.0	0.234	22050.0	-49.9	sqs.01_agitated_NA
160	Waveform 1	1	89.354535819	89.604774419	0.0	22050.0	0.250	22050.0		sqs.01_agitated_NA
160	Spectrogram 1	1	89.354535819	89.604774419	0.0	22050.0	0.250	22050.0	-51.7	sqs.01_agitated_NA
161	Waveform 1	1	89.604774419	89.899499881	0.0	22050.0	0.295	22050.0		sqs.01_agitated_NA
161	Spectrogram 1	1	89.604774419	89.899499881	0.0	22050.0	0.295	22050.0	-51.4	sqs.01_agitated_NA
162	Waveform 1	1	92.292526433	92.559447606	0.0	22050.0	0.267	22050.0		sqs.01_nest_NA
162	Spectrogram 1	1	92.292526433	92.559447606	0.0	22050.0	0.267	22050.0	-48.6	sqs.01_nest_NA
163	Waveform 1	1	92.587251895	92.781881917	0.0	22050.0	0.195	22050.0		sqs.01_agitated_NA
163	Spectrogram 1	1	92.587251895	92.781881917	0.0	22050.0	0.195	22050.0	-47.9	sqs.01_agitated_NA
164	Waveform 1	1	92.826368780	93.020998802	0.0	22050.0	0.195	22050.0		sqs.01_agitated_NA
164	Spectrogram 1	1	92.826368780	93.020998802	0.0	22050.0	0.195	22050.0	-48.9	sqs.01_agitated_NA
165	Waveform 1	1	93.020998802	93.271237402	0.0	22050.0	0.250	22050.0		sqs.01_agitated_NA
165	Spectrogram 1	1	93.020998802	93.271237402	0.0	22050.0	0.250	22050.0	-48.7	sqs.01_agitated_NA
166	Waveform 1	1	93.271237402	93.538158576	0.0	22050.0	0.267	22050.0		sqs.01_agitated_NA
166	Spectrogram 1	1	93.271237402	93.538158576	0.0	22050.0	0.267	22050.0	-49.3	sqs.01_agitated_NA
167	Waveform 1	1	112.139537185	112.462066936	0.0	22050.0	0.323	22050.0		
167	Spectrogram 1	1	112.139537185	112.462066936	0.0	22050.0	0.323	22050.0	-43.4	
168	Waveform 1	1	115.266596963	115.589126714	0.0	22050.0	0.323	22050.0		sqs.01_moving.tree_NA
168	Spectrogram 1	1	115.266596963	115.589126714	0.0	22050.0	0.323	22050.0	-41.9	sqs.01_moving.tree_NA
169	Waveform 1	1	115.616931003	115.995069332	0.0	22050.0	0.378	22050.0		sqs.01_moving.tree_NA
169	Spectrogram 1	1	115.616931003	115.995069332	0.0	22050.0	0.378	22050.0	-41.9	sqs.01_moving.tree_NA
170	Waveform 1	1	115.995069332	116.417694524	0.0	22050.0	0.423	22050.0		sqs.01_moving.tree_NA
170	Spectrogram 1	1	115.995069332	116.417694524	0.0	22050.0	0.423	22050.0	-43.1	sqs.01_moving.tree_NA
171	Waveform 1	1	116.456620528	116.712419986	0.0	22050.0	0.256	22050.0		sqs.01_u.agitated_NA
171	Spectrogram 1	1	116.456620528	116.712419986	0.0	22050.0	0.256	22050.0	-44.7	sqs.01_u.agitated_NA
172	Waveform 1	1	116.734663417	116.951536870	0.0	22050.0	0.217	22050.0		sqs.01_u.agitated_NA
172	Spectrogram 1	1	116.734663417	116.951536870	0.0	22050.0	0.217	22050.0	-42.7	sqs.01_u.agitated_NA
173	Waveform 1	1	116.996023733	117.262944906	0.0	22050.0	0.267	22050.0		sqs.01_u.agitated_NA
173	Spectrogram 1	1	116.996023733	117.262944906	0.0	22050.0	0.267	22050.0	-43.5	sqs.01_u.agitated_NA
174	Waveform 1	1	117.301870911	117.830152400	0.0	22050.0	0.528	22050.0		sqs.01_u.agitated_NA
174	Spectrogram 1	1	117.301870911	117.830152400	0.0	22050.0	0.528	22050.0	-45.0	sqs.01_u.agitated_NA
175	Waveform 1	1	117.830152400	118.169364724	0.0	22050.0	0.339	22050.0		sqs.01_u.agitated_NA
175	Spectrogram 1	1	117.830152400	118.169364724	0.0	22050.0	0.339	22050.0	-44.2	sqs.01_u.agitated_NA
176	Waveform 1	1	118.252777591	118.742133076	0.0	22050.0	0.489	22050.0		sqs.01_u.agitated_NA
176	Spectrogram 1	1	118.252777591	118.742133076	0.0	22050.0	0.489	22050.0	-44.0	sqs.01_u.agitated_NA
177	Waveform 1	1	119.305922232	119.506113112	0.0	22050.0	0.200	22050.0		sqs.01_u.agitated_NA
177	Spectrogram 1	1	119.305922232	119.506113112	0.0	22050.0	0.200	22050.0	-44.7	sqs.01_u.agitated_NA
178	Waveform 1	1	119.589525979	119.817521148	0.0	22050.0	0.228	22050.0		sqs.01_u.agitated_NA
178	Spectrogram 1	1	119.589525979	119.817521148	0.0	22050.0	0.228	22050.0	-45.3	sqs.01_u.agitated_NA
179	Waveform 1	1	142.245203318	142.662267652	0.0	22050.0	0.417	22050.0		sqs.01_taking.off_NA
179	Spectrogram 1	1	142.245203318	142.662267652	0.0	22050.0	0.417	22050.0	-43.4	sqs.01_taking.off_NA
180	Waveform 1	1	142.651145936	142.879141105	0.0	22050.0	0.228	22050.0		sqs.01_taking.off_NA
180	Spectrogram 1	1	142.651145936	142.879141105	0.0	22050.0	0.228	22050.0	-45.2	sqs.01_taking.off_NA
181	Waveform 1	1	144.719785030	145.047875639	0.0	22050.0	0.328	22050.0		NA_leaving.nest_03
181	Spectrogram 1	1	144.719785030	145.047875639	0.0	22050.0	0.328	22050.0	-45.9	NA_leaving.nest_03
182	Waveform 1	1	145.047875639	145.398209680	0.0	22050.0	0.350	22050.0		NA_leaving.nest_03
182	Spectrogram 1	1	145.047875639	145.398209680	0.0	22050.0	0.350	22050.0	-45.7	NA_leaving.nest_03
183	Waveform 1	1	145.553913697	145.887565164	0.0	22050.0	0.334	22050.0		NA_leaving.nest_03
183	Spectrogram 1	1	145.553913697	145.887565164	0.0	22050.0	0.334	22050.0	-44.5	NA_leaving.nest_03
