Selection	View	Channel	Begin Time (s)	End Time (s)	Low Freq (Hz)	High Freq (Hz)	Annotation
1	Waveform 1	1	18.584663508	18.921855722	0.000	22050.000	
1	Spectrogram 1	1	18.584663508	18.921855722	0.000	22050.000	
2	Waveform 1	1	24.283624362	24.733213980	0.000	22050.000	
2	Spectrogram 1	1	24.283624362	24.733213980	0.000	22050.000	
3	Waveform 1	1	24.784303710	25.274765112	0.000	22050.000	
3	Spectrogram 1	1	24.784303710	25.274765112	0.000	22050.000	
4	Waveform 1	1	25.290092030	25.555758623	0.000	22050.000	
4	Spectrogram 1	1	25.290092030	25.555758623	0.000	22050.000	
5	Waveform 1	1	25.555758623	25.821425216	0.000	22050.000	
5	Spectrogram 1	1	25.555758623	25.821425216	0.000	22050.000	
6	Waveform 1	1	33.589725448	33.896263825	0.000	22050.000	sqs.01_perched_NA
6	Spectrogram 1	1	33.589725448	33.896263825	0.000	22050.000	sqs.01_perched_NA
7	Waveform 1	1	36.062468350	36.394551591	0.000	22050.000	sqs.01_perched_NA
7	Spectrogram 1	1	36.062468350	36.394551591	0.000	22050.000	sqs.01_perched_NA
8	Waveform 1	1	38.274653632	38.596518927	0.000	22050.000	sqs.01_perched_NA
8	Spectrogram 1	1	38.274653632	38.596518927	0.000	22050.000	sqs.01_perched_NA
9	Waveform 1	1	42.321679029	42.628217405	0.000	22050.000	sqs.01_perched_NA
9	Spectrogram 1	1	42.321679029	42.628217405	0.000	22050.000	sqs.01_perched_NA
10	Waveform 1	1	44.789312957	45.075415442	0.000	22050.000	sqs.01_perched_NA
10	Spectrogram 1	1	44.789312957	45.075415442	0.000	22050.000	sqs.01_perched_NA
11	Waveform 1	1	48.964062678	49.280819000	0.000	22050.000	sqs.01_perched_NA
11	Spectrogram 1	1	48.964062678	49.280819000	0.000	22050.000	sqs.01_perched_NA
12	Waveform 1	1	51.661600388	51.978356710	0.000	22050.000	sqs.01_perched_NA
12	Spectrogram 1	1	51.661600388	51.978356710	0.000	22050.000	sqs.01_perched_NA
13	Waveform 1	1	53.792658216	54.129850430	0.000	22050.000	sqs.01_perched_NA
13	Spectrogram 1	1	53.792658216	54.129850430	0.000	22050.000	sqs.01_perched_NA
14	Waveform 1	1	58.384247008	58.685676412	0.000	22050.000	sqs.01_perched_NA
14	Spectrogram 1	1	58.384247008	58.685676412	0.000	22050.000	sqs.01_perched_NA
15	Waveform 1	1	55.673016955	55.862048954	0.000	22050.000	sqs.01_perched_NA
15	Spectrogram 1	1	55.673016955	55.862048954	0.000	22050.000	sqs.01_perched_NA
16	Waveform 1	1	60.779028892	61.014041647	0.000	22050.000	sqs.01_perched_NA
16	Spectrogram 1	1	60.779028892	61.014041647	0.000	22050.000	sqs.01_perched_NA
17	Waveform 1	1	65.333374373	65.599040965	0.000	22050.000	sqs.01_perched_NA
17	Spectrogram 1	1	65.333374373	65.599040965	0.000	22050.000	sqs.01_perched_NA
18	Waveform 1	1	68.030912083	68.250597920	0.000	22050.000	sqs.01_perched_NA
18	Spectrogram 1	1	68.030912083	68.250597920	0.000	22050.000	sqs.01_perched_NA
19	Waveform 1	1	71.687866980	71.948424600	0.000	22050.000	sqs.01_perched_NA
19	Spectrogram 1	1	71.687866980	71.948424600	0.000	22050.000	sqs.01_perched_NA
20	Waveform 1	1	73.246103726	73.506661346	0.000	22050.000	sqs.01_perched_NA
20	Spectrogram 1	1	73.246103726	73.506661346	0.000	22050.000	sqs.01_perched_NA
21	Waveform 1	1	75.887442734	76.122455489	0.000	22050.000	sqs.01_perched_NA
21	Spectrogram 1	1	75.887442734	76.122455489	0.000	22050.000	sqs.01_perched_NA
22	Waveform 1	1	78.284167155	78.529397856	0.000	22050.000	sqs.01_perched_NA
22	Spectrogram 1	1	78.284167155	78.529397856	0.000	22050.000	sqs.01_perched_NA
23	Waveform 1	1	81.119647135	81.359768863	0.000	22050.000	sqs.01_perched_NA
23	Spectrogram 1	1	81.119647135	81.359768863	0.000	22050.000	sqs.01_perched_NA
24	Waveform 1	1	83.509576648	83.790570159	0.000	22050.000	sqs.01_perched_NA
24	Spectrogram 1	1	83.509576648	83.790570159	0.000	22050.000	sqs.01_perched_NA
25	Waveform 1	1	86.595396302	86.835518030	0.000	22050.000	sqs.01_perched_NA
25	Spectrogram 1	1	86.595396302	86.835518030	0.000	22050.000	sqs.01_perched_NA
26	Waveform 1	1	88.981286663	89.267389148	0.000	22050.000	sqs.01_perched_NA
26	Spectrogram 1	1	88.981286663	89.267389148	0.000	22050.000	sqs.01_perched_NA
27	Waveform 1	1	92.003248320	92.268914913	0.000	22050.000	sqs.01_perched_NA
27	Spectrogram 1	1	92.003248320	92.268914913	0.000	22050.000	sqs.01_perched_NA
28	Waveform 1	1	94.884709057	95.119721812	0.000	22050.000	sqs.01_perched_NA
28	Spectrogram 1	1	94.884709057	95.119721812	0.000	22050.000	sqs.01_perched_NA
29	Waveform 1	1	98.102240922	98.398561352	0.000	22050.000	sqs.01_perched_NA
29	Spectrogram 1	1	98.102240922	98.398561352	0.000	22050.000	sqs.01_perched_NA
30	Waveform 1	1	99.961907071	100.242900583	0.000	22050.000	sqs.01_perched_NA
30	Spectrogram 1	1	99.961907071	100.242900583	0.000	22050.000	sqs.01_perched_NA
31	Waveform 1	1	102.894457537	103.165233103	0.000	22050.000	sqs.01_perched_NA
31	Spectrogram 1	1	102.894457537	103.165233103	0.000	22050.000	sqs.01_perched_NA
32	Waveform 1	1	104.879195066	105.134643712	0.000	22050.000	sqs.01_perched_NA
32	Spectrogram 1	1	104.879195066	105.134643712	0.000	22050.000	sqs.01_perched_NA
33	Waveform 1	1	107.270194400	107.489880236	0.000	22050.000	sqs.01_perched_NA
33	Spectrogram 1	1	107.270194400	107.489880236	0.000	22050.000	sqs.01_perched_NA
34	Waveform 1	1	110.921937606	111.162059334	0.000	22050.000	sqs.01_perched_NA
34	Spectrogram 1	1	110.921937606	111.162059334	0.000	22050.000	sqs.01_perched_NA
35	Waveform 1	1	113.716545803	113.961776504	0.000	22050.000	sqs.01_perched_NA
35	Spectrogram 1	1	113.716545803	113.961776504	0.000	22050.000	sqs.01_perched_NA
36	Waveform 1	1	116.557802228	116.854122658	0.000	22050.000	sqs.01_perched_NA
36	Spectrogram 1	1	116.557802228	116.854122658	0.000	22050.000	sqs.01_perched_NA
37	Waveform 1	1	120.491711390	120.803358739	0.000	22050.000	sqs.01_perched_NA
37	Spectrogram 1	1	120.491711390	120.803358739	0.000	22050.000	sqs.01_perched_NA
38	Waveform 1	1	126.601384070	126.984557041	0.000	22050.000	sqs.01_perched_NA
38	Spectrogram 1	1	126.601384070	126.984557041	0.000	22050.000	sqs.01_perched_NA
39	Waveform 1	1	130.938902094	131.235222524	0.000	22050.000	sqs.01_perched_NA
39	Spectrogram 1	1	130.938902094	131.235222524	0.000	22050.000	sqs.01_perched_NA
40	Waveform 1	1	133.134485296	133.349062159	0.000	22050.000	sqs.01_perched.dog_NA
40	Spectrogram 1	1	133.134485296	133.349062159	0.000	22050.000	sqs.01_perched.dog_NA
42	Waveform 1	1	139.307557982	139.603878412	0.000	22050.000	sqs.01_perched.dog_NA
42	Spectrogram 1	1	139.307557982	139.603878412	0.000	22050.000	sqs.01_perched.dog_NA
43	Waveform 1	1	140.408541650	140.740624891	0.000	22050.000	sqs.01_take.off_NA
43	Spectrogram 1	1	140.408541650	140.740624891	0.000	22050.000	sqs.01_take.off_NA
44	Waveform 1	1	140.944983808	141.271958076	0.000	22050.000	sqs.01_take.off_NA
44	Spectrogram 1	1	140.944983808	141.271958076	0.000	22050.000	sqs.01_take.off_NA
45	Waveform 1	1	141.583605425	141.961669423	0.000	22050.000	sqs.01_take.off_NA
45	Spectrogram 1	1	141.583605425	141.961669423	0.000	22050.000	sqs.01_take.off_NA
