Selection	View	Channel	Begin Time (s)	End Time (s)	Low Freq (Hz)	High Freq (Hz)	Annotation
1	Waveform 1	1	185.073709066	185.391850566	0.000	22050.000	sqs.01_nest_04
1	Spectrogram 1	1	185.073709066	185.391850566	0.000	22050.000	sqs.01_nest_04
2	Waveform 1	1	202.195194135	202.382039143	0.000	22050.000	
2	Spectrogram 1	1	202.195194135	202.382039143	0.000	22050.000	
4	Waveform 1	1	253.961214018	254.264205922	0.000	22050.000	sqs.02_nest_04
4	Spectrogram 1	1	253.961214018	254.264205922	0.000	22050.000	sqs.02_nest_04
5	Waveform 1	1	258.086455576	258.470245322	0.000	22050.000	sqs.03_nest_04
5	Spectrogram 1	1	258.086455576	258.470245322	0.000	22050.000	sqs.03_nest_04
6	Waveform 1	1	263.985711178	264.162456456	0.000	22050.000	NA_nest_04
6	Spectrogram 1	1	263.985711178	264.162456456	0.000	22050.000	NA_nest_04
7	Waveform 1	1	264.278603353	264.399800115	0.000	22050.000	NA_nest_04
7	Spectrogram 1	1	264.278603353	264.399800115	0.000	22050.000	NA_nest_04
8	Waveform 1	1	264.465448361	264.616944314	0.000	22050.000	NA_nest_04
8	Spectrogram 1	1	264.465448361	264.616944314	0.000	22050.000	NA_nest_04
9	Waveform 1	1	298.669232544	298.835878092	0.000	22050.000	sqs.03_nest_04
9	Spectrogram 1	1	298.669232544	298.835878092	0.000	22050.000	sqs.03_nest_04
10	Waveform 1	1	317.460811099	317.657755837	0.000	22050.000	NA_nest_04
10	Spectrogram 1	1	317.460811099	317.657755837	0.000	22050.000	NA_nest_04
11	Waveform 1	1	317.748653409	317.945598147	0.000	22050.000	NA_nest_04
11	Spectrogram 1	1	317.748653409	317.945598147	0.000	22050.000	NA_nest_04
12	Waveform 1	1	318.056695179	318.243540187	0.000	22050.000	NA_nest_04
12	Spectrogram 1	1	318.056695179	318.243540187	0.000	22050.000	NA_nest_04
13	Waveform 1	1	318.278889242	318.420285464	0.000	22050.000	NA_nest_04
13	Spectrogram 1	1	318.278889242	318.420285464	0.000	22050.000	NA_nest_04
14	Waveform 1	1	323.229783839	323.477227228	0.000	22050.000	NA_nest_04
14	Spectrogram 1	1	323.229783839	323.477227228	0.000	22050.000	NA_nest_04
15	Waveform 1	1	359.264244003	359.668233209	0.000	22050.000	NA_nest_04
15	Spectrogram 1	1	359.264244003	359.668233209	0.000	22050.000	NA_nest_04
16	Waveform 1	1	445.893354615	446.145847869	0.000	22050.000	sqs.03_leaving.nest_04
16	Spectrogram 1	1	445.893354615	446.145847869	0.000	22050.000	sqs.03_leaving.nest_04
17	Waveform 1	1	481.486865325	481.835306016	0.000	22050.000	NA_leaving.nest_02
17	Spectrogram 1	1	481.486865325	481.835306016	0.000	22050.000	NA_leaving.nest_02
18	Waveform 1	1	481.906004127	482.219095762	0.000	22050.000	NA_leaving.nest_02
18	Spectrogram 1	1	481.906004127	482.219095762	0.000	22050.000	NA_leaving.nest_02
19	Waveform 1	1	559.186977597	559.449570582	0.000	22050.000	sqs.04_nest_01
19	Spectrogram 1	1	559.186977597	559.449570582	0.000	22050.000	sqs.04_nest_01
20	Waveform 1	1	577.399715757	577.647159146	0.000	22050.000	
20	Spectrogram 1	1	577.399715757	577.647159146	0.000	22050.000	
21	Waveform 1	1	600.556405003	600.824047852	0.000	22050.000	
21	Spectrogram 1	1	600.556405003	600.824047852	0.000	22050.000	
22	Waveform 1	1	600.980593669	601.222987193	0.000	22050.000	
22	Spectrogram 1	1	600.980593669	601.222987193	0.000	22050.000	
23	Waveform 1	1	638.538501896	638.730396770	0.000	22050.000	sqs.04_nest_01
23	Spectrogram 1	1	638.538501896	638.730396770	0.000	22050.000	sqs.04_nest_01
24	Waveform 1	1	639.609073294	639.750469516	0.000	22050.000	sqs.04_nest_01
24	Spectrogram 1	1	639.609073294	639.750469516	0.000	22050.000	sqs.04_nest_01
25	Waveform 1	1	639.876716143	640.043361691	0.000	22050.000	sqs.04_nest_01
25	Spectrogram 1	1	639.876716143	640.043361691	0.000	22050.000	sqs.04_nest_01
26	Waveform 1	1	640.194857643	640.341303730	0.000	22050.000	sqs.04_nest_01
26	Spectrogram 1	1	640.194857643	640.341303730	0.000	22050.000	sqs.04_nest_01
27	Waveform 1	1	640.482699953	640.639245770	0.000	22050.000	sqs.04_nest_01
27	Spectrogram 1	1	640.482699953	640.639245770	0.000	22050.000	sqs.04_nest_01
28	Waveform 1	1	640.785691858	640.937187810	0.000	22050.000	sqs.04_nest_01
28	Spectrogram 1	1	640.785691858	640.937187810	0.000	22050.000	sqs.04_nest_01
29	Waveform 1	1	641.098783493	641.255329310	0.000	22050.000	sqs.04_nest_01
29	Spectrogram 1	1	641.098783493	641.255329310	0.000	22050.000	sqs.04_nest_01
30	Waveform 1	1	641.406825262	641.543171620	0.000	22050.000	sqs.04_nest_01
30	Spectrogram 1	1	641.406825262	641.543171620	0.000	22050.000	sqs.04_nest_01
31	Waveform 1	1	641.639119056	641.901712040	0.000	22050.000	sqs.04_nest_01
31	Spectrogram 1	1	641.639119056	641.901712040	0.000	22050.000	sqs.04_nest_01
32	Waveform 1	1	641.972410152	642.123906104	0.000	22050.000	sqs.04_nest_01
32	Spectrogram 1	1	641.972410152	642.123906104	0.000	22050.000	sqs.04_nest_01
33	Waveform 1	1	642.219853541	642.442047604	0.000	22050.000	sqs.04_nest_01
33	Spectrogram 1	1	642.219853541	642.442047604	0.000	22050.000	sqs.04_nest_01
34	Waveform 1	1	642.537995041	642.724840049	0.000	22050.000	sqs.04_nest_01
34	Spectrogram 1	1	642.537995041	642.724840049	0.000	22050.000	sqs.04_nest_01
35	Waveform 1	1	642.805637890	643.037931684	0.000	22050.000	sqs.04_nest_01
35	Spectrogram 1	1	642.805637890	643.037931684	0.000	22050.000	sqs.04_nest_01
36	Waveform 1	1	643.179327906	643.345973454	0.000	22050.000	sqs.04_nest_01
36	Spectrogram 1	1	643.179327906	643.345973454	0.000	22050.000	sqs.04_nest_01
37	Waveform 1	1	643.441920890	643.679264549	0.000	22050.000	sqs.04_nest_01
37	Spectrogram 1	1	643.441920890	643.679264549	0.000	22050.000	sqs.04_nest_01
38	Waveform 1	1	643.768550535	643.960445408	0.000	22050.000	sqs.04_nest_01
38	Spectrogram 1	1	643.768550535	643.960445408	0.000	22050.000	sqs.04_nest_01
39	Waveform 1	1	644.026093654	644.349285019	0.000	22050.000	sqs.04_nest_01
39	Spectrogram 1	1	644.026093654	644.349285019	0.000	22050.000	sqs.04_nest_01
40	Waveform 1	1	644.349285019	644.662376654	0.000	22050.000	sqs.04_nest_01
40	Spectrogram 1	1	644.349285019	644.662376654	0.000	22050.000	sqs.04_nest_01
41	Waveform 1	1	644.717925170	644.985568019	0.000	22050.000	sqs.04_nest_01
41	Spectrogram 1	1	644.717925170	644.985568019	0.000	22050.000	sqs.04_nest_01
42	Waveform 1	1	645.041116535	645.288559924	0.000	22050.000	sqs.04_nest_01
42	Spectrogram 1	1	645.041116535	645.288559924	0.000	22050.000	sqs.04_nest_01
43	Waveform 1	1	645.288559924	645.611751290	0.000	22050.000	sqs.04_nest_01
43	Spectrogram 1	1	645.288559924	645.611751290	0.000	22050.000	sqs.04_nest_01
44	Waveform 1	1	645.687499266	645.975341575	0.000	22050.000	sqs.04_nest_01
44	Spectrogram 1	1	645.687499266	645.975341575	0.000	22050.000	sqs.04_nest_01
45	Waveform 1	1	646.086438607	646.288433210	0.000	22050.000	sqs.04_nest_01
45	Spectrogram 1	1	646.086438607	646.288433210	0.000	22050.000	sqs.04_nest_01
46	Waveform 1	1	646.404580107	646.712621877	0.000	22050.000	sqs.04_nest_01
46	Spectrogram 1	1	646.404580107	646.712621877	0.000	22050.000	sqs.04_nest_01
47	Waveform 1	1	646.798469584	647.020663647	0.000	22050.000	sqs.04_nest_01
47	Spectrogram 1	1	646.798469584	647.020663647	0.000	22050.000	sqs.04_nest_01
48	Waveform 1	1	647.116611084	647.374154203	0.000	22050.000	sqs.04_nest_01
48	Spectrogram 1	1	647.116611084	647.374154203	0.000	22050.000	sqs.04_nest_01
49	Waveform 1	1	647.470101639	647.757943949	0.000	22050.000	sqs.04_nest_01
49	Spectrogram 1	1	647.470101639	647.757943949	0.000	22050.000	sqs.04_nest_01
50	Waveform 1	1	647.858941251	648.126584100	0.000	22050.000	sqs.04_nest_01
50	Spectrogram 1	1	647.858941251	648.126584100	0.000	22050.000	sqs.04_nest_01
51	Waveform 1	1	648.212431806	648.429576005	0.000	22050.000	sqs.04_nest_01
51	Spectrogram 1	1	648.212431806	648.429576005	0.000	22050.000	sqs.04_nest_01
52	Waveform 1	1	648.550374098	648.777618026	0.000	22050.000	sqs.04_nest_01
52	Spectrogram 1	1	648.550374098	648.777618026	0.000	22050.000	sqs.04_nest_01
53	Waveform 1	1	648.883665193	649.156357908	0.000	22050.000	sqs.04_nest_01
53	Spectrogram 1	1	648.883665193	649.156357908	0.000	22050.000	sqs.04_nest_01
54	Waveform 1	1	649.267454939	649.535097789	0.000	22050.000	sqs.04_nest_01
54	Spectrogram 1	1	649.267454939	649.535097789	0.000	22050.000	sqs.04_nest_01
55	Waveform 1	1	649.646194820	649.878488614	0.000	22050.000	sqs.04_nest_01
55	Spectrogram 1	1	649.646194820	649.878488614	0.000	22050.000	sqs.04_nest_01
56	Waveform 1	1	649.994635511	650.282477821	0.000	22050.000	sqs.04_nest_01
56	Spectrogram 1	1	649.994635511	650.282477821	0.000	22050.000	sqs.04_nest_01
57	Waveform 1	1	650.363275662	650.625868646	0.000	22050.000	sqs.04_nest_01
57	Spectrogram 1	1	650.363275662	650.625868646	0.000	22050.000	sqs.04_nest_01
58	Waveform 1	1	650.736965678	650.974309337	0.000	22050.000	sqs.04_nest_01
58	Spectrogram 1	1	650.736965678	650.974309337	0.000	22050.000	sqs.04_nest_01
59	Waveform 1	1	651.070256773	651.302550567	0.000	22050.000	sqs.04_nest_01
59	Spectrogram 1	1	651.070256773	651.302550567	0.000	22050.000	sqs.04_nest_01
60	Waveform 1	1	651.403547869	651.610592337	0.000	22050.000	sqs.04_nest_01
60	Spectrogram 1	1	651.403547869	651.610592337	0.000	22050.000	sqs.04_nest_01
61	Waveform 1	1	651.706539774	651.938833567	0.000	22050.000	sqs.04_nest_01
61	Spectrogram 1	1	651.706539774	651.938833567	0.000	22050.000	sqs.04_nest_01
62	Waveform 1	1	652.054980464	652.272124663	0.000	22050.000	sqs.04_nest_01
62	Spectrogram 1	1	652.054980464	652.272124663	0.000	22050.000	sqs.04_nest_01
63	Waveform 1	1	652.357972369	652.635714948	0.000	22050.000	sqs.04_nest_01
63	Spectrogram 1	1	652.357972369	652.635714948	0.000	22050.000	sqs.04_nest_01
64	Waveform 1	1	652.681163734	652.893258068	0.000	22050.000	sqs.04_nest_01
64	Spectrogram 1	1	652.681163734	652.893258068	0.000	22050.000	sqs.04_nest_01
65	Waveform 1	1	653.049803885	653.271997949	0.000	22050.000	sqs.04_nest_01
65	Spectrogram 1	1	653.049803885	653.271997949	0.000	22050.000	sqs.04_nest_01
66	Waveform 1	1	653.367945385	653.574989854	0.000	22050.000	sqs.04_nest_01
66	Spectrogram 1	1	653.367945385	653.574989854	0.000	22050.000	sqs.04_nest_01
67	Waveform 1	1	653.668113135	653.935755984	0.000	22050.000	sqs.04_nest_01
67	Spectrogram 1	1	653.668113135	653.935755984	0.000	22050.000	sqs.04_nest_01
68	Waveform 1	1	655.784006604	655.895103635	0.000	22050.000	sqs.04_nest_01
68	Spectrogram 1	1	655.784006604	655.895103635	0.000	22050.000	sqs.04_nest_01
69	Waveform 1	1	656.051649453	656.218295001	0.000	22050.000	sqs.04_nest_01
69	Spectrogram 1	1	656.051649453	656.218295001	0.000	22050.000	sqs.04_nest_01
70	Waveform 1	1	656.369790953	656.485937850	0.000	22050.000	sqs.04_nest_01
70	Spectrogram 1	1	656.369790953	656.485937850	0.000	22050.000	sqs.04_nest_01
71	Waveform 1	1	656.526336770	656.703082048	0.000	22050.000	sqs.04_nest_01
71	Spectrogram 1	1	656.526336770	656.703082048	0.000	22050.000	sqs.04_nest_01
72	Waveform 1	1	674.533774824	674.705470237	0.000	22050.000	sqs.04_nest_01
72	Spectrogram 1	1	674.533774824	674.705470237	0.000	22050.000	sqs.04_nest_01
73	Waveform 1	1	674.781218213	674.927664300	0.000	22050.000	sqs.04_nest_01
73	Spectrogram 1	1	674.781218213	674.927664300	0.000	22050.000	sqs.04_nest_01
74	Waveform 1	1	675.048861062	675.225606340	0.000	22050.000	sqs.04_nest_01
74	Spectrogram 1	1	675.048861062	675.225606340	0.000	22050.000	sqs.04_nest_01
75	Waveform 1	1	675.367002562	675.523548380	0.000	22050.000	sqs.04_nest_01
75	Spectrogram 1	1	675.367002562	675.523548380	0.000	22050.000	sqs.04_nest_01
76	Waveform 1	1	675.624545681	675.856839475	0.000	22050.000	sqs.04_nest_01
76	Spectrogram 1	1	675.624545681	675.856839475	0.000	22050.000	sqs.04_nest_01
77	Waveform 1	1	675.917437856	676.164881245	0.000	22050.000	sqs.04_nest_01
77	Spectrogram 1	1	675.917437856	676.164881245	0.000	22050.000	sqs.04_nest_01
78	Waveform 1	1	676.265878547	676.397175039	0.000	22050.000	sqs.04_nest_01
78	Spectrogram 1	1	676.265878547	676.397175039	0.000	22050.000	sqs.04_nest_01
79	Waveform 1	1	676.483022745	676.674917618	0.000	22050.000	sqs.04_nest_01
79	Spectrogram 1	1	676.483022745	676.674917618	0.000	22050.000	sqs.04_nest_01
80	Waveform 1	1	676.786014650	677.018308444	0.000	22050.000	sqs.04_nest_01
80	Spectrogram 1	1	676.786014650	677.018308444	0.000	22050.000	sqs.04_nest_01
81	Waveform 1	1	677.078906825	677.336449944	0.000	22050.000	sqs.04_nest_01
81	Spectrogram 1	1	677.078906825	677.336449944	0.000	22050.000	sqs.04_nest_01
83	Waveform 1	1	677.381898730	677.548544277	0.000	22050.000	sqs.04_nest_01
83	Spectrogram 1	1	677.381898730	677.548544277	0.000	22050.000	sqs.04_nest_01
84	Waveform 1	1	677.644491714	677.811137262	0.000	22050.000	sqs.04_nest_01
84	Spectrogram 1	1	677.644491714	677.811137262	0.000	22050.000	sqs.04_nest_01
85	Waveform 1	1	678.194927008	678.391871746	0.000	22050.000	sqs.04_nest_01
85	Spectrogram 1	1	678.194927008	678.391871746	0.000	22050.000	sqs.04_nest_01
86	Waveform 1	1	678.745362302	678.937257175	0.000	22050.000	sqs.04_nest_01
86	Spectrogram 1	1	678.745362302	678.937257175	0.000	22050.000	sqs.04_nest_01
87	Waveform 1	1	679.049168060	679.291561583	0.000	22050.000	sqs.04_nest_01
87	Spectrogram 1	1	679.049168060	679.291561583	0.000	22050.000	sqs.04_nest_01
88	Waveform 1	1	679.377409290	679.645052139	0.000	22050.000	sqs.04_nest_01
88	Spectrogram 1	1	679.377409290	679.645052139	0.000	22050.000	sqs.04_nest_01
89	Waveform 1	1	679.700600655	679.816747552	0.000	22050.000	sqs.04_nest_01
89	Spectrogram 1	1	679.700600655	679.816747552	0.000	22050.000	sqs.04_nest_01
90	Waveform 1	1	679.942994179	680.150038647	0.000	22050.000	sqs.04_nest_01
90	Spectrogram 1	1	679.942994179	680.150038647	0.000	22050.000	sqs.04_nest_01
91	Waveform 1	1	680.235886354	680.488379608	0.000	22050.000	sqs.04_nest_01
91	Spectrogram 1	1	680.235886354	680.488379608	0.000	22050.000	sqs.04_nest_01
92	Waveform 1	1	680.564127584	680.831770433	0.000	22050.000	sqs.04_nest_01
92	Spectrogram 1	1	680.564127584	680.831770433	0.000	22050.000	sqs.04_nest_01
93	Waveform 1	1	680.872169354	681.134762338	0.000	22050.000	sqs.04_nest_01
93	Spectrogram 1	1	680.872169354	681.134762338	0.000	22050.000	sqs.04_nest_01
94	Waveform 1	1	681.134762338	681.422604648	0.000	22050.000	sqs.04_nest_01
94	Spectrogram 1	1	681.134762338	681.422604648	0.000	22050.000	sqs.04_nest_01
95	Waveform 1	1	681.422604648	681.705397092	0.000	22050.000	sqs.04_nest_01
95	Spectrogram 1	1	681.422604648	681.705397092	0.000	22050.000	sqs.04_nest_01
96	Waveform 1	1	681.705397092	681.978089807	0.000	22050.000	sqs.04_nest_01
96	Spectrogram 1	1	681.705397092	681.978089807	0.000	22050.000	sqs.04_nest_01
97	Waveform 1	1	681.978089807	682.286131577	0.000	22050.000	sqs.04_nest_01
97	Spectrogram 1	1	681.978089807	682.286131577	0.000	22050.000	sqs.04_nest_01
98	Waveform 1	1	682.286131577	682.589123481	0.000	22050.000	sqs.04_nest_01
98	Spectrogram 1	1	682.286131577	682.589123481	0.000	22050.000	sqs.04_nest_01
99	Waveform 1	1	682.589123481	682.871915926	0.000	22050.000	sqs.04_nest_01
99	Spectrogram 1	1	682.589123481	682.871915926	0.000	22050.000	sqs.04_nest_01
100	Waveform 1	1	682.876965791	683.164808101	0.000	22050.000	sqs.04_nest_01
100	Spectrogram 1	1	682.876965791	683.164808101	0.000	22050.000	sqs.04_nest_01
101	Waveform 1	1	683.164808101	683.427401085	0.000	22050.000	sqs.04_nest_01
101	Spectrogram 1	1	683.164808101	683.427401085	0.000	22050.000	sqs.04_nest_01
102	Waveform 1	1	683.427401085	683.770791910	0.000	22050.000	sqs.04_nest_01
102	Spectrogram 1	1	683.427401085	683.770791910	0.000	22050.000	sqs.04_nest_01
103	Waveform 1	1	683.770791910	684.063684085	0.000	22050.000	sqs.04_nest_01
103	Spectrogram 1	1	683.770791910	684.063684085	0.000	22050.000	sqs.04_nest_01
104	Waveform 1	1	684.093983276	684.371725855	0.000	22050.000	sqs.04_nest_01
104	Spectrogram 1	1	684.093983276	684.371725855	0.000	22050.000	sqs.04_nest_01
105	Waveform 1	1	684.477773022	684.755515601	0.000	22050.000	sqs.04_nest_01
105	Spectrogram 1	1	684.477773022	684.755515601	0.000	22050.000	sqs.04_nest_01
106	Waveform 1	1	684.820765178	685.027809647	0.000	22050.000	sqs.04_nest_01
106	Spectrogram 1	1	684.820765178	685.027809647	0.000	22050.000	sqs.04_nest_01
107	Waveform 1	1	685.118707218	685.335851417	0.000	22050.000	sqs.04_nest_01
107	Spectrogram 1	1	685.118707218	685.335851417	0.000	22050.000	sqs.04_nest_01
108	Waveform 1	1	685.426748988	685.664092647	0.000	22050.000	sqs.04_nest_01
108	Spectrogram 1	1	685.426748988	685.664092647	0.000	22050.000	sqs.04_nest_01
109	Waveform 1	1	685.709541433	685.987284012	0.000	22050.000	sqs.04_nest_01
109	Spectrogram 1	1	685.709541433	685.987284012	0.000	22050.000	sqs.04_nest_01
110	Waveform 1	1	686.063031988	686.300375647	0.000	22050.000	sqs.04_nest_02
110	Spectrogram 1	1	686.063031988	686.300375647	0.000	22050.000	sqs.04_nest_02
111	Waveform 1	1	686.790212560	686.987157298	0.000	22050.000	sqs.04_nest_02
111	Spectrogram 1	1	686.790212560	686.987157298	0.000	22050.000	sqs.04_nest_02
112	Waveform 1	1	687.103304195	687.325498259	0.000	22050.000	sqs.04_nest_02
112	Spectrogram 1	1	687.103304195	687.325498259	0.000	22050.000	sqs.04_nest_02
113	Waveform 1	1	687.421445695	687.678988814	0.000	22050.000	sqs.04_nest_02
113	Spectrogram 1	1	687.421445695	687.678988814	0.000	22050.000	sqs.04_nest_02
114	Waveform 1	1	687.769886386	688.027429505	0.000	22050.000	sqs.04_nest_02
114	Spectrogram 1	1	687.769886386	688.027429505	0.000	22050.000	sqs.04_nest_02
115	Waveform 1	1	688.138526537	688.385969926	0.000	22050.000	sqs.04_nest_02
115	Spectrogram 1	1	688.138526537	688.385969926	0.000	22050.000	sqs.04_nest_02
116	Waveform 1	1	689.284845910	689.527239434	0.000	22050.000	sqs.04_nest_02
116	Spectrogram 1	1	689.284845910	689.527239434	0.000	22050.000	sqs.04_nest_02
117	Waveform 1	1	689.613087140	689.875680125	0.000	22050.000	sqs.04_nest_02
117	Spectrogram 1	1	689.613087140	689.875680125	0.000	22050.000	sqs.04_nest_02
118	Waveform 1	1	689.943554080	690.221296660	0.000	22050.000	sqs.04_nest_02
118	Spectrogram 1	1	689.943554080	690.221296660	0.000	22050.000	sqs.04_nest_02
119	Waveform 1	1	690.307144366	690.579837080	0.000	22050.000	sqs.04_nest_02
119	Spectrogram 1	1	690.307144366	690.579837080	0.000	22050.000	sqs.04_nest_02
120	Waveform 1	1	690.655585057	690.953527096	0.000	22050.000	sqs.04_nest_02
120	Spectrogram 1	1	690.655585057	690.953527096	0.000	22050.000	sqs.04_nest_02
121	Waveform 1	1	691.009075612	691.261568866	0.000	22050.000	sqs.04_nest_02
121	Spectrogram 1	1	691.009075612	691.261568866	0.000	22050.000	sqs.04_nest_02
122	Waveform 1	1	691.362566168	691.594859962	0.000	22050.000	sqs.04_nest_02
122	Spectrogram 1	1	691.362566168	691.594859962	0.000	22050.000	sqs.04_nest_02
123	Waveform 1	1	691.690807398	691.938250787	0.000	22050.000	sqs.04_nest_02
123	Spectrogram 1	1	691.690807398	691.938250787	0.000	22050.000	sqs.04_nest_02
124	Waveform 1	1	691.978649708	692.210943502	0.000	22050.000	sqs.04_nest_02
124	Spectrogram 1	1	691.978649708	692.210943502	0.000	22050.000	sqs.04_nest_02
125	Waveform 1	1	692.301841073	692.614932708	0.000	22050.000	sqs.04_nest_02
125	Spectrogram 1	1	692.301841073	692.614932708	0.000	22050.000	sqs.04_nest_02
126	Waveform 1	1	692.670481224	692.928024343	0.000	22050.000	sqs.04_nest_02
126	Spectrogram 1	1	692.670481224	692.928024343	0.000	22050.000	sqs.04_nest_02
127	Waveform 1	1	692.983572859	693.261315438	0.000	22050.000	sqs.04_nest_02
127	Spectrogram 1	1	692.983572859	693.261315438	0.000	22050.000	sqs.04_nest_02
128	Waveform 1	1	693.352213010	693.604706264	0.000	22050.000	sqs.04_nest_02
128	Spectrogram 1	1	693.352213010	693.604706264	0.000	22050.000	sqs.04_nest_02
129	Waveform 1	1	693.680454240	694.013745336	0.000	22050.000	sqs.04_nest_02
129	Spectrogram 1	1	693.680454240	694.013745336	0.000	22050.000	sqs.04_nest_02
130	Waveform 1	1	694.076370534	694.344013384	0.000	22050.000	sqs.04_nest_02
130	Spectrogram 1	1	694.076370534	694.344013384	0.000	22050.000	sqs.04_nest_02
131	Waveform 1	1	694.419761360	694.707603669	0.000	22050.000	sqs.04_nest_02
131	Spectrogram 1	1	694.419761360	694.707603669	0.000	22050.000	sqs.04_nest_02
132	Waveform 1	1	694.803551106	695.056044360	0.000	22050.000	sqs.04_nest_02
132	Spectrogram 1	1	694.803551106	695.056044360	0.000	22050.000	sqs.04_nest_02
133	Waveform 1	1	695.131792336	695.424684511	0.000	22050.000	sqs.04_nest_02
133	Spectrogram 1	1	695.131792336	695.424684511	0.000	22050.000	sqs.04_nest_02
134	Waveform 1	1	695.535781543	695.818573987	0.000	22050.000	sqs.04_nest_02
134	Spectrogram 1	1	695.535781543	695.818573987	0.000	22050.000	sqs.04_nest_02
135	Waveform 1	1	695.874122503	696.172064543	0.000	22050.000	sqs.04_nest_02
135	Spectrogram 1	1	695.874122503	696.172064543	0.000	22050.000	sqs.04_nest_02
136	Waveform 1	1	696.232662924	696.520505234	0.000	22050.000	sqs.04_nest_02
136	Spectrogram 1	1	696.232662924	696.520505234	0.000	22050.000	sqs.04_nest_02
137	Waveform 1	1	696.606352940	696.853796329	0.000	22050.000	sqs.04_nest_02
137	Spectrogram 1	1	696.606352940	696.853796329	0.000	22050.000	sqs.04_nest_02
138	Waveform 1	1	696.939644035	697.217386615	0.000	22050.000	sqs.04_nest_02
138	Spectrogram 1	1	696.939644035	697.217386615	0.000	22050.000	sqs.04_nest_02
139	Waveform 1	1	697.343633242	697.575927035	0.000	22050.000	sqs.04_nest_02
139	Spectrogram 1	1	697.343633242	697.575927035	0.000	22050.000	sqs.04_nest_02
140	Waveform 1	1	697.656724877	697.949617051	0.000	22050.000	sqs.04_nest_02
140	Spectrogram 1	1	697.656724877	697.949617051	0.000	22050.000	sqs.04_nest_02
141	Waveform 1	1	698.045564488	698.308157472	0.000	22050.000	sqs.04_nest_02
141	Spectrogram 1	1	698.045564488	698.308157472	0.000	22050.000	sqs.04_nest_02
142	Waveform 1	1	698.373805718	698.717196544	0.000	22050.000	sqs.04_nest_02
142	Spectrogram 1	1	698.373805718	698.717196544	0.000	22050.000	sqs.04_nest_02
143	Waveform 1	1	698.762645330	699.040387909	0.000	22050.000	sqs.04_nest_02
143	Spectrogram 1	1	698.762645330	699.040387909	0.000	22050.000	sqs.04_nest_02
144	Waveform 1	1	699.121185750	699.489825901	0.000	22050.000	sqs.04_nest_02
144	Spectrogram 1	1	699.121185750	699.489825901	0.000	22050.000	sqs.04_nest_02
145	Waveform 1	1	699.489825901	699.802917536	0.000	22050.000	sqs.04_nest_02
145	Spectrogram 1	1	699.489825901	699.802917536	0.000	22050.000	sqs.04_nest_02
146	Waveform 1	1	699.853416187	700.196807013	0.000	22050.000	sqs.04_nest_02
146	Spectrogram 1	1	699.853416187	700.196807013	0.000	22050.000	sqs.04_nest_02
147	Waveform 1	1	700.257405394	700.540197838	0.000	22050.000	sqs.04_nest_02
147	Spectrogram 1	1	700.257405394	700.540197838	0.000	22050.000	sqs.04_nest_02
148	Waveform 1	1	700.619384488	700.932476123	0.000	22050.000	sqs.04_nest_02
148	Spectrogram 1	1	700.619384488	700.932476123	0.000	22050.000	sqs.04_nest_02
149	Waveform 1	1	701.018323830	701.280916814	0.000	22050.000	sqs.04_nest_02
149	Spectrogram 1	1	701.018323830	701.280916814	0.000	22050.000	sqs.04_nest_02
150	Waveform 1	1	702.790826473	703.108967973	0.000	22050.000	sqs.04_nest_02
150	Spectrogram 1	1	702.790826473	703.108967973	0.000	22050.000	sqs.04_nest_02
151	Waveform 1	1	703.189765815	703.497807585	0.000	22050.000	sqs.04_nest_02
151	Spectrogram 1	1	703.189765815	703.497807585	0.000	22050.000	sqs.04_nest_02
152	Waveform 1	1	703.578605426	703.831098680	0.000	22050.000	sqs.04_nest_02
152	Spectrogram 1	1	703.578605426	703.831098680	0.000	22050.000	sqs.04_nest_02
153	Waveform 1	1	703.937145847	704.199738831	0.000	22050.000	sqs.04_nest_02
153	Spectrogram 1	1	703.937145847	704.199738831	0.000	22050.000	sqs.04_nest_02
154	Waveform 1	1	704.250237482	704.522930196	0.000	22050.000	sqs.04_nest_02
154	Spectrogram 1	1	704.250237482	704.522930196	0.000	22050.000	sqs.04_nest_02
155	Waveform 1	1	704.548179522	704.876420752	0.000	22050.000	sqs.04_nest_02
155	Spectrogram 1	1	704.548179522	704.876420752	0.000	22050.000	sqs.04_nest_02
156	Waveform 1	1	704.966919654	705.229512639	0.000	22050.000	sqs.04_nest_02
156	Spectrogram 1	1	704.966919654	705.229512639	0.000	22050.000	sqs.04_nest_02
157	Waveform 1	1	705.310310480	705.557753869	0.000	22050.000	sqs.04_nest_02
157	Spectrogram 1	1	705.310310480	705.557753869	0.000	22050.000	sqs.04_nest_02
158	Waveform 1	1	705.618352250	705.855695909	0.000	22050.000	sqs.04_nest_02
158	Spectrogram 1	1	705.618352250	705.855695909	0.000	22050.000	sqs.04_nest_02
159	Waveform 1	1	705.941543615	706.178887274	0.000	22050.000	sqs.04_nest_02
159	Spectrogram 1	1	705.941543615	706.178887274	0.000	22050.000	sqs.04_nest_02
160	Waveform 1	1	706.315233631	706.608125806	0.000	22050.000	sqs.04_nest_02
160	Spectrogram 1	1	706.315233631	706.608125806	0.000	22050.000	sqs.04_nest_02
161	Waveform 1	1	706.683873782	706.966666227	0.000	22050.000	sqs.04_nest_02
161	Spectrogram 1	1	706.683873782	706.966666227	0.000	22050.000	sqs.04_nest_02
162	Waveform 1	1	707.032314473	707.294907457	0.000	22050.000	sqs.04_nest_02
162	Spectrogram 1	1	707.032314473	707.294907457	0.000	22050.000	sqs.04_nest_02
163	Waveform 1	1	707.400954623	707.673647338	0.000	22050.000	sqs.04_nest_02
163	Spectrogram 1	1	707.400954623	707.673647338	0.000	22050.000	sqs.04_nest_02
164	Waveform 1	1	707.759495044	708.032187759	0.000	22050.000	sqs.04_nest_02
164	Spectrogram 1	1	707.759495044	708.032187759	0.000	22050.000	sqs.04_nest_02
165	Waveform 1	1	708.143284790	708.360428989	0.000	22050.000	sqs.04_nest_02
165	Spectrogram 1	1	708.143284790	708.360428989	0.000	22050.000	sqs.04_nest_02
166	Waveform 1	1	708.491725481	708.769468060	0.000	22050.000	sqs.04_nest_02
166	Spectrogram 1	1	708.491725481	708.769468060	0.000	22050.000	sqs.04_nest_02
167	Waveform 1	1	708.875515227	709.133058346	0.000	22050.000	sqs.04_nest_02
167	Spectrogram 1	1	708.875515227	709.133058346	0.000	22050.000	sqs.04_nest_02
168	Waveform 1	1	709.218906053	709.521897958	0.000	22050.000	sqs.04_nest_02
168	Spectrogram 1	1	709.218906053	709.521897958	0.000	22050.000	sqs.04_nest_02
169	Waveform 1	1	709.617845394	709.885488243	0.000	22050.000	sqs.04_nest_02
169	Spectrogram 1	1	709.617845394	709.885488243	0.000	22050.000	sqs.04_nest_02
170	Waveform 1	1	710.001635140	710.279377720	0.000	22050.000	sqs.04_nest_02
170	Spectrogram 1	1	710.001635140	710.279377720	0.000	22050.000	sqs.04_nest_02
171	Waveform 1	1	710.396338470	710.633682129	0.000	22050.000	sqs.04_nest_02
171	Spectrogram 1	1	710.396338470	710.633682129	0.000	22050.000	sqs.04_nest_02
172	Waveform 1	1	710.785178081	711.062920660	0.000	22050.000	sqs.04_nest_02
172	Spectrogram 1	1	710.785178081	711.062920660	0.000	22050.000	sqs.04_nest_02
173	Waveform 1	1	711.163917962	711.401261621	0.000	22050.000	sqs.04_nest_02
173	Spectrogram 1	1	711.163917962	711.401261621	0.000	22050.000	sqs.04_nest_02
174	Waveform 1	1	711.512358653	711.749702311	0.000	22050.000	sqs.04_nest_02
174	Spectrogram 1	1	711.512358653	711.749702311	0.000	22050.000	sqs.04_nest_02
175	Waveform 1	1	711.886048669	712.138541923	0.000	22050.000	sqs.04_nest_02
175	Spectrogram 1	1	711.886048669	712.138541923	0.000	22050.000	sqs.04_nest_02
176	Waveform 1	1	712.264788550	712.502132209	0.000	22050.000	sqs.04_nest_02
176	Spectrogram 1	1	712.264788550	712.502132209	0.000	22050.000	sqs.04_nest_02
177	Waveform 1	1	712.603129510	712.896021685	0.000	22050.000	sqs.04_nest_02
177	Spectrogram 1	1	712.603129510	712.896021685	0.000	22050.000	sqs.04_nest_02
178	Waveform 1	1	713.002068852	713.239412510	0.000	22050.000	sqs.04_nest_02
178	Spectrogram 1	1	713.002068852	713.239412510	0.000	22050.000	sqs.04_nest_02
179	Waveform 1	1	713.360609272	713.658551312	0.000	22050.000	sqs.04_nest_02
179	Spectrogram 1	1	713.360609272	713.658551312	0.000	22050.000	sqs.04_nest_02
180	Waveform 1	1	713.734299288	713.996892273	0.000	22050.000	sqs.04_nest_02
180	Spectrogram 1	1	713.734299288	713.996892273	0.000	22050.000	sqs.04_nest_02
181	Waveform 1	1	714.128188765	714.365532423	0.000	22050.000	sqs.04_nest_02
181	Spectrogram 1	1	714.128188765	714.365532423	0.000	22050.000	sqs.04_nest_02
182	Waveform 1	1	714.492792238	714.750335357	0.000	22050.000	sqs.04_nest_02
182	Spectrogram 1	1	714.492792238	714.750335357	0.000	22050.000	sqs.04_nest_02
183	Waveform 1	1	714.896781445	715.144224834	0.000	22050.000	sqs.04_nest_02
183	Spectrogram 1	1	714.896781445	715.144224834	0.000	22050.000	sqs.04_nest_02
184	Waveform 1	1	715.235122405	715.492665524	0.000	22050.000	sqs.04_nest_02
184	Spectrogram 1	1	715.235122405	715.492665524	0.000	22050.000	sqs.04_nest_02
185	Waveform 1	1	715.629011881	715.871405405	0.000	22050.000	sqs.04_nest_02
185	Spectrogram 1	1	715.629011881	715.871405405	0.000	22050.000	sqs.04_nest_02
186	Waveform 1	1	715.997652032	716.290544207	0.000	22050.000	sqs.04_nest_02
186	Spectrogram 1	1	715.997652032	716.290544207	0.000	22050.000	sqs.04_nest_02
187	Waveform 1	1	716.351142588	716.654134493	0.000	22050.000	sqs.04_nest_02
187	Spectrogram 1	1	716.351142588	716.654134493	0.000	22050.000	sqs.04_nest_02
188	Waveform 1	1	716.709683009	716.982375723	0.000	22050.000	sqs.04_nest_02
188	Spectrogram 1	1	716.709683009	716.982375723	0.000	22050.000	sqs.04_nest_02
189	Waveform 1	1	717.088422890	717.320716683	0.000	22050.000	sqs.04_nest_02
189	Spectrogram 1	1	717.088422890	717.320716683	0.000	22050.000	sqs.04_nest_02
190	Waveform 1	1	724.442654597	724.710297446	0.000	22050.000	NA_nest_02
190	Spectrogram 1	1	724.442654597	724.710297446	0.000	22050.000	NA_nest_02
191	Waveform 1	1	738.498057266	738.679852409	0.000	22050.000	NA_nest_02
191	Spectrogram 1	1	738.498057266	738.679852409	0.000	22050.000	NA_nest_02
192	Waveform 1	1	738.922245933	739.068692020	0.000	22050.000	NA_nest_02
192	Spectrogram 1	1	738.922245933	739.068692020	0.000	22050.000	NA_nest_02
193	Waveform 1	1	739.351484465	739.502980417	0.000	22050.000	NA_nest_02
193	Spectrogram 1	1	739.351484465	739.502980417	0.000	22050.000	NA_nest_02
194	Waveform 1	1	739.538329473	739.694875290	0.000	22050.000	NA_nest_02
194	Spectrogram 1	1	739.538329473	739.694875290	0.000	22050.000	NA_nest_02
195	Waveform 1	1	739.785772862	739.947368545	0.000	22050.000	NA_nest_02
195	Spectrogram 1	1	739.785772862	739.947368545	0.000	22050.000	NA_nest_02
196	Waveform 1	1	740.013016791	740.139263418	0.000	22050.000	NA_nest_02
196	Spectrogram 1	1	740.013016791	740.139263418	0.000	22050.000	NA_nest_02
197	Waveform 1	1	740.230160989	740.361457481	0.000	22050.000	NA_nest_02
197	Spectrogram 1	1	740.230160989	740.361457481	0.000	22050.000	NA_nest_02
198	Waveform 1	1	740.422055862	740.583651545	0.000	22050.000	NA_nest_02
198	Spectrogram 1	1	740.422055862	740.583651545	0.000	22050.000	NA_nest_02
199	Waveform 1	1	740.659399521	740.795745878	0.000	22050.000	NA_nest_02
199	Spectrogram 1	1	740.659399521	740.795745878	0.000	22050.000	NA_nest_02
200	Waveform 1	1	740.866443989	740.992690616	0.000	22050.000	NA_nest_02
200	Spectrogram 1	1	740.866443989	740.992690616	0.000	22050.000	NA_nest_02
201	Waveform 1	1	741.068438593	741.250233735	0.000	22050.000	NA_nest_02
201	Spectrogram 1	1	741.068438593	741.250233735	0.000	22050.000	NA_nest_02
202	Waveform 1	1	741.265383331	741.447178474	0.000	22050.000	NA_nest_02
202	Spectrogram 1	1	741.265383331	741.447178474	0.000	22050.000	NA_nest_02
203	Waveform 1	1	741.507776855	741.659272807	0.000	22050.000	NA_nest_02
203	Spectrogram 1	1	741.507776855	741.659272807	0.000	22050.000	NA_nest_02
204	Waveform 1	1	741.699671728	741.856217545	0.000	22050.000	NA_nest_02
204	Spectrogram 1	1	741.699671728	741.856217545	0.000	22050.000	NA_nest_02
205	Waveform 1	1	741.926915656	742.043062553	0.000	22050.000	NA_nest_02
205	Spectrogram 1	1	741.926915656	742.043062553	0.000	22050.000	NA_nest_02
206	Waveform 1	1	742.113760664	742.320805133	0.000	22050.000	NA_nest_02
206	Spectrogram 1	1	742.113760664	742.320805133	0.000	22050.000	NA_nest_02
207	Waveform 1	1	742.376353649	742.487450680	0.000	22050.000	NA_nest_02
207	Spectrogram 1	1	742.376353649	742.487450680	0.000	22050.000	NA_nest_02
208	Waveform 1	1	742.839330045	743.202920331	0.000	22050.000	NA_nest_02
208	Spectrogram 1	1	742.839330045	743.202920331	0.000	22050.000	NA_nest_02
209	Waveform 1	1	743.526111696	743.753355625	0.000	22050.000	NA_nest_02
209	Spectrogram 1	1	743.526111696	743.753355625	0.000	22050.000	NA_nest_02
210	Waveform 1	1	743.768505220	743.935150768	0.000	22050.000	NA_nest_02
210	Spectrogram 1	1	743.768505220	743.935150768	0.000	22050.000	NA_nest_02
211	Waveform 1	1	743.985649418	744.172494426	0.000	22050.000	NA_nest_02
211	Spectrogram 1	1	743.985649418	744.172494426	0.000	22050.000	NA_nest_02
212	Waveform 1	1	744.253292268	744.364389300	0.000	22050.000	NA_nest_02
212	Spectrogram 1	1	744.253292268	744.364389300	0.000	22050.000	NA_nest_02
213	Waveform 1	1	744.460336736	744.621932419	0.000	22050.000	NA_nest_02
213	Spectrogram 1	1	744.460336736	744.621932419	0.000	22050.000	NA_nest_02
214	Waveform 1	1	744.677480935	744.828976887	0.000	22050.000	NA_nest_02
214	Spectrogram 1	1	744.677480935	744.828976887	0.000	22050.000	NA_nest_02
215	Waveform 1	1	744.899674998	745.076420276	0.000	22050.000	NA_nest_02
215	Spectrogram 1	1	744.899674998	745.076420276	0.000	22050.000	NA_nest_02
216	Waveform 1	1	745.116819197	745.258215419	0.000	22050.000	NA_nest_02
216	Spectrogram 1	1	745.116819197	745.258215419	0.000	22050.000	NA_nest_02
217	Waveform 1	1	745.333963395	745.475359617	0.000	22050.000	NA_nest_02
217	Spectrogram 1	1	745.333963395	745.475359617	0.000	22050.000	NA_nest_02
218	Waveform 1	1	745.566257189	745.717753141	0.000	22050.000	NA_nest_02
218	Spectrogram 1	1	745.566257189	745.717753141	0.000	22050.000	NA_nest_02
219	Waveform 1	1	745.788451252	745.929847475	0.000	22050.000	NA_nest_02
219	Spectrogram 1	1	745.788451252	745.929847475	0.000	22050.000	NA_nest_02
220	Waveform 1	1	747.882534070	748.190575840	0.000	22050.000	NA_nest_02
220	Spectrogram 1	1	747.882534070	748.190575840	0.000	22050.000	NA_nest_02
221	Waveform 1	1	748.236024626	748.493567745	0.000	22050.000	NA_nest_02
221	Spectrogram 1	1	748.236024626	748.493567745	0.000	22050.000	NA_nest_02
222	Waveform 1	1	748.584465316	748.796559650	0.000	22050.000	NA_nest_02
222	Spectrogram 1	1	748.584465316	748.796559650	0.000	22050.000	NA_nest_02
223	Waveform 1	1	748.867257761	749.190449126	0.000	22050.000	NA_nest_02
223	Spectrogram 1	1	748.867257761	749.190449126	0.000	22050.000	NA_nest_02
224	Waveform 1	1	749.266197102	749.569189007	0.000	22050.000	NA_nest_02
224	Spectrogram 1	1	749.266197102	749.569189007	0.000	22050.000	NA_nest_02
225	Waveform 1	1	770.667143163	771.045883044	0.000	22050.000	NA_nest_02
225	Spectrogram 1	1	770.667143163	771.045883044	0.000	22050.000	NA_nest_02
226	Waveform 1	1	771.096381695	771.399373599	0.000	22050.000	NA_nest_02
226	Spectrogram 1	1	771.096381695	771.399373599	0.000	22050.000	NA_nest_02
227	Waveform 1	1	773.552642942	773.795036466	0.000	22050.000	NA_nest_02
227	Spectrogram 1	1	773.552642942	773.795036466	0.000	22050.000	NA_nest_02
228	Waveform 1	1	773.870784442	774.037429989	0.000	22050.000	NA_nest_02
228	Spectrogram 1	1	773.870784442	774.037429989	0.000	22050.000	NA_nest_02
229	Waveform 1	1	774.294973109	774.502017577	0.000	22050.000	NA_nest_02
229	Spectrogram 1	1	774.294973109	774.502017577	0.000	22050.000	NA_nest_02
230	Waveform 1	1	774.603014879	774.789859887	0.000	22050.000	NA_nest_02
230	Spectrogram 1	1	774.603014879	774.789859887	0.000	22050.000	NA_nest_02
231	Waveform 1	1	775.062552601	775.254447474	0.000	22050.000	NA_nest_02
231	Spectrogram 1	1	775.062552601	775.254447474	0.000	22050.000	NA_nest_02
232	Waveform 1	1	775.330195450	775.496840998	0.000	22050.000	NA_nest_02
232	Spectrogram 1	1	775.330195450	775.496840998	0.000	22050.000	NA_nest_02
233	Waveform 1	1	775.577638839	775.794783038	0.000	22050.000	NA_nest_02
233	Spectrogram 1	1	775.577638839	775.794783038	0.000	22050.000	NA_nest_02
234	Waveform 1	1	775.885680609	776.027076831	0.000	22050.000	NA_nest_02
234	Spectrogram 1	1	775.885680609	776.027076831	0.000	22050.000	NA_nest_02
235	Waveform 1	1	776.112924538	776.370467657	0.000	22050.000	NA_nest_02
235	Spectrogram 1	1	776.112924538	776.370467657	0.000	22050.000	NA_nest_02
236	Waveform 1	1	776.395716982	776.658309967	0.000	22050.000	NA_nest_02
236	Spectrogram 1	1	776.395716982	776.658309967	0.000	22050.000	NA_nest_02
237	Waveform 1	1	776.688609157	776.961301871	0.000	22050.000	NA_nest_02
237	Spectrogram 1	1	776.688609157	776.961301871	0.000	22050.000	NA_nest_02
238	Waveform 1	1	776.986551197	777.173396205	0.000	22050.000	NA_nest_02
238	Spectrogram 1	1	776.986551197	777.173396205	0.000	22050.000	NA_nest_02
239	Waveform 1	1	777.249144181	777.516787030	0.000	22050.000	NA_nest_02
239	Spectrogram 1	1	777.249144181	777.516787030	0.000	22050.000	NA_nest_02
240	Waveform 1	1	777.552136086	777.733931229	0.000	22050.000	NA_nest_02
240	Spectrogram 1	1	777.552136086	777.733931229	0.000	22050.000	NA_nest_02
241	Waveform 1	1	777.779380015	778.047022864	0.000	22050.000	NA_nest_02
241	Spectrogram 1	1	777.779380015	778.047022864	0.000	22050.000	NA_nest_02
242	Waveform 1	1	778.092471650	778.279316658	0.000	22050.000	NA_nest_02
242	Spectrogram 1	1	778.092471650	778.279316658	0.000	22050.000	NA_nest_02
243	Waveform 1	1	778.350014769	778.607557888	0.000	22050.000	NA_nest_02
243	Spectrogram 1	1	778.350014769	778.607557888	0.000	22050.000	NA_nest_02
244	Waveform 1	1	778.637857078	778.834801816	0.000	22050.000	NA_nest_02
244	Spectrogram 1	1	778.637857078	778.834801816	0.000	22050.000	NA_nest_02
245	Waveform 1	1	778.905499928	779.183242507	0.000	22050.000	NA_nest_02
245	Spectrogram 1	1	778.905499928	779.183242507	0.000	22050.000	NA_nest_02
246	Waveform 1	1	779.218591563	779.455935221	0.000	22050.000	NA_nest_02
246	Spectrogram 1	1	779.218591563	779.455935221	0.000	22050.000	NA_nest_02
247	Waveform 1	1	779.506433872	779.758927126	0.000	22050.000	NA_nest_02
247	Spectrogram 1	1	779.506433872	779.758927126	0.000	22050.000	NA_nest_02
248	Waveform 1	1	779.784176452	780.046769436	0.000	22050.000	
248	Spectrogram 1	1	779.784176452	780.046769436	0.000	22050.000	
249	Waveform 1	1	780.615792999	780.863236388	0.000	22050.000	NA_nest_02
249	Spectrogram 1	1	780.615792999	780.863236388	0.000	22050.000	NA_nest_02
250	Waveform 1	1	780.928884634	781.075330722	0.000	22050.000	NA_nest_02
250	Spectrogram 1	1	780.928884634	781.075330722	0.000	22050.000	NA_nest_02
251	Waveform 1	1	781.146028833	781.408621817	0.000	22050.000	NA_nest_02
251	Spectrogram 1	1	781.146028833	781.408621817	0.000	22050.000	NA_nest_02
252	Waveform 1	1	781.479319928	781.651015341	0.000	22050.000	NA_nest_02
252	Spectrogram 1	1	781.479319928	781.651015341	0.000	22050.000	NA_nest_02
253	Waveform 1	1	781.706563857	781.984306436	0.000	22050.000	NA_nest_02
253	Spectrogram 1	1	781.706563857	781.984306436	0.000	22050.000	NA_nest_02
254	Waveform 1	1	782.029755222	782.186301039	0.000	22050.000	NA_nest_02
254	Spectrogram 1	1	782.029755222	782.186301039	0.000	22050.000	NA_nest_02
255	Waveform 1	1	782.267098881	782.499392674	0.000	22050.000	NA_nest_02
255	Spectrogram 1	1	782.267098881	782.499392674	0.000	22050.000	NA_nest_02
256	Waveform 1	1	782.595340111	782.772085389	0.000	22050.000	NA_nest_02
256	Spectrogram 1	1	782.595340111	782.772085389	0.000	22050.000	NA_nest_02
257	Waveform 1	1	782.812484309	783.100326619	0.000	22050.000	NA_nest_02
257	Spectrogram 1	1	782.812484309	783.100326619	0.000	22050.000	NA_nest_02
258	Waveform 1	1	783.135675675	783.327570548	0.000	22050.000	NA_nest_02
258	Spectrogram 1	1	783.135675675	783.327570548	0.000	22050.000	NA_nest_02
259	Waveform 1	1	783.367969468	783.665911508	0.000	22050.000	NA_nest_02
259	Spectrogram 1	1	783.367969468	783.665911508	0.000	22050.000	NA_nest_02
260	Waveform 1	1	783.701260564	783.883055707	0.000	22050.000	NA_nest_02
260	Spectrogram 1	1	783.701260564	783.883055707	0.000	22050.000	NA_nest_02
261	Waveform 1	1	783.943654088	784.170898016	0.000	22050.000	NA_nest_02
261	Spectrogram 1	1	783.943654088	784.170898016	0.000	22050.000	NA_nest_02
262	Waveform 1	1	784.509238977	784.761732231	0.000	22050.000	NA_nest_02
262	Spectrogram 1	1	784.509238977	784.761732231	0.000	22050.000	NA_nest_02
263	Waveform 1	1	784.787795409	784.979690282	0.000	22050.000	NA_nest_02
263	Spectrogram 1	1	784.787795409	784.979690282	0.000	22050.000	NA_nest_02
264	Waveform 1	1	785.378629624	785.631122878	0.000	22050.000	NA_nest_02
264	Spectrogram 1	1	785.378629624	785.631122878	0.000	22050.000	NA_nest_02
265	Waveform 1	1	785.671521799	785.939164648	0.000	22050.000	NA_nest_02
265	Spectrogram 1	1	785.671521799	785.939164648	0.000	22050.000	NA_nest_02
266	Waveform 1	1	785.979563568	786.146209116	0.000	22050.000	NA_nest_02
266	Spectrogram 1	1	785.979563568	786.146209116	0.000	22050.000	NA_nest_02
267	Waveform 1	1	786.201757632	786.519899132	0.000	22050.000	NA_nest_02
267	Spectrogram 1	1	786.201757632	786.519899132	0.000	22050.000	NA_nest_02
268	Waveform 1	1	786.519899132	786.686544680	0.000	22050.000	NA_nest_02
268	Spectrogram 1	1	786.519899132	786.686544680	0.000	22050.000	NA_nest_02
269	Waveform 1	1	786.762292656	787.014785910	0.000	22050.000	NA_nest_02
269	Spectrogram 1	1	786.762292656	787.014785910	0.000	22050.000	NA_nest_02
270	Waveform 1	1	787.332927410	787.585420664	0.000	22050.000	NA_nest_02
270	Spectrogram 1	1	787.332927410	787.585420664	0.000	22050.000	NA_nest_02
271	Waveform 1	1	787.620769720	787.883362704	0.000	22050.000	NA_nest_02
271	Spectrogram 1	1	787.620769720	787.883362704	0.000	22050.000	NA_nest_02
272	Waveform 1	1	787.933861355	788.191404474	0.000	22050.000	NA_nest_02
272	Spectrogram 1	1	787.933861355	788.191404474	0.000	22050.000	NA_nest_02
273	Waveform 1	1	788.252002855	788.423698268	0.000	22050.000	NA_nest_02
273	Spectrogram 1	1	788.252002855	788.423698268	0.000	22050.000	NA_nest_02
274	Waveform 1	1	788.484296649	788.751939498	0.000	22050.000	NA_nest_02
274	Spectrogram 1	1	788.484296649	788.751939498	0.000	22050.000	NA_nest_02
275	Waveform 1	1	788.832737339	789.009482617	0.000	22050.000	NA_nest_02
275	Spectrogram 1	1	788.832737339	789.009482617	0.000	22050.000	NA_nest_02
276	Waveform 1	1	789.095330324	789.322574252	0.000	22050.000	NA_nest_02
276	Spectrogram 1	1	789.095330324	789.322574252	0.000	22050.000	NA_nest_02
277	Waveform 1	1	789.413471824	789.585167236	0.000	22050.000	NA_nest_02
277	Spectrogram 1	1	789.413471824	789.585167236	0.000	22050.000	NA_nest_02
278	Waveform 1	1	789.665965078	789.913408467	0.000	22050.000	NA_nest_02
278	Spectrogram 1	1	789.665965078	789.913408467	0.000	22050.000	NA_nest_02
279	Waveform 1	1	789.984106578	790.150752125	0.000	22050.000	NA_nest_02
279	Spectrogram 1	1	789.984106578	790.150752125	0.000	22050.000	NA_nest_02
280	Waveform 1	1	790.563229871	790.775324205	0.000	22050.000	NA_nest_02
280	Spectrogram 1	1	790.563229871	790.775324205	0.000	22050.000	NA_nest_02
281	Waveform 1	1	790.871271641	791.103565435	0.000	22050.000	NA_nest_02
281	Spectrogram 1	1	790.871271641	791.103565435	0.000	22050.000	NA_nest_02
282	Waveform 1	1	791.184363276	791.371208284	0.000	22050.000	NA_nest_02
282	Spectrogram 1	1	791.184363276	791.371208284	0.000	22050.000	NA_nest_02
283	Waveform 1	1	791.426756800	791.719648975	0.000	22050.000	NA_nest_02
283	Spectrogram 1	1	791.426756800	791.719648975	0.000	22050.000	NA_nest_02
284	Waveform 1	1	791.749948165	791.931743308	0.000	22050.000	NA_nest_02
284	Spectrogram 1	1	791.749948165	791.931743308	0.000	22050.000	NA_nest_02
285	Waveform 1	1	792.017591015	792.224635483	0.000	22050.000	NA_nest_02
285	Spectrogram 1	1	792.017591015	792.224635483	0.000	22050.000	NA_nest_02
286	Waveform 1	1	792.310483189	792.502378062	0.000	22050.000	NA_nest_02
286	Spectrogram 1	1	792.310483189	792.502378062	0.000	22050.000	NA_nest_02
287	Waveform 1	1	792.593275634	792.825569428	0.000	22050.000	NA_nest_02
287	Spectrogram 1	1	792.593275634	792.825569428	0.000	22050.000	NA_nest_02
288	Waveform 1	1	792.871018213	793.133611197	0.000	22050.000	NA_nest_02
288	Spectrogram 1	1	792.871018213	793.133611197	0.000	22050.000	NA_nest_02
289	Waveform 1	1	829.198370109	829.375115387	0.000	22050.000	NA_u.leaving.nest_02
289	Spectrogram 1	1	829.198370109	829.375115387	0.000	22050.000	NA_u.leaving.nest_02
290	Waveform 1	1	843.830470143	844.128412182	0.000	22050.000	
290	Spectrogram 1	1	843.830470143	844.128412182	0.000	22050.000	
291	Waveform 1	1	904.035468524	904.237463127	0.000	22050.000	NA_flight_01
291	Spectrogram 1	1	904.035468524	904.237463127	0.000	22050.000	NA_flight_01
