Selection	View	Channel	Begin Time (s)	End Time (s)	Low Freq (Hz)	High Freq (Hz)	Annotation
1	Waveform 1	1	2.337875061	2.632447319	0.000	22050.000	SAT.NA_U.nest_NA
1	Spectrogram 1	1	2.337875061	2.632447319	0.000	22050.000	SAT.NA_U.nest_NA
2	Waveform 1	1	5.690387900	5.956905657	0.000	22050.000	SAT.NA_U.nest_NA
2	Spectrogram 1	1	5.690387900	5.956905657	0.000	22050.000	SAT.NA_U.nest_NA
3	Waveform 1	1	7.939423709	8.243347467	0.000	22050.000	SAT.NA_U.nest_NA
3	Spectrogram 1	1	7.939423709	8.243347467	0.000	22050.000	SAT.NA_U.nest_NA
4	Waveform 1	1	8.954061485	9.360851746	0.000	22050.000	SAT.NA_U.nest_NA
4	Spectrogram 1	1	8.954061485	9.360851746	0.000	22050.000	SAT.NA_U.nest_NA
5	Waveform 1	1	11.810944811	12.044732317	0.000	22050.000	SAT.NA_U.nest_NA
5	Spectrogram 1	1	11.810944811	12.044732317	0.000	22050.000	SAT.NA_U.nest_NA
6	Waveform 1	1	12.114868569	12.512307329	0.000	22050.000	SAT.NA_U.nest_NA
6	Spectrogram 1	1	12.114868569	12.512307329	0.000	22050.000	SAT.NA_U.nest_NA
7	Waveform 1	1	12.535686080	12.666607083	0.000	22050.000	SAT.NA_U.nest_NA
7	Spectrogram 1	1	12.535686080	12.666607083	0.000	22050.000	SAT.NA_U.nest_NA
8	Waveform 1	1	12.736743335	13.152885096	0.000	22050.000	SAT.NA_U.nest_NA
8	Spectrogram 1	1	12.736743335	13.152885096	0.000	22050.000	SAT.NA_U.nest_NA
9	Waveform 1	1	13.227697098	13.653190359	0.000	22050.000	SAT.NA_U.nest_NA
9	Spectrogram 1	1	13.227697098	13.653190359	0.000	22050.000	SAT.NA_U.nest_NA
10	Waveform 1	1	13.751381112	14.092710871	0.000	22050.000	SAT.NA_U.nest_NA
10	Spectrogram 1	1	13.751381112	14.092710871	0.000	22050.000	SAT.NA_U.nest_NA
11	Waveform 1	1	14.256362125	14.677179636	0.000	22050.000	SAT.NA_U.nest_NA
11	Spectrogram 1	1	14.256362125	14.677179636	0.000	22050.000	SAT.NA_U.nest_NA
12	Waveform 1	1	20.994118052	21.382205312	0.000	22050.000	SAT.NA_U.nest_NA
12	Spectrogram 1	1	20.994118052	21.382205312	0.000	22050.000	SAT.NA_U.nest_NA
13	Waveform 1	1	21.424287063	21.686129070	0.000	22050.000	SAT.NA_U.nest_NA
13	Spectrogram 1	1	21.424287063	21.686129070	0.000	22050.000	SAT.NA_U.nest_NA
14	Waveform 1	1	23.865028628	24.281170389	0.000	22050.000	SAT.NA_U.nest_NA
14	Spectrogram 1	1	23.865028628	24.281170389	0.000	22050.000	SAT.NA_U.nest_NA
15	Waveform 1	1	39.940257550	40.328344810	0.000	22050.000	SAT.NA_U.nest_NA
15	Spectrogram 1	1	39.940257550	40.328344810	0.000	22050.000	SAT.NA_U.nest_NA
16	Waveform 1	1	40.403156812	40.552780816	0.000	22050.000	SAT.NA_U.nest_NA
16	Spectrogram 1	1	40.403156812	40.552780816	0.000	22050.000	SAT.NA_U.nest_NA
17	Waveform 1	1	40.571483817	40.973598327	0.000	22050.000	SAT.NA_U.nest_NA
17	Spectrogram 1	1	40.571483817	40.973598327	0.000	22050.000	SAT.NA_U.nest_NA
18	Waveform 1	1	311.582614357	311.850420981	0.000	22050.000	SAT.NA_U.nest_NA
18	Spectrogram 1	1	311.582614357	311.850420981	0.000	22050.000	SAT.NA_U.nest_NA
19	Waveform 1	1	311.995896185	312.316602883	0.000	22050.000	SAT.NA_U.nest_NA
19	Spectrogram 1	1	311.995896185	312.316602883	0.000	22050.000	SAT.NA_U.nest_NA
20	Waveform 1	1	312.438934304	312.693515909	0.000	22050.000	SAT.NA_U.nest_NA
20	Spectrogram 1	1	312.438934304	312.693515909	0.000	22050.000	SAT.NA_U.nest_NA
21	Waveform 1	1	314.280518126	314.492118422	0.000	22050.000	SAT.NA_U.nest_NA
21	Spectrogram 1	1	314.280518126	314.492118422	0.000	22050.000	SAT.NA_U.nest_NA
22	Waveform 1	1	314.515262204	314.624368607	0.000	22050.000	SAT.NA_U.nest_NA
22	Spectrogram 1	1	314.515262204	314.624368607	0.000	22050.000	SAT.NA_U.nest_NA
23	Waveform 1	1	314.664043662	314.928544032	0.000	22050.000	SAT.NA_U.nest_NA
23	Spectrogram 1	1	314.664043662	314.928544032	0.000	22050.000	SAT.NA_U.nest_NA
24	Waveform 1	1	315.427788479	315.755107687	0.000	22050.000	SAT.NA_U.nest_NA
24	Spectrogram 1	1	315.427788479	315.755107687	0.000	22050.000	SAT.NA_U.nest_NA
25	Waveform 1	1	315.811314015	316.085733148	0.000	22050.000	SAT.NA_U.nest_NA
25	Spectrogram 1	1	315.811314015	316.085733148	0.000	22050.000	SAT.NA_U.nest_NA
26	Waveform 1	1	316.138633222	316.379989810	0.000	22050.000	SAT.NA_U.nest_NA
26	Spectrogram 1	1	316.138633222	316.379989810	0.000	22050.000	SAT.NA_U.nest_NA
27	Waveform 1	1	318.489380257	318.760493135	0.000	22050.000	SAT.NA_U.nest_NA
27	Spectrogram 1	1	318.489380257	318.760493135	0.000	22050.000	SAT.NA_U.nest_NA
28	Waveform 1	1	324.172831947	324.387738497	0.000	22050.000	SAT.NA_U.nest_NA
28	Spectrogram 1	1	324.172831947	324.387738497	0.000	22050.000	SAT.NA_U.nest_NA
29	Waveform 1	1	324.430719807	324.609257556	0.000	22050.000	SAT.NA_U.nest_NA
29	Spectrogram 1	1	324.430719807	324.609257556	0.000	22050.000	SAT.NA_U.nest_NA
30	Waveform 1	1	324.642320103	324.883676690	0.000	22050.000	SAT.NA_U.nest_NA
30	Spectrogram 1	1	324.642320103	324.883676690	0.000	22050.000	SAT.NA_U.nest_NA
31	Waveform 1	1	324.896901708	325.091970731	0.000	22050.000	SAT.NA_U.nest_NA
31	Spectrogram 1	1	324.896901708	325.091970731	0.000	22050.000	SAT.NA_U.nest_NA
32	Waveform 1	1	325.164708332	325.432514957	0.000	22050.000	SAT.NA_U.nest_NA
32	Spectrogram 1	1	325.164708332	325.432514957	0.000	22050.000	SAT.NA_U.nest_NA
33	Waveform 1	1	341.867906668	342.168775838	0.000	22050.000	SAT.NA_U.nest_NA
33	Spectrogram 1	1	341.867906668	342.168775838	0.000	22050.000	SAT.NA_U.nest_NA
34	Waveform 1	1	342.218369658	342.479563773	0.000	22050.000	SAT.NA_U.nest_NA
34	Spectrogram 1	1	342.218369658	342.479563773	0.000	22050.000	SAT.NA_U.nest_NA
35	Waveform 1	1	343.983909624	344.202122429	0.000	22050.000	SAT.NA_U.nest_NA
35	Spectrogram 1	1	343.983909624	344.202122429	0.000	22050.000	SAT.NA_U.nest_NA
36	Waveform 1	1	344.231878721	344.377353924	0.000	22050.000	SAT.NA_U.nest_NA
36	Spectrogram 1	1	344.231878721	344.377353924	0.000	22050.000	SAT.NA_U.nest_NA
37	Waveform 1	1	344.916273427	345.127873722	0.000	22050.000	SAT.NA_U.nest_NA
37	Spectrogram 1	1	344.916273427	345.127873722	0.000	22050.000	SAT.NA_U.nest_NA
38	Waveform 1	1	345.151017505	345.293186453	0.000	22050.000	SAT.NA_U.nest_NA
38	Spectrogram 1	1	345.151017505	345.293186453	0.000	22050.000	SAT.NA_U.nest_NA
39	Waveform 1	1	345.319636490	345.484949221	0.000	22050.000	SAT.NA_U.nest_NA
39	Spectrogram 1	1	345.319636490	345.484949221	0.000	22050.000	SAT.NA_U.nest_NA
40	Waveform 1	1	346.989295073	347.190976605	0.000	22050.000	SAT.NA_U.nest_NA
40	Spectrogram 1	1	346.989295073	347.190976605	0.000	22050.000	SAT.NA_U.nest_NA
41	Waveform 1	1	348.556459762	348.797816350	0.000	22050.000	SAT.NA_U.nest_NA
41	Spectrogram 1	1	348.556459762	348.797816350	0.000	22050.000	SAT.NA_U.nest_NA
42	Waveform 1	1	357.949529135	358.240479542	0.000	22050.000	SAT.NA_U.nest_NA
42	Spectrogram 1	1	357.949529135	358.240479542	0.000	22050.000	SAT.NA_U.nest_NA
43	Waveform 1	1	360.835889418	361.103696042	0.000	22050.000	SAT.NA_U.nest_NA
43	Spectrogram 1	1	360.835889418	361.103696042	0.000	22050.000	SAT.NA_U.nest_NA
44	Waveform 1	1	361.533509142	361.728578165	0.000	22050.000	SAT.NA_U.nest_NA
44	Spectrogram 1	1	361.533509142	361.728578165	0.000	22050.000	SAT.NA_U.nest_NA
45	Waveform 1	1	361.920340933	362.131941228	0.000	22050.000	SAT.NA_U.nest_NA
45	Spectrogram 1	1	361.920340933	362.131941228	0.000	22050.000	SAT.NA_U.nest_NA
46	Waveform 1	1	362.155085011	362.313785232	0.000	22050.000	SAT.NA_U.nest_NA
46	Spectrogram 1	1	362.155085011	362.313785232	0.000	22050.000	SAT.NA_U.nest_NA
47	Waveform 1	1	362.330316505	362.462566690	0.000	22050.000	SAT.NA_U.nest_NA
47	Spectrogram 1	1	362.330316505	362.462566690	0.000	22050.000	SAT.NA_U.nest_NA
48	Waveform 1	1	362.482404218	362.601429384	0.000	22050.000	SAT.NA_U.nest_NA
48	Spectrogram 1	1	362.482404218	362.601429384	0.000	22050.000	SAT.NA_U.nest_NA
49	Waveform 1	1	362.654329458	362.793192152	0.000	22050.000	SAT.NA_U.nest_NA
49	Spectrogram 1	1	362.654329458	362.793192152	0.000	22050.000	SAT.NA_U.nest_NA
50	Waveform 1	1	362.829560953	363.041161249	0.000	22050.000	SAT.NA_U.nest_NA
50	Spectrogram 1	1	362.829560953	363.041161249	0.000	22050.000	SAT.NA_U.nest_NA
51	Waveform 1	1	363.057692522	363.226311507	0.000	22050.000	SAT.NA_U.nest_NA
51	Spectrogram 1	1	363.057692522	363.226311507	0.000	22050.000	SAT.NA_U.nest_NA
53	Waveform 1	1	363.279211581	363.391624238	0.000	22050.000	SAT.NA_U.nest_NA
53	Spectrogram 1	1	363.279211581	363.391624238	0.000	22050.000	SAT.NA_U.nest_NA
54	Waveform 1	1	364.489300772	364.628163466	0.000	22050.000	SAT.NA_U.nest_NA
54	Spectrogram 1	1	364.489300772	364.628163466	0.000	22050.000	SAT.NA_U.nest_NA
55	Waveform 1	1	364.667838521	364.922420127	0.000	22050.000	SAT.NA_U.nest_NA
55	Spectrogram 1	1	364.667838521	364.922420127	0.000	22050.000	SAT.NA_U.nest_NA
56	Waveform 1	1	365.163776714	365.312558172	0.000	22050.000	SAT.NA_U.nest_NA
56	Spectrogram 1	1	365.163776714	365.312558172	0.000	22050.000	SAT.NA_U.nest_NA
57	Waveform 1	1	365.335701954	365.458033375	0.000	22050.000	SAT.NA_U.nest_NA
57	Spectrogram 1	1	365.335701954	365.458033375	0.000	22050.000	SAT.NA_U.nest_NA
58	Waveform 1	1	365.520852213	365.682858689	0.000	22050.000	SAT.NA_U.nest_NA
58	Spectrogram 1	1	365.520852213	365.682858689	0.000	22050.000	SAT.NA_U.nest_NA
59	Waveform 1	1	365.735758763	365.907684003	0.000	22050.000	SAT.NA_U.nest_NA
59	Spectrogram 1	1	365.735758763	365.907684003	0.000	22050.000	SAT.NA_U.nest_NA
60	Waveform 1	1	365.940746549	366.086221753	0.000	22050.000	SAT.NA_U.nest_NA
60	Spectrogram 1	1	365.940746549	366.086221753	0.000	22050.000	SAT.NA_U.nest_NA
61	Waveform 1	1	366.106059280	366.307740812	0.000	22050.000	SAT.NA_U.nest_NA
61	Spectrogram 1	1	366.106059280	366.307740812	0.000	22050.000	SAT.NA_U.nest_NA
62	Waveform 1	1	367.005360537	367.190510795	0.000	22050.000	SAT.NA_U.nest_NA
62	Spectrogram 1	1	367.005360537	367.190510795	0.000	22050.000	SAT.NA_U.nest_NA
63	Waveform 1	1	367.564117567	367.739349062	0.000	22050.000	SAT.NA_U.nest_NA
63	Spectrogram 1	1	367.564117567	367.739349062	0.000	22050.000	SAT.NA_U.nest_NA
64	Waveform 1	1	367.762492845	367.901355539	0.000	22050.000	SAT.NA_U.nest_NA
64	Spectrogram 1	1	367.762492845	367.901355539	0.000	22050.000	SAT.NA_U.nest_NA
65	Waveform 1	1	367.914580557	368.129487107	0.000	22050.000	SAT.NA_U.nest_NA
65	Spectrogram 1	1	367.914580557	368.129487107	0.000	22050.000	SAT.NA_U.nest_NA
66	Waveform 1	1	368.165855908	368.351006167	0.000	22050.000	SAT.NA_U.nest_NA
66	Spectrogram 1	1	368.165855908	368.351006167	0.000	22050.000	SAT.NA_U.nest_NA
67	Waveform 1	1	368.367537440	368.519625152	0.000	22050.000	SAT.NA_U.nest_NA
67	Spectrogram 1	1	368.367537440	368.519625152	0.000	22050.000	SAT.NA_U.nest_NA
68	Waveform 1	1	368.552687699	368.711387920	0.000	22050.000	SAT.NA_U.nest_NA
68	Spectrogram 1	1	368.552687699	368.711387920	0.000	22050.000	SAT.NA_U.nest_NA
69	Waveform 1	1	368.757675485	368.913069452	0.000	22050.000	SAT.NA_U.nest_NA
69	Spectrogram 1	1	368.757675485	368.913069452	0.000	22050.000	SAT.NA_U.nest_NA
70	Waveform 1	1	368.936213234	369.068463419	0.000	22050.000	SAT.NA_U.nest_NA
70	Spectrogram 1	1	368.936213234	369.068463419	0.000	22050.000	SAT.NA_U.nest_NA
71	Waveform 1	1	369.759470635	369.984295949	0.000	22050.000	SAT.NA_U.nest_NA
71	Spectrogram 1	1	369.759470635	369.984295949	0.000	22050.000	SAT.NA_U.nest_NA
72	Waveform 1	1	370.156221189	370.321533920	0.000	22050.000	SAT.NA_U.nest_NA
72	Spectrogram 1	1	370.156221189	370.321533920	0.000	22050.000	SAT.NA_U.nest_NA
73	Waveform 1	1	370.351290211	370.638934363	0.000	22050.000	SAT.NA_U.nest_NA
73	Spectrogram 1	1	370.351290211	370.638934363	0.000	22050.000	SAT.NA_U.nest_NA
74	Waveform 1	1	390.744268702	391.094731691	0.000	22050.000	SAT.NA_U.nest_NA
74	Spectrogram 1	1	390.744268702	391.094731691	0.000	22050.000	SAT.NA_U.nest_NA
75	Waveform 1	1	408.293868220	408.455874696	0.000	22050.000	SAT.NA_U.nest_NA
75	Spectrogram 1	1	408.293868220	408.455874696	0.000	22050.000	SAT.NA_U.nest_NA
76	Waveform 1	1	408.472405969	408.617881173	0.000	22050.000	SAT.NA_U.nest_NA
76	Spectrogram 1	1	408.472405969	408.617881173	0.000	22050.000	SAT.NA_U.nest_NA
77	Waveform 1	1	408.627799936	408.776581394	0.000	22050.000	SAT.NA_U.nest_NA
77	Spectrogram 1	1	408.627799936	408.776581394	0.000	22050.000	SAT.NA_U.nest_NA
78	Waveform 1	1	408.783193903	408.918750343	0.000	22050.000	SAT.NA_U.nest_NA
78	Spectrogram 1	1	408.783193903	408.918750343	0.000	22050.000	SAT.NA_U.nest_NA
79	Waveform 1	1	408.931975361	409.060919291	0.000	22050.000	SAT.NA_U.nest_NA
79	Spectrogram 1	1	408.931975361	409.060919291	0.000	22050.000	SAT.NA_U.nest_NA
80	Waveform 1	1	409.074144310	409.219619513	0.000	22050.000	SAT.NA_U.nest_NA
80	Spectrogram 1	1	409.074144310	409.219619513	0.000	22050.000	SAT.NA_U.nest_NA
81	Waveform 1	1	409.226232022	409.328725916	0.000	22050.000	SAT.NA_U.nest_NA
81	Spectrogram 1	1	409.226232022	409.328725916	0.000	22050.000	SAT.NA_U.nest_NA
82	Waveform 1	1	409.355175953	409.487426137	0.000	22050.000	SAT.NA_U.nest_NA
82	Spectrogram 1	1	409.355175953	409.487426137	0.000	22050.000	SAT.NA_U.nest_NA
83	Waveform 1	1	409.507263665	409.745313998	0.000	22050.000	SAT.NA_U.nest_NA
83	Spectrogram 1	1	409.507263665	409.745313998	0.000	22050.000	SAT.NA_U.nest_NA
84	Waveform 1	1	409.771764035	409.923851747	0.000	22050.000	SAT.NA_U.nest_NA
84	Spectrogram 1	1	409.771764035	409.923851747	0.000	22050.000	SAT.NA_U.nest_NA
85	Waveform 1	1	409.953608039	410.099083242	0.000	22050.000	SAT.NA_U.nest_NA
85	Spectrogram 1	1	409.953608039	410.099083242	0.000	22050.000	SAT.NA_U.nest_NA
86	Waveform 1	1	410.118920770	410.323908556	0.000	22050.000	SAT.NA_U.nest_NA
86	Spectrogram 1	1	410.118920770	410.323908556	0.000	22050.000	SAT.NA_U.nest_NA
87	Waveform 1	1	410.350358593	410.535508852	0.000	22050.000	SAT.NA_U.nest_NA
87	Spectrogram 1	1	410.350358593	410.535508852	0.000	22050.000	SAT.NA_U.nest_NA
88	Waveform 1	1	414.708002181	414.879927421	0.000	22050.000	SAT.NA_U.nest_NA
88	Spectrogram 1	1	414.708002181	414.879927421	0.000	22050.000	SAT.NA_U.nest_NA
89	Waveform 1	1	414.922908731	415.137815281	0.000	22050.000	SAT.NA_U.nest_NA
89	Spectrogram 1	1	414.922908731	415.137815281	0.000	22050.000	SAT.NA_U.nest_NA
90	Waveform 1	1	415.607303437	415.772616168	0.000	22050.000	SAT.NA_U.nest_NA
90	Spectrogram 1	1	415.607303437	415.772616168	0.000	22050.000	SAT.NA_U.nest_NA
91	Waveform 1	1	415.799066205	416.037116538	0.000	22050.000	SAT.NA_U.nest_NA
91	Spectrogram 1	1	415.799066205	416.037116538	0.000	22050.000	SAT.NA_U.nest_NA
92	Waveform 1	1	419.016051949	419.250796027	0.000	22050.000	SAT.NA_U.nest_NA
92	Spectrogram 1	1	419.016051949	419.250796027	0.000	22050.000	SAT.NA_U.nest_NA
93	Waveform 1	1	419.277246064	419.392964976	0.000	22050.000	SAT.NA_U.nest_NA
93	Spectrogram 1	1	419.277246064	419.392964976	0.000	22050.000	SAT.NA_U.nest_NA
94	Waveform 1	1	419.416108758	419.591340253	0.000	22050.000	SAT.NA_U.nest_NA
94	Spectrogram 1	1	419.416108758	419.591340253	0.000	22050.000	SAT.NA_U.nest_NA
95	Waveform 1	1	419.607871526	419.746734220	0.000	22050.000	SAT.NA_U.nest_NA
95	Spectrogram 1	1	419.607871526	419.746734220	0.000	22050.000	SAT.NA_U.nest_NA
96	Waveform 1	1	425.152460522	425.469860966	0.000	22050.000	SAT.NA_U.nest_NA
96	Spectrogram 1	1	425.152460522	425.469860966	0.000	22050.000	SAT.NA_U.nest_NA
97	Waveform 1	1	425.489698494	425.684767516	0.000	22050.000	SAT.NA_U.nest_NA
97	Spectrogram 1	1	425.489698494	425.684767516	0.000	22050.000	SAT.NA_U.nest_NA
98	Waveform 1	1	425.740973845	425.906286576	0.000	22050.000	SAT.NA_U.nest_NA
98	Spectrogram 1	1	425.740973845	425.906286576	0.000	22050.000	SAT.NA_U.nest_NA
99	Waveform 1	1	425.939349122	426.084824325	0.000	22050.000	SAT.NA_U.nest_NA
99	Spectrogram 1	1	425.939349122	426.084824325	0.000	22050.000	SAT.NA_U.nest_NA
100	Waveform 1	1	426.117886871	426.253443311	0.000	22050.000	SAT.NA_U.nest_NA
100	Spectrogram 1	1	426.117886871	426.253443311	0.000	22050.000	SAT.NA_U.nest_NA
101	Waveform 1	1	426.266668329	426.402224769	0.000	22050.000	SAT.NA_U.nest_NA
101	Spectrogram 1	1	426.266668329	426.402224769	0.000	22050.000	SAT.NA_U.nest_NA
102	Waveform 1	1	426.425368551	426.716318957	0.000	22050.000	SAT.NA_U.nest_NA
102	Spectrogram 1	1	426.425368551	426.716318957	0.000	22050.000	SAT.NA_U.nest_NA
103	Waveform 1	1	427.453613737	427.658601524	0.000	22050.000	SAT.NA_U.nest_NA
103	Spectrogram 1	1	427.453613737	427.658601524	0.000	22050.000	SAT.NA_U.nest_NA
104	Waveform 1	1	427.694970325	427.933020657	0.000	22050.000	SAT.NA_U.nest_NA
104	Spectrogram 1	1	427.694970325	427.933020657	0.000	22050.000	SAT.NA_U.nest_NA
105	Waveform 1	1	427.962776949	428.131395934	0.000	22050.000	SAT.NA_U.nest_NA
105	Spectrogram 1	1	427.962776949	428.131395934	0.000	22050.000	SAT.NA_U.nest_NA
106	Waveform 1	1	428.141314698	428.316546193	0.000	22050.000	SAT.NA_U.nest_NA
106	Spectrogram 1	1	428.141314698	428.316546193	0.000	22050.000	SAT.NA_U.nest_NA
107	Waveform 1	1	428.362833758	428.505002706	0.000	22050.000	SAT.NA_U.nest_NA
107	Spectrogram 1	1	428.362833758	428.505002706	0.000	22050.000	SAT.NA_U.nest_NA
108	Waveform 1	1	428.541371507	428.703377983	0.000	22050.000	SAT.NA_U.nest_NA
108	Spectrogram 1	1	428.541371507	428.703377983	0.000	22050.000	SAT.NA_U.nest_NA
109	Waveform 1	1	428.766196821	428.961265844	0.000	22050.000	SAT.NA_U.nest_NA
109	Spectrogram 1	1	428.766196821	428.961265844	0.000	22050.000	SAT.NA_U.nest_NA
110	Waveform 1	1	428.974490862	429.225766213	0.000	22050.000	SAT.NA_U.nest_NA
110	Spectrogram 1	1	428.974490862	429.225766213	0.000	22050.000	SAT.NA_U.nest_NA
111	Waveform 1	1	429.255522505	429.381160180	0.000	22050.000	SAT.NA_U.nest_NA
111	Spectrogram 1	1	429.255522505	429.381160180	0.000	22050.000	SAT.NA_U.nest_NA
112	Waveform 1	1	429.404303963	429.559697930	0.000	22050.000	SAT.NA_U.nest_NA
112	Spectrogram 1	1	429.404303963	429.559697930	0.000	22050.000	SAT.NA_U.nest_NA
113	Waveform 1	1	429.728316915	429.870485864	0.000	22050.000	SAT.NA_U.nest_NA
113	Spectrogram 1	1	429.728316915	429.870485864	0.000	22050.000	SAT.NA_U.nest_NA
114	Waveform 1	1	429.913467174	430.085392414	0.000	22050.000	SAT.NA_U.nest_NA
114	Spectrogram 1	1	429.913467174	430.085392414	0.000	22050.000	SAT.NA_U.nest_NA
115	Waveform 1	1	430.108536196	430.230867617	0.000	22050.000	SAT.NA_U.nest_NA
115	Spectrogram 1	1	430.108536196	430.230867617	0.000	22050.000	SAT.NA_U.nest_NA
116	Waveform 1	1	430.257317654	430.389567839	0.000	22050.000	SAT.NA_U.nest_NA
116	Spectrogram 1	1	430.257317654	430.389567839	0.000	22050.000	SAT.NA_U.nest_NA
117	Waveform 1	1	430.528430533	430.766480866	0.000	22050.000	SAT.NA_U.nest_NA
117	Spectrogram 1	1	430.528430533	430.766480866	0.000	22050.000	SAT.NA_U.nest_NA
118	Waveform 1	1	430.802849666	430.987999925	0.000	22050.000	SAT.NA_U.nest_NA
118	Spectrogram 1	1	430.802849666	430.987999925	0.000	22050.000	SAT.NA_U.nest_NA
119	Waveform 1	1	431.001224944	431.222744003	0.000	22050.000	SAT.NA_U.nest_NA
119	Spectrogram 1	1	431.001224944	431.222744003	0.000	22050.000	SAT.NA_U.nest_NA
120	Waveform 1	1	431.242581531	431.391362989	0.000	22050.000	SAT.NA_U.nest_NA
120	Spectrogram 1	1	431.242581531	431.391362989	0.000	22050.000	SAT.NA_U.nest_NA
121	Waveform 1	1	431.794726052	432.128657769	0.000	22050.000	SAT.NA_U.nest_NA
121	Spectrogram 1	1	431.794726052	432.128657769	0.000	22050.000	SAT.NA_U.nest_NA
122	Waveform 1	1	432.310501773	432.502264541	0.000	22050.000	SAT.NA_U.nest_NA
122	Spectrogram 1	1	432.310501773	432.502264541	0.000	22050.000	SAT.NA_U.nest_NA
123	Waveform 1	1	432.535327087	432.713864836	0.000	22050.000	SAT.NA_U.nest_NA
123	Spectrogram 1	1	432.535327087	432.713864836	0.000	22050.000	SAT.NA_U.nest_NA
124	Waveform 1	1	432.746927383	432.932077641	0.000	22050.000	SAT.NA_U.nest_NA
124	Spectrogram 1	1	432.746927383	432.932077641	0.000	22050.000	SAT.NA_U.nest_NA
125	Waveform 1	1	432.948608914	433.146984191	0.000	22050.000	SAT.NA_U.nest_NA
125	Spectrogram 1	1	432.948608914	433.146984191	0.000	22050.000	SAT.NA_U.nest_NA
126	Waveform 1	1	433.160209210	433.348665723	0.000	22050.000	SAT.NA_U.nest_NA
126	Spectrogram 1	1	433.160209210	433.348665723	0.000	22050.000	SAT.NA_U.nest_NA
127	Waveform 1	1	433.358584487	433.513978454	0.000	22050.000	SAT.NA_U.nest_NA
127	Spectrogram 1	1	433.358584487	433.513978454	0.000	22050.000	SAT.NA_U.nest_NA
128	Waveform 1	1	433.973547846	434.138860577	0.000	22050.000	SAT.NA_U.nest_NA
128	Spectrogram 1	1	433.973547846	434.138860577	0.000	22050.000	SAT.NA_U.nest_NA
129	Waveform 1	1	434.158698105	434.413279711	0.000	22050.000	SAT.NA_U.nest_NA
129	Spectrogram 1	1	434.158698105	434.413279711	0.000	22050.000	SAT.NA_U.nest_NA
130	Waveform 1	1	434.945586704	435.157187000	0.000	22050.000	SAT.NA_U.nest_NA
130	Spectrogram 1	1	434.945586704	435.157187000	0.000	22050.000	SAT.NA_U.nest_NA
131	Waveform 1	1	435.183637037	435.355562277	0.000	22050.000	SAT.NA_U.nest_NA
131	Spectrogram 1	1	435.183637037	435.355562277	0.000	22050.000	SAT.NA_U.nest_NA
132	Waveform 1	1	435.385318569	435.540712536	0.000	22050.000	SAT.NA_U.nest_NA
132	Spectrogram 1	1	435.385318569	435.540712536	0.000	22050.000	SAT.NA_U.nest_NA
133	Waveform 1	1	435.567162573	435.722556540	0.000	22050.000	SAT.NA_U.nest_NA
133	Spectrogram 1	1	435.567162573	435.722556540	0.000	22050.000	SAT.NA_U.nest_NA
134	Waveform 1	1	435.745700322	435.907706798	0.000	22050.000	SAT.NA_U.nest_NA
134	Spectrogram 1	1	435.745700322	435.907706798	0.000	22050.000	SAT.NA_U.nest_NA
135	Waveform 1	1	435.947381854	436.165594659	0.000	22050.000	SAT.NA_U.nest_NA
135	Spectrogram 1	1	435.947381854	436.165594659	0.000	22050.000	SAT.NA_U.nest_NA
136	Waveform 1	1	436.192044696	436.347438663	0.000	22050.000	SAT.NA_U.nest_NA
136	Spectrogram 1	1	436.192044696	436.347438663	0.000	22050.000	SAT.NA_U.nest_NA
137	Waveform 1	1	436.377194954	436.631776560	0.000	22050.000	SAT.NA_U.nest_NA
137	Spectrogram 1	1	436.377194954	436.631776560	0.000	22050.000	SAT.NA_U.nest_NA
138	Waveform 1	1	436.645001578	436.886358166	0.000	22050.000	SAT.NA_U.nest_NA
138	Spectrogram 1	1	436.645001578	436.886358166	0.000	22050.000	SAT.NA_U.nest_NA
139	Waveform 1	1	436.942564494	437.081427188	0.000	22050.000	SAT.NA_U.nest_NA
139	Spectrogram 1	1	436.942564494	437.081427188	0.000	22050.000	SAT.NA_U.nest_NA
140	Waveform 1	1	437.121102244	437.273189956	0.000	22050.000	SAT.NA_U.nest_NA
140	Spectrogram 1	1	437.121102244	437.273189956	0.000	22050.000	SAT.NA_U.nest_NA
141	Waveform 1	1	437.329396285	437.511240289	0.000	22050.000	SAT.NA_U.nest_NA
141	Spectrogram 1	1	437.329396285	437.511240289	0.000	22050.000	SAT.NA_U.nest_NA
142	Waveform 1	1	437.709615566	437.917909607	0.000	22050.000	SAT.NA_U.nest_NA
142	Spectrogram 1	1	437.709615566	437.917909607	0.000	22050.000	SAT.NA_U.nest_NA
143	Waveform 1	1	437.990647208	438.129509902	0.000	22050.000	SAT.NA_U.nest_NA
143	Spectrogram 1	1	437.990647208	438.129509902	0.000	22050.000	SAT.NA_U.nest_NA
144	Waveform 1	1	438.641979368	438.827129627	0.000	22050.000	SAT.NA_U.nest_NA
144	Spectrogram 1	1	438.641979368	438.827129627	0.000	22050.000	SAT.NA_U.nest_NA
145	Waveform 1	1	438.850273409	438.982523594	0.000	22050.000	SAT.NA_U.nest_NA
145	Spectrogram 1	1	438.850273409	438.982523594	0.000	22050.000	SAT.NA_U.nest_NA
146	Waveform 1	1	439.008973631	439.263555237	0.000	22050.000	SAT.NA_U.nest_NA
146	Spectrogram 1	1	439.008973631	439.263555237	0.000	22050.000	SAT.NA_U.nest_NA
147	Waveform 1	1	439.349517857	439.494993060	0.000	22050.000	SAT.NA_U.nest_NA
147	Spectrogram 1	1	439.349517857	439.494993060	0.000	22050.000	SAT.NA_U.nest_NA
148	Waveform 1	1	439.534668115	439.746268411	0.000	22050.000	SAT.NA_U.nest_NA
148	Spectrogram 1	1	439.534668115	439.746268411	0.000	22050.000	SAT.NA_U.nest_NA
149	Waveform 1	1	443.360004710	443.522011186	0.000	22050.000	SAT.NA_U.nest_NA
149	Spectrogram 1	1	443.360004710	443.522011186	0.000	22050.000	SAT.NA_U.nest_NA
150	Waveform 1	1	443.561686242	443.799736574	0.000	22050.000	SAT.NA_U.nest_NA
150	Spectrogram 1	1	443.561686242	443.799736574	0.000	22050.000	SAT.NA_U.nest_NA
151	Waveform 1	1	447.135747485	447.542416803	0.000	22050.000	SAT.NA_U.nest_NA
151	Spectrogram 1	1	447.135747485	447.542416803	0.000	22050.000	SAT.NA_U.nest_NA
152	Waveform 1	1	448.937656252	449.274894223	0.000	22050.000	SAT.NA_U.nest_NA
152	Spectrogram 1	1	448.937656252	449.274894223	0.000	22050.000	SAT.NA_U.nest_NA
153	Waveform 1	1	450.342814465	450.518045960	0.000	22050.000	SAT.NA_U.nest_NA
153	Spectrogram 1	1	450.342814465	450.518045960	0.000	22050.000	SAT.NA_U.nest_NA
154	Waveform 1	1	450.544495997	450.656908654	0.000	22050.000	SAT.NA_U.nest_NA
154	Spectrogram 1	1	450.544495997	450.656908654	0.000	22050.000	SAT.NA_U.nest_NA
155	Waveform 1	1	450.683358691	450.911490260	0.000	22050.000	SAT.NA_U.nest_NA
155	Spectrogram 1	1	450.683358691	450.911490260	0.000	22050.000	SAT.NA_U.nest_NA
156	Waveform 1	1	450.921409024	451.099946773	0.000	22050.000	SAT.NA_U.nest_NA
156	Spectrogram 1	1	450.921409024	451.099946773	0.000	22050.000	SAT.NA_U.nest_NA
157	Waveform 1	1	451.113171791	451.311547069	0.000	22050.000	SAT.NA_U.nest_NA
157	Spectrogram 1	1	451.113171791	451.311547069	0.000	22050.000	SAT.NA_U.nest_NA
158	Waveform 1	1	456.049409938	456.277541506	0.000	22050.000	SAT.NA_U.nest_NA
158	Spectrogram 1	1	456.049409938	456.277541506	0.000	22050.000	SAT.NA_U.nest_NA
159	Waveform 1	1	456.340360344	456.561879404	0.000	22050.000	SAT.NA_U.nest_NA
159	Spectrogram 1	1	456.340360344	456.561879404	0.000	22050.000	SAT.NA_U.nest_NA
160	Waveform 1	1	456.614779478	456.776785954	0.000	22050.000	SAT.NA_U.nest_NA
160	Spectrogram 1	1	456.614779478	456.776785954	0.000	22050.000	SAT.NA_U.nest_NA
161	Waveform 1	1	456.823073519	456.978467486	0.000	22050.000	SAT.NA_U.nest_NA
161	Spectrogram 1	1	456.823073519	456.978467486	0.000	22050.000	SAT.NA_U.nest_NA
162	Waveform 1	1	457.001611268	457.153698981	0.000	22050.000	SAT.NA_U.nest_NA
162	Spectrogram 1	1	457.001611268	457.153698981	0.000	22050.000	SAT.NA_U.nest_NA
163	Waveform 1	1	457.170230254	457.315705457	0.000	22050.000	SAT.NA_U.nest_NA
163	Spectrogram 1	1	457.170230254	457.315705457	0.000	22050.000	SAT.NA_U.nest_NA
164	Waveform 1	1	457.332236730	457.490936952	0.000	22050.000	SAT.NA_U.nest_NA
164	Spectrogram 1	1	457.332236730	457.490936952	0.000	22050.000	SAT.NA_U.nest_NA
165	Waveform 1	1	457.523999498	457.646330919	0.000	22050.000	SAT.NA_U.nest_NA
165	Spectrogram 1	1	457.523999498	457.646330919	0.000	22050.000	SAT.NA_U.nest_NA
166	Waveform 1	1	458.056306492	458.340644389	0.000	22050.000	SAT.NA_U.nest_NA
166	Spectrogram 1	1	458.056306492	458.340644389	0.000	22050.000	SAT.NA_U.nest_NA
167	Waveform 1	1	458.360481916	458.502650865	0.000	22050.000	SAT.NA_U.nest_NA
167	Spectrogram 1	1	458.360481916	458.502650865	0.000	22050.000	SAT.NA_U.nest_NA
168	Waveform 1	1	458.525794647	458.667963596	0.000	22050.000	SAT.NA_U.nest_NA
168	Spectrogram 1	1	458.525794647	458.667963596	0.000	22050.000	SAT.NA_U.nest_NA
169	Waveform 1	1	458.674576105	458.843195091	0.000	22050.000	SAT.NA_U.nest_NA
169	Spectrogram 1	1	458.674576105	458.843195091	0.000	22050.000	SAT.NA_U.nest_NA
170	Waveform 1	1	459.894584060	460.076428064	0.000	22050.000	SAT.NA_U.nest_NA
170	Spectrogram 1	1	459.894584060	460.076428064	0.000	22050.000	SAT.NA_U.nest_NA
171	Waveform 1	1	460.112796865	460.261578322	0.000	22050.000	SAT.NA_U.nest_NA
171	Spectrogram 1	1	460.112796865	460.261578322	0.000	22050.000	SAT.NA_U.nest_NA
172	Waveform 1	1	460.400441016	460.598816294	0.000	22050.000	SAT.NA_U.nest_NA
172	Spectrogram 1	1	460.400441016	460.598816294	0.000	22050.000	SAT.NA_U.nest_NA
173	Waveform 1	1	460.664941386	460.853397899	0.000	22050.000	SAT.NA_U.nest_NA
173	Spectrogram 1	1	460.664941386	460.853397899	0.000	22050.000	SAT.NA_U.nest_NA
174	Waveform 1	1	460.876541682	461.045160667	0.000	22050.000	SAT.NA_U.nest_NA
174	Spectrogram 1	1	460.876541682	461.045160667	0.000	22050.000	SAT.NA_U.nest_NA
175	Waveform 1	1	461.716330355	461.888255595	0.000	22050.000	SAT.NA_U.nest_NA
175	Spectrogram 1	1	461.716330355	461.888255595	0.000	22050.000	SAT.NA_U.nest_NA
176	Waveform 1	1	461.914705632	462.106468400	0.000	22050.000	SAT.NA_U.nest_NA
176	Spectrogram 1	1	461.914705632	462.106468400	0.000	22050.000	SAT.NA_U.nest_NA
177	Waveform 1	1	462.182512256	462.347824987	0.000	22050.000	SAT.NA_U.nest_NA
177	Spectrogram 1	1	462.182512256	462.347824987	0.000	22050.000	SAT.NA_U.nest_NA
178	Waveform 1	1	462.364356260	462.628856630	0.000	22050.000	SAT.NA_U.nest_NA
178	Spectrogram 1	1	462.364356260	462.628856630	0.000	22050.000	SAT.NA_U.nest_NA
179	Waveform 1	1	462.681756704	462.923113291	0.000	22050.000	SAT.NA_U.nest_NA
179	Spectrogram 1	1	462.681756704	462.923113291	0.000	22050.000	SAT.NA_U.nest_NA
180	Waveform 1	1	463.862089603	464.024096079	0.000	22050.000	SAT.NA_U.nest_NA
180	Spectrogram 1	1	463.862089603	464.024096079	0.000	22050.000	SAT.NA_U.nest_NA
181	Waveform 1	1	464.090221171	464.301821467	0.000	22050.000	SAT.NA_U.nest_NA
181	Spectrogram 1	1	464.090221171	464.301821467	0.000	22050.000	SAT.NA_U.nest_NA
182	Waveform 1	1	464.348109032	464.523340526	0.000	22050.000	SAT.NA_U.nest_NA
182	Spectrogram 1	1	464.348109032	464.523340526	0.000	22050.000	SAT.NA_U.nest_NA
183	Waveform 1	1	464.566321836	464.830822206	0.000	22050.000	SAT.NA_U.nest_NA
183	Spectrogram 1	1	464.566321836	464.830822206	0.000	22050.000	SAT.NA_U.nest_NA
184	Waveform 1	1	469.049603100	469.300878451	0.000	22050.000	SAT.NA_U.nest_NA
184	Spectrogram 1	1	469.049603100	469.300878451	0.000	22050.000	SAT.NA_U.nest_NA
185	Waveform 1	1	469.327328488	469.562072566	0.000	22050.000	SAT.NA_U.nest_NA
185	Spectrogram 1	1	469.327328488	469.562072566	0.000	22050.000	SAT.NA_U.nest_NA
186	Waveform 1	1	469.634810168	469.770366607	0.000	22050.000	SAT.NA_U.nest_NA
186	Spectrogram 1	1	469.634810168	469.770366607	0.000	22050.000	SAT.NA_U.nest_NA
187	Waveform 1	1	469.978660648	470.163810907	0.000	22050.000	SAT.NA_U.nest_NA
187	Spectrogram 1	1	469.978660648	470.163810907	0.000	22050.000	SAT.NA_U.nest_NA
188	Waveform 1	1	470.180342180	470.415086258	0.000	22050.000	SAT.NA_U.nest_NA
188	Spectrogram 1	1	470.180342180	470.415086258	0.000	22050.000	SAT.NA_U.nest_NA
189	Waveform 1	1	470.438230040	470.639911572	0.000	22050.000	SAT.NA_U.nest_NA
189	Spectrogram 1	1	470.438230040	470.639911572	0.000	22050.000	SAT.NA_U.nest_NA
190	Waveform 1	1	473.334509086	473.513046836	0.000	22050.000	SAT.NA_U.nest_NA
190	Spectrogram 1	1	473.334509086	473.513046836	0.000	22050.000	SAT.NA_U.nest_NA
191	Waveform 1	1	561.862782767	562.054545535	0.000	22050.000	SAT.NA_U.nest_NA
191	Spectrogram 1	1	561.862782767	562.054545535	0.000	22050.000	SAT.NA_U.nest_NA
192	Waveform 1	1	562.077689317	562.252920812	0.000	22050.000	SAT.NA_U.nest_NA
192	Spectrogram 1	1	562.077689317	562.252920812	0.000	22050.000	SAT.NA_U.nest_NA
193	Waveform 1	1	562.276064594	562.557096237	0.000	22050.000	SAT.NA_U.nest_NA
193	Spectrogram 1	1	562.276064594	562.557096237	0.000	22050.000	SAT.NA_U.nest_NA
194	Waveform 1	1	562.570321255	562.752165259	0.000	22050.000	SAT.NA_U.nest_NA
194	Spectrogram 1	1	562.570321255	562.752165259	0.000	22050.000	SAT.NA_U.nest_NA
195	Waveform 1	1	563.003440610	563.258022216	0.000	22050.000	SAT.NA_U.nest_NA
195	Spectrogram 1	1	563.003440610	563.258022216	0.000	22050.000	SAT.NA_U.nest_NA
196	Waveform 1	1	564.517705226	564.825186905	0.000	22050.000	SAT.NA_U.nest_NA
196	Spectrogram 1	1	564.517705226	564.825186905	0.000	22050.000	SAT.NA_U.nest_NA
197	Waveform 1	1	564.884699488	565.086381020	0.000	22050.000	SAT.NA_U.nest_NA
197	Spectrogram 1	1	564.884699488	565.086381020	0.000	22050.000	SAT.NA_U.nest_NA
198	Waveform 1	1	565.106218548	565.311206334	0.000	22050.000	SAT.NA_U.nest_NA
198	Spectrogram 1	1	565.106218548	565.311206334	0.000	22050.000	SAT.NA_U.nest_NA
199	Waveform 1	1	569.047274054	569.265486859	0.000	22050.000	SAT.NA_U.nest_NA
199	Spectrogram 1	1	569.047274054	569.265486859	0.000	22050.000	SAT.NA_U.nest_NA
200	Waveform 1	1	569.278711877	569.477087154	0.000	22050.000	SAT.NA_U.nest_NA
200	Spectrogram 1	1	569.278711877	569.477087154	0.000	22050.000	SAT.NA_U.nest_NA
201	Waveform 1	1	592.346450355	592.706832108	0.000	22050.000	SAT.NA_U.nest_NA
201	Spectrogram 1	1	592.346450355	592.706832108	0.000	22050.000	SAT.NA_U.nest_NA
202	Waveform 1	1	607.284108724	607.667634259	0.000	22050.000	SAT.NA_U.nest_NA
202	Spectrogram 1	1	607.284108724	607.667634259	0.000	22050.000	SAT.NA_U.nest_NA
203	Waveform 1	1	614.567787649	614.815756746	0.000	22050.000	SAT.NA_U.nest_NA
203	Spectrogram 1	1	614.567787649	614.815756746	0.000	22050.000	SAT.NA_U.nest_NA
204	Waveform 1	1	614.855431801	614.994294495	0.000	22050.000	SAT.NA_U.nest_NA
204	Spectrogram 1	1	614.855431801	614.994294495	0.000	22050.000	SAT.NA_U.nest_NA
205	Waveform 1	1	626.995998762	627.166270875	0.000	22050.000	SAT.NA_U.nest_NA
205	Spectrogram 1	1	626.995998762	627.166270875	0.000	22050.000	SAT.NA_U.nest_NA
206	Waveform 1	1	627.189414658	627.305133569	0.000	22050.000	SAT.NA_U.nest_NA
206	Spectrogram 1	1	627.189414658	627.305133569	0.000	22050.000	SAT.NA_U.nest_NA
207	Waveform 1	1	627.329930479	627.453915027	0.000	22050.000	SAT.NA_U.nest_NA
207	Spectrogram 1	1	627.329930479	627.453915027	0.000	22050.000	SAT.NA_U.nest_NA
208	Waveform 1	1	627.868849982	628.049040859	0.000	22050.000	SAT.NA_U.nest_NA
208	Spectrogram 1	1	627.868849982	628.049040859	0.000	22050.000	SAT.NA_U.nest_NA
209	Waveform 1	1	628.095328423	628.277172427	0.000	22050.000	SAT.NA_U.nest_NA
209	Spectrogram 1	1	628.095328423	628.277172427	0.000	22050.000	SAT.NA_U.nest_NA
210	Waveform 1	1	628.338338138	628.536713415	0.000	22050.000	SAT.NA_U.nest_NA
210	Spectrogram 1	1	628.338338138	628.536713415	0.000	22050.000	SAT.NA_U.nest_NA
211	Waveform 1	1	628.551591561	628.738394947	0.000	22050.000	SAT.NA_U.nest_NA
211	Spectrogram 1	1	628.551591561	628.738394947	0.000	22050.000	SAT.NA_U.nest_NA
212	Waveform 1	1	628.751619965	628.945035860	0.000	22050.000	SAT.NA_U.nest_NA
212	Spectrogram 1	1	628.751619965	628.945035860	0.000	22050.000	SAT.NA_U.nest_NA
213	Waveform 1	1	629.189698702	629.369889579	0.000	22050.000	SAT.NA_U.nest_NA
213	Spectrogram 1	1	629.189698702	629.369889579	0.000	22050.000	SAT.NA_U.nest_NA
214	Waveform 1	1	629.393033361	629.571571111	0.000	22050.000	SAT.NA_U.nest_NA
214	Spectrogram 1	1	629.393033361	629.571571111	0.000	22050.000	SAT.NA_U.nest_NA
215	Waveform 1	1	629.583143002	629.879052790	0.000	22050.000	SAT.NA_U.nest_NA
215	Spectrogram 1	1	629.583143002	629.879052790	0.000	22050.000	SAT.NA_U.nest_NA
216	Waveform 1	1	630.308865891	630.689085172	0.000	22050.000	SAT.NA_U.nest_NA
216	Spectrogram 1	1	630.308865891	630.689085172	0.000	22050.000	SAT.NA_U.nest_NA
217	Waveform 1	1	630.778354047	630.988301215	0.000	22050.000	SAT.NA_U.nest_NA
217	Spectrogram 1	1	630.778354047	630.988301215	0.000	22050.000	SAT.NA_U.nest_NA
218	Waveform 1	1	631.021363761	631.244535948	0.000	22050.000	SAT.NA_U.nest_NA
218	Spectrogram 1	1	631.021363761	631.244535948	0.000	22050.000	SAT.NA_U.nest_NA
219	Waveform 1	1	634.299515216	634.459868565	0.000	22050.000	SAT.NA_U.nest_NA
219	Spectrogram 1	1	634.299515216	634.459868565	0.000	22050.000	SAT.NA_U.nest_NA
220	Waveform 1	1	634.478052965	634.592118750	0.000	22050.000	SAT.NA_U.nest_NA
220	Spectrogram 1	1	634.478052965	634.592118750	0.000	22050.000	SAT.NA_U.nest_NA
221	Waveform 1	1	634.616915659	634.760737735	0.000	22050.000	SAT.NA_U.nest_NA
221	Spectrogram 1	1	634.616915659	634.760737735	0.000	22050.000	SAT.NA_U.nest_NA
222	Waveform 1	1	635.013666214	635.284779092	0.000	22050.000	SAT.NA_U.nest_NA
222	Spectrogram 1	1	635.013666214	635.284779092	0.000	22050.000	SAT.NA_U.nest_NA
223	Waveform 1	1	635.369088585	635.555891971	0.000	22050.000	SAT.NA_U.nest_NA
223	Spectrogram 1	1	635.369088585	635.555891971	0.000	22050.000	SAT.NA_U.nest_NA
224	Waveform 1	1	635.585648263	635.760879758	0.000	22050.000	SAT.NA_U.nest_NA
224	Spectrogram 1	1	635.585648263	635.760879758	0.000	22050.000	SAT.NA_U.nest_NA
225	Waveform 1	1	635.878251797	636.184080349	0.000	22050.000	SAT.NA_U.nest_NA
225	Spectrogram 1	1	635.878251797	636.184080349	0.000	22050.000	SAT.NA_U.nest_NA
226	Waveform 1	1	654.647859269	654.907400257	0.000	22050.000	SAT.NA_leaving.nest_NA
226	Spectrogram 1	1	654.647859269	654.907400257	0.000	22050.000	SAT.NA_leaving.nest_NA
227	Waveform 1	1	655.271088265	655.583529326	0.000	22050.000	SAT.NA_leaving.nest_NA
227	Spectrogram 1	1	655.271088265	655.583529326	0.000	22050.000	SAT.NA_leaving.nest_NA
228	Waveform 1	1	734.667925066	735.216763332	0.000	22050.000	SAT.NA_nest_03
228	Spectrogram 1	1	734.667925066	735.216763332	0.000	22050.000	SAT.NA_nest_03
229	Waveform 1	1	752.772975360	753.255688534	0.000	22050.000	SAT.NA_nest_03
229	Spectrogram 1	1	752.772975360	753.255688534	0.000	22050.000	SAT.NA_nest_03
230	Waveform 1	1	753.295363590	753.665664107	0.000	22050.000	SAT.NA_nest_03
230	Spectrogram 1	1	753.295363590	753.665664107	0.000	22050.000	SAT.NA_nest_03
231	Waveform 1	1	768.967010484	769.562136315	0.000	22050.000	SAT.NA_nest_03
231	Spectrogram 1	1	768.967010484	769.562136315	0.000	22050.000	SAT.NA_nest_03
232	Waveform 1	1	769.833249194	770.368862442	0.000	22050.000	SAT.NA_nest_03
232	Spectrogram 1	1	769.833249194	770.368862442	0.000	22050.000	SAT.NA_nest_03
233	Waveform 1	1	770.699487904	771.235101153	0.000	22050.000	SAT.NA_nest_03
233	Spectrogram 1	1	770.699487904	771.235101153	0.000	22050.000	SAT.NA_nest_03
234	Waveform 1	1	771.426863921	772.015377243	0.000	22050.000	SAT.NA_nest_03
234	Spectrogram 1	1	771.426863921	772.015377243	0.000	22050.000	SAT.NA_nest_03
235	Waveform 1	1	772.081502335	772.709690713	0.000	22050.000	SAT.NA_nest_03
235	Spectrogram 1	1	772.081502335	772.709690713	0.000	22050.000	SAT.NA_nest_03
236	Waveform 1	1	784.374157009	785.068470479	0.000	22050.000	SAT.NA_nest_03
236	Spectrogram 1	1	784.374157009	785.068470479	0.000	22050.000	SAT.NA_nest_03
237	Waveform 1	1	796.446945750	796.868493214	0.000	22050.000	SAT.NA_nest_03
237	Spectrogram 1	1	796.446945750	796.868493214	0.000	22050.000	SAT.NA_nest_03
238	Waveform 1	1	797.126381075	797.460312791	0.000	22050.000	SAT.NA_nest_03
238	Spectrogram 1	1	797.126381075	797.460312791	0.000	22050.000	SAT.NA_nest_03
239	Waveform 1	1	797.485109701	797.704975633	0.000	22050.000	SAT.NA_nest_03
239	Spectrogram 1	1	797.485109701	797.704975633	0.000	22050.000	SAT.NA_nest_03
240	Waveform 1	1	797.714894397	797.865328982	0.000	22050.000	SAT.NA_nest_03
240	Spectrogram 1	1	797.714894397	797.865328982	0.000	22050.000	SAT.NA_nest_03
241	Waveform 1	1	802.718910763	803.310730340	0.000	22050.000	SAT.NA_nest_03
241	Spectrogram 1	1	802.718910763	803.310730340	0.000	22050.000	SAT.NA_nest_03
242	Waveform 1	1	818.489745296	818.714570610	0.000	22050.000	SAT.NA_nest_03
242	Spectrogram 1	1	818.489745296	818.714570610	0.000	22050.000	SAT.NA_nest_03
243	Waveform 1	1	818.836902031	819.137771201	0.000	22050.000	SAT.NA_nest_03
243	Spectrogram 1	1	818.836902031	819.137771201	0.000	22050.000	SAT.NA_nest_03
244	Waveform 1	1	819.260102622	819.577503065	0.000	22050.000	SAT.NA_nest_03
244	Spectrogram 1	1	819.260102622	819.577503065	0.000	22050.000	SAT.NA_nest_03
245	Waveform 1	1	819.666771940	819.947803583	0.000	22050.000	SAT.NA_nest_03
245	Spectrogram 1	1	819.666771940	819.947803583	0.000	22050.000	SAT.NA_nest_03
246	Waveform 1	1	824.199647023	824.870816711	0.000	22050.000	SAT.NA_nest_03
246	Spectrogram 1	1	824.199647023	824.870816711	0.000	22050.000	SAT.NA_nest_03
247	Waveform 1	1	825.032823187	825.409736214	0.000	22050.000	SAT.NA_nest_03
247	Spectrogram 1	1	825.032823187	825.409736214	0.000	22050.000	SAT.NA_nest_03
248	Waveform 1	1	825.426267487	825.624642764	0.000	22050.000	SAT.NA_nest_03
248	Spectrogram 1	1	825.426267487	825.624642764	0.000	22050.000	SAT.NA_nest_03
249	Waveform 1	1	825.644480291	826.186706049	0.000	22050.000	SAT.NA_nest_03
249	Spectrogram 1	1	825.644480291	826.186706049	0.000	22050.000	SAT.NA_nest_03
250	Waveform 1	1	827.251320036	827.651376845	0.000	22050.000	SAT.NA_nest_03
250	Spectrogram 1	1	827.251320036	827.651376845	0.000	22050.000	SAT.NA_nest_03
251	Waveform 1	1	959.425514128	959.723077044	0.000	22050.000	SAT.NA_nest_03
251	Spectrogram 1	1	959.425514128	959.723077044	0.000	22050.000	SAT.NA_nest_03
252	Waveform 1	1	959.818958428	960.023946214	0.000	22050.000	SAT.NA_nest_03
252	Spectrogram 1	1	959.818958428	960.023946214	0.000	22050.000	SAT.NA_nest_03
253	Waveform 1	1	960.602540772	960.916634961	0.000	22050.000	SAT.NA_nest_03
253	Spectrogram 1	1	960.602540772	960.916634961	0.000	22050.000	SAT.NA_nest_03
254	Waveform 1	1	961.313385515	961.604335922	0.000	22050.000	SAT.NA_nest_03
254	Spectrogram 1	1	961.313385515	961.604335922	0.000	22050.000	SAT.NA_nest_03
255	Waveform 1	1	964.593190098	964.804790393	0.000	22050.000	SAT.NA_nest_03
255	Spectrogram 1	1	964.593190098	964.804790393	0.000	22050.000	SAT.NA_nest_03
256	Waveform 1	1	964.920509305	965.132109600	0.000	22050.000	SAT.NA_nest_03
256	Spectrogram 1	1	964.920509305	965.132109600	0.000	22050.000	SAT.NA_nest_03
257	Waveform 1	1	967.846544643	968.183782614	0.000	22050.000	SAT.NA_nest_03
257	Spectrogram 1	1	967.846544643	968.183782614	0.000	22050.000	SAT.NA_nest_03
258	Waveform 1	1	968.203620142	968.649964515	0.000	22050.000	SAT.NA_nest_03
258	Spectrogram 1	1	968.203620142	968.649964515	0.000	22050.000	SAT.NA_nest_03
259	Waveform 1	1	968.669802043	968.917771139	0.000	22050.000	SAT.NA_nest_03
259	Spectrogram 1	1	968.669802043	968.917771139	0.000	22050.000	SAT.NA_nest_03
260	Waveform 1	1	968.944221176	969.195496527	0.000	22050.000	SAT.NA_nest_03
260	Spectrogram 1	1	968.944221176	969.195496527	0.000	22050.000	SAT.NA_nest_03
261	Waveform 1	1	969.311215439	969.493059443	0.000	22050.000	SAT.NA_nest_03
261	Spectrogram 1	1	969.311215439	969.493059443	0.000	22050.000	SAT.NA_nest_03
262	Waveform 1	1	970.203904186	970.372523172	0.000	22050.000	SAT.NA_nest_03
262	Spectrogram 1	1	970.203904186	970.372523172	0.000	22050.000	SAT.NA_nest_03
263	Waveform 1	1	970.385748190	970.514692120	0.000	22050.000	SAT.NA_nest_03
263	Spectrogram 1	1	970.385748190	970.514692120	0.000	22050.000	SAT.NA_nest_03
264	Waveform 1	1	970.531223393	970.713067397	0.000	22050.000	SAT.NA_nest_03
264	Spectrogram 1	1	970.531223393	970.713067397	0.000	22050.000	SAT.NA_nest_03
265	Waveform 1	1	970.775886235	970.980874022	0.000	22050.000	SAT.NA_nest_03
265	Spectrogram 1	1	970.775886235	970.980874022	0.000	22050.000	SAT.NA_nest_03
266	Waveform 1	1	974.240841076	974.462360136	0.000	22050.000	SAT.NA_nest_03
266	Spectrogram 1	1	974.240841076	974.462360136	0.000	22050.000	SAT.NA_nest_03
267	Waveform 1	1	979.785430072	980.086299243	0.000	22050.000	SAT.NA_nest_03
267	Spectrogram 1	1	979.785430072	980.086299243	0.000	22050.000	SAT.NA_nest_03
268	Waveform 1	1	980.102830516	980.499581070	0.000	22050.000	SAT.NA_nest_03
268	Spectrogram 1	1	980.102830516	980.499581070	0.000	22050.000	SAT.NA_nest_03
269	Waveform 1	1	1027.673221975	1027.848453470	0.000	22050.000	SAT.NA_nest_03
269	Spectrogram 1	1	1027.673221975	1027.848453470	0.000	22050.000	SAT.NA_nest_03
270	Waveform 1	1	1027.855065979	1028.010459946	0.000	22050.000	SAT.NA_nest_03
270	Spectrogram 1	1	1027.855065979	1028.010459946	0.000	22050.000	SAT.NA_nest_03
271	Waveform 1	1	1028.017072455	1028.192303950	0.000	22050.000	SAT.NA_nest_03
271	Spectrogram 1	1	1028.017072455	1028.192303950	0.000	22050.000	SAT.NA_nest_03
272	Waveform 1	1	1028.215447733	1028.377454209	0.000	22050.000	SAT.NA_nest_03
272	Spectrogram 1	1	1028.215447733	1028.377454209	0.000	22050.000	SAT.NA_nest_03
273	Waveform 1	1	1028.407210500	1028.546073194	0.000	22050.000	SAT.NA_nest_03
273	Spectrogram 1	1	1028.407210500	1028.546073194	0.000	22050.000	SAT.NA_nest_03
274	Waveform 1	1	1028.572523231	1028.757673490	0.000	22050.000	SAT.NA_nest_03
274	Spectrogram 1	1	1028.572523231	1028.757673490	0.000	22050.000	SAT.NA_nest_03
275	Waveform 1	1	1036.950572436	1037.145641459	0.000	22050.000	SAT.NA_nest_03
275	Spectrogram 1	1	1036.950572436	1037.145641459	0.000	22050.000	SAT.NA_nest_03
276	Waveform 1	1	1054.404290570	1054.652259667	0.000	22050.000	SAT.NA_nest_03
276	Spectrogram 1	1	1054.404290570	1054.652259667	0.000	22050.000	SAT.NA_nest_03
277	Waveform 1	1	1057.700626425	1057.908920466	0.000	22050.000	SAT.NA_nest_03
277	Spectrogram 1	1	1057.700626425	1057.908920466	0.000	22050.000	SAT.NA_nest_03
278	Waveform 1	1	1057.998189341	1058.259383456	0.000	22050.000	SAT.NA_nest_03
278	Spectrogram 1	1	1057.998189341	1058.259383456	0.000	22050.000	SAT.NA_nest_03
279	Waveform 1	1	1058.292446002	1058.550333863	0.000	22050.000	SAT.NA_nest_03
279	Spectrogram 1	1	1058.292446002	1058.550333863	0.000	22050.000	SAT.NA_nest_03
280	Waveform 1	1	1059.522372721	1059.773648072	0.000	22050.000	SAT.NA_nest_03
280	Spectrogram 1	1	1059.522372721	1059.773648072	0.000	22050.000	SAT.NA_nest_03
281	Waveform 1	1	1134.925157589	1135.196270467	0.000	22050.000	SAT.NA_nest_03
281	Spectrogram 1	1	1134.925157589	1135.196270467	0.000	22050.000	SAT.NA_nest_03
282	Waveform 1	1	1135.232639268	1135.437627055	0.000	22050.000	SAT.NA_nest_03
282	Spectrogram 1	1	1135.232639268	1135.437627055	0.000	22050.000	SAT.NA_nest_03
283	Waveform 1	1	1135.480608365	1135.751721243	0.000	22050.000	SAT.NA_nest_03
283	Spectrogram 1	1	1135.480608365	1135.751721243	0.000	22050.000	SAT.NA_nest_03
284	Waveform 1	1	1145.144790616	1145.326634620	0.000	22050.000	SAT.NA_nest_03
284	Spectrogram 1	1	1145.144790616	1145.326634620	0.000	22050.000	SAT.NA_nest_03
285	Waveform 1	1	1145.445659786	1145.581216226	0.000	22050.000	SAT.NA_nest_03
285	Spectrogram 1	1	1145.445659786	1145.581216226	0.000	22050.000	SAT.NA_nest_03
286	Waveform 1	1	1145.597747499	1145.849022850	0.000	22050.000	SAT.NA_nest_03
286	Spectrogram 1	1	1145.597747499	1145.849022850	0.000	22050.000	SAT.NA_nest_03
287	Waveform 1	1	1168.473723208	1168.705161032	0.000	22050.000	SAT.NA_nest_03
287	Spectrogram 1	1	1168.473723208	1168.705161032	0.000	22050.000	SAT.NA_nest_03
288	Waveform 1	1	1168.857248744	1169.015948966	0.000	22050.000	SAT.NA_nest_03
288	Spectrogram 1	1	1168.857248744	1169.015948966	0.000	22050.000	SAT.NA_nest_03
289	Waveform 1	1	1169.115136604	1169.429230793	0.000	22050.000	SAT.NA_nest_03
289	Spectrogram 1	1	1169.115136604	1169.429230793	0.000	22050.000	SAT.NA_nest_03
290	Waveform 1	1	1183.841194678	1184.158595121	0.000	22050.000	SAT.NA_nest_03
290	Spectrogram 1	1	1183.841194678	1184.158595121	0.000	22050.000	SAT.NA_nest_03
291	Waveform 1	1	1190.433866388	1190.685141739	0.000	22050.000	SAT.NA_nest_03
291	Spectrogram 1	1	1190.433866388	1190.685141739	0.000	22050.000	SAT.NA_nest_03
292	Waveform 1	1	1190.744654322	1190.982704655	0.000	22050.000	SAT.NA_nest_03
292	Spectrogram 1	1	1190.744654322	1190.982704655	0.000	22050.000	SAT.NA_nest_03
293	Waveform 1	1	1228.912453794	1229.147197872	0.000	22050.000	SAT.NA_nest_03
293	Spectrogram 1	1	1228.912453794	1229.147197872	0.000	22050.000	SAT.NA_nest_03
294	Waveform 1	1	1165.138176191	1165.290781005	0.000	22050.000	SAT.NA_nest_03
294	Spectrogram 1	1	1165.138176191	1165.290781005	0.000	22050.000	SAT.NA_nest_03
295	Waveform 1	1	1166.015653872	1166.133922603	0.000	22050.000	SAT.NA_nest_03
295	Spectrogram 1	1	1166.015653872	1166.133922603	0.000	22050.000	SAT.NA_nest_03
296	Waveform 1	1	1166.152998205	1166.282712297	0.000	22050.000	SAT.NA_nest_03
296	Spectrogram 1	1	1166.152998205	1166.282712297	0.000	22050.000	SAT.NA_nest_03
297	Waveform 1	1	1166.286527417	1166.427686870	0.000	22050.000	SAT.NA_nest_03
297	Spectrogram 1	1	1166.286527417	1166.427686870	0.000	22050.000	SAT.NA_nest_03
298	Waveform 1	1	1166.439132231	1166.576476564	0.000	22050.000	SAT.NA_nest_03
298	Spectrogram 1	1	1166.439132231	1166.576476564	0.000	22050.000	SAT.NA_nest_03
299	Waveform 1	1	1166.740526739	1166.877871072	0.000	22050.000	SAT.NA_nest_03
299	Spectrogram 1	1	1166.740526739	1166.877871072	0.000	22050.000	SAT.NA_nest_03
300	Waveform 1	1	1166.896946674	1167.038106127	0.000	22050.000	SAT.NA_nest_03
300	Spectrogram 1	1	1166.896946674	1167.038106127	0.000	22050.000	SAT.NA_nest_03
301	Waveform 1	1	1176.247806660	1176.442377798	0.000	22050.000	SAT.NA_nest_03
301	Spectrogram 1	1	1176.247806660	1176.442377798	0.000	22050.000	SAT.NA_nest_03
302	Waveform 1	1	1176.804814231	1176.984124888	0.000	22050.000	SAT.NA_nest_03
302	Spectrogram 1	1	1176.804814231	1176.984124888	0.000	22050.000	SAT.NA_nest_03
303	Waveform 1	1	1177.022276091	1177.148175063	0.000	22050.000	SAT.NA_nest_03
303	Spectrogram 1	1	1177.022276091	1177.148175063	0.000	22050.000	SAT.NA_nest_03
304	Waveform 1	1	1177.167250665	1177.262628674	0.000	22050.000	SAT.NA_nest_03
304	Spectrogram 1	1	1177.167250665	1177.262628674	0.000	22050.000	SAT.NA_nest_03
305	Waveform 1	1	1177.647955829	1177.750964079	0.000	22050.000	SAT.NA_nest_03
305	Spectrogram 1	1	1177.647955829	1177.750964079	0.000	22050.000	SAT.NA_nest_03
306	Waveform 1	1	1177.758594320	1177.899753773	0.000	22050.000	SAT.NA_nest_03
306	Spectrogram 1	1	1177.758594320	1177.899753773	0.000	22050.000	SAT.NA_nest_03
307	Waveform 1	1	1177.911199134	1178.033282985	0.000	22050.000	SAT.NA_nest_03
307	Spectrogram 1	1	1177.911199134	1178.033282985	0.000	22050.000	SAT.NA_nest_03
308	Waveform 1	1	1178.052358587	1178.182072679	0.000	22050.000	SAT.NA_nest_03
308	Spectrogram 1	1	1178.052358587	1178.182072679	0.000	22050.000	SAT.NA_nest_03
309	Waveform 1	1	1180.017145569	1180.280388873	0.000	22050.000	SAT.NA_nest_03
309	Spectrogram 1	1	1180.017145569	1180.280388873	0.000	22050.000	SAT.NA_nest_03
310	Waveform 1	1	1182.538940122	1182.706805418	0.000	22050.000	SAT.NA_nest_03
310	Spectrogram 1	1	1182.538940122	1182.706805418	0.000	22050.000	SAT.NA_nest_03
311	Waveform 1	1	1182.725881020	1182.889931195	0.000	22050.000	SAT.NA_nest_03
311	Spectrogram 1	1	1182.725881020	1182.889931195	0.000	22050.000	SAT.NA_nest_03
