Selection	View	Channel	Begin Time (s)	End Time (s)	Low Freq (Hz)	High Freq (Hz)	Delta Time (s)	Delta Freq (Hz)	Avg Power Density (dB FS)	Annotation
1	Waveform 1	1	22.013157095	22.307452808	0.0	22050.0	0.294	22050.0		
1	Spectrogram 1	1	22.013157095	22.307452808	0.0	22050.0	0.294	22050.0	-52.3	
2	Waveform 1	1	22.562509093	22.783230878	0.0	22050.0	0.221	22050.0		
2	Spectrogram 1	1	22.562509093	22.783230878	0.0	22050.0	0.221	22050.0	-53.2	
3	Waveform 1	1	25.113071943	25.554515513	0.0	22050.0	0.441	22050.0		
3	Spectrogram 1	1	25.113071943	25.554515513	0.0	22050.0	0.441	22050.0	-47.1	
4	Waveform 1	1	25.848811226	26.280444940	0.0	22050.0	0.432	22050.0		
4	Spectrogram 1	1	25.848811226	26.280444940	0.0	22050.0	0.432	22050.0	-46.4	
5	Waveform 1	1	26.550216010	27.006374366	0.0	22050.0	0.456	22050.0		
5	Spectrogram 1	1	26.550216010	27.006374366	0.0	22050.0	0.456	22050.0	-47.7	
6	Waveform 1	1	27.182951794	27.599870722	0.0	22050.0	0.417	22050.0		
6	Spectrogram 1	1	27.182951794	27.599870722	0.0	22050.0	0.417	22050.0	-46.8	
7	Waveform 1	1	27.831868693	28.278217192	0.0	22050.0	0.446	22050.0		
7	Spectrogram 1	1	27.831868693	28.278217192	0.0	22050.0	0.446	22050.0	-46.9	
8	Waveform 1	1	32.035392467	32.437596609	0.0	22050.0	0.402	22050.0		
8	Spectrogram 1	1	32.035392467	32.437596609	0.0	22050.0	0.402	22050.0	-45.9	
9	Waveform 1	1	33.537010545	33.743017544	0.0	22050.0	0.206	22050.0		
9	Spectrogram 1	1	33.537010545	33.743017544	0.0	22050.0	0.206	22050.0	-45.8	
10	Waveform 1	1	33.743017544	33.958834401	0.0	22050.0	0.216	22050.0		
10	Spectrogram 1	1	33.743017544	33.958834401	0.0	22050.0	0.216	22050.0	-42.6	
11	Waveform 1	1	33.934309758	34.184461114	0.0	22050.0	0.250	22050.0		
11	Spectrogram 1	1	33.934309758	34.184461114	0.0	22050.0	0.250	22050.0	-42.7	
12	Waveform 1	1	34.184461114	34.434612471	0.0	22050.0	0.250	22050.0		
12	Spectrogram 1	1	34.184461114	34.434612471	0.0	22050.0	0.250	22050.0	-42.9	
13	Waveform 1	1	34.434612471	34.738718041	0.0	22050.0	0.304	22050.0		
13	Spectrogram 1	1	34.434612471	34.738718041	0.0	22050.0	0.304	22050.0	-45.3	
14	Waveform 1	1	34.851531398	35.533316467	0.0	22050.0	0.682	22050.0		
14	Spectrogram 1	1	34.851531398	35.533316467	0.0	22050.0	0.682	22050.0	-47.8	
15	Waveform 1	1	35.651034753	36.273960680	0.0	22050.0	0.623	22050.0		
15	Spectrogram 1	1	35.651034753	36.273960680	0.0	22050.0	0.623	22050.0	-49.7	
16	Waveform 1	1	36.416203608	37.068559106	0.0	22050.0	0.652	22050.0		
16	Spectrogram 1	1	36.416203608	37.068559106	0.0	22050.0	0.652	22050.0	-49.9	
17	Waveform 1	1	37.240574962	37.441677033	0.0	22050.0	0.201	22050.0		
17	Spectrogram 1	1	37.240574962	37.441677033	0.0	22050.0	0.201	22050.0	-50.8	
18	Waveform 1	1	37.485821390	37.740877675	0.0	22050.0	0.255	22050.0		
18	Spectrogram 1	1	37.485821390	37.740877675	0.0	22050.0	0.255	22050.0	-45.8	
19	Waveform 1	1	37.740877675	37.961599460	0.0	22050.0	0.221	22050.0		
19	Spectrogram 1	1	37.740877675	37.961599460	0.0	22050.0	0.221	22050.0	-43.7	
20	Waveform 1	1	37.961599460	38.197036030	0.0	22050.0	0.235	22050.0		
20	Spectrogram 1	1	37.961599460	38.197036030	0.0	22050.0	0.235	22050.0	-44.1	
21	Waveform 1	1	39.325169599	39.565511098	0.0	22050.0	0.240	22050.0		
21	Spectrogram 1	1	39.325169599	39.565511098	0.0	22050.0	0.240	22050.0	-46.4	
22	Waveform 1	1	45.670954656	45.896581370	0.0	22050.0	0.226	22050.0		
22	Spectrogram 1	1	45.670954656	45.896581370	0.0	22050.0	0.226	22050.0	-43.7	
23	Waveform 1	1	50.793166400	51.062937470	0.0	22050.0	0.270	22050.0		
23	Spectrogram 1	1	50.793166400	51.062937470	0.0	22050.0	0.270	22050.0	-45.0	
24	Waveform 1	1	51.151226184	51.376852898	0.0	22050.0	0.226	22050.0		
24	Spectrogram 1	1	51.151226184	51.376852898	0.0	22050.0	0.226	22050.0	-44.4	
25	Waveform 1	1	51.376852898	51.636814112	0.0	22050.0	0.260	22050.0		
25	Spectrogram 1	1	51.376852898	51.636814112	0.0	22050.0	0.260	22050.0	-44.3	
26	Waveform 1	1	57.687180326	58.153148539	0.0	22050.0	0.466	22050.0		
26	Spectrogram 1	1	57.687180326	58.153148539	0.0	22050.0	0.466	22050.0	-41.5	
27	Waveform 1	1	58.172768253	58.697595609	0.0	22050.0	0.525	22050.0		
27	Spectrogram 1	1	58.172768253	58.697595609	0.0	22050.0	0.525	22050.0	-38.2	
28	Waveform 1	1	61.834457487	62.074798986	0.0	22050.0	0.240	22050.0		
28	Spectrogram 1	1	61.834457487	62.074798986	0.0	22050.0	0.240	22050.0	-41.4	
29	Waveform 1	1	62.074798986	62.315140485	0.0	22050.0	0.240	22050.0		
29	Spectrogram 1	1	62.074798986	62.315140485	0.0	22050.0	0.240	22050.0	-40.1	
30	Waveform 1	1	62.315140485	62.526052413	0.0	22050.0	0.211	22050.0		
30	Spectrogram 1	1	62.315140485	62.526052413	0.0	22050.0	0.211	22050.0	-39.2	
31	Waveform 1	1	62.526052413	62.761488984	0.0	22050.0	0.235	22050.0		
31	Spectrogram 1	1	62.526052413	62.761488984	0.0	22050.0	0.235	22050.0	-38.9	
32	Waveform 1	1	62.761488984	63.006735412	0.0	22050.0	0.245	22050.0		
32	Spectrogram 1	1	62.761488984	63.006735412	0.0	22050.0	0.245	22050.0	-37.7	
33	Waveform 1	1	74.393617600	74.609434457	0.0	22050.0	0.216	22050.0		
33	Spectrogram 1	1	74.393617600	74.609434457	0.0	22050.0	0.216	22050.0	-43.6	
34	Waveform 1	1	86.541520107	86.791671463	0.0	22050.0	0.250	22050.0		
34	Spectrogram 1	1	86.541520107	86.791671463	0.0	22050.0	0.250	22050.0	-44.5	
35	Waveform 1	1	93.962630406	94.129397977	0.0	22050.0	0.167	22050.0		
35	Spectrogram 1	1	93.962630406	94.129397977	0.0	22050.0	0.167	22050.0	-51.0	
36	Waveform 1	1	94.202971905	94.389359191	0.0	22050.0	0.186	22050.0		
36	Spectrogram 1	1	94.202971905	94.389359191	0.0	22050.0	0.186	22050.0	-47.9	
37	Waveform 1	1	94.389359191	94.629700690	0.0	22050.0	0.240	22050.0		
37	Spectrogram 1	1	94.389359191	94.629700690	0.0	22050.0	0.240	22050.0	-47.5	
38	Waveform 1	1	94.629700690	94.874947118	0.0	22050.0	0.245	22050.0		
38	Spectrogram 1	1	94.629700690	94.874947118	0.0	22050.0	0.245	22050.0	-45.0	
39	Waveform 1	1	94.884756975	95.120193546	0.0	22050.0	0.235	22050.0		
39	Spectrogram 1	1	94.884756975	95.120193546	0.0	22050.0	0.235	22050.0	-44.1	
40	Waveform 1	1	95.130003403	95.340915331	0.0	22050.0	0.211	22050.0		
40	Spectrogram 1	1	95.130003403	95.340915331	0.0	22050.0	0.211	22050.0	-42.5	
41	Waveform 1	1	95.635966949	96.057790805	0.0	22050.0	0.422	22050.0		
41	Spectrogram 1	1	95.635966949	96.057790805	0.0	22050.0	0.422	22050.0	-38.3	
42	Waveform 1	1	96.146079519	96.636572375	0.0	22050.0	0.490	22050.0		
42	Spectrogram 1	1	96.146079519	96.636572375	0.0	22050.0	0.490	22050.0	-42.5	
43	Waveform 1	1	100.105860428	100.311867428	0.0	22050.0	0.206	22050.0		
43	Spectrogram 1	1	100.105860428	100.311867428	0.0	22050.0	0.206	22050.0	-39.4	
44	Waveform 1	1	100.360916713	100.581638498	0.0	22050.0	0.221	22050.0		
44	Spectrogram 1	1	100.360916713	100.581638498	0.0	22050.0	0.221	22050.0	-38.8	
45	Waveform 1	1	100.562018784	100.856314498	0.0	22050.0	0.294	22050.0		
45	Spectrogram 1	1	100.562018784	100.856314498	0.0	22050.0	0.294	22050.0	-39.3	
46	Waveform 1	1	101.690152352	102.116881137	0.0	22050.0	0.427	22050.0		
46	Spectrogram 1	1	101.690152352	102.116881137	0.0	22050.0	0.427	22050.0	-41.5	
47	Waveform 1	1	102.205169851	102.734902135	0.0	22050.0	0.530	22050.0		
47	Spectrogram 1	1	102.205169851	102.734902135	0.0	22050.0	0.530	22050.0	-41.4	
48	Waveform 1	1	102.788856349	103.441211847	0.0	22050.0	0.652	22050.0		
48	Spectrogram 1	1	102.788856349	103.441211847	0.0	22050.0	0.652	22050.0	-44.6	
49	Waveform 1	1	104.059232846	104.230905345	0.0	22050.0	0.172	22050.0		
49	Spectrogram 1	1	104.059232846	104.230905345	0.0	22050.0	0.172	22050.0	-42.2	
50	Waveform 1	1	104.260334917	104.476151773	0.0	22050.0	0.216	22050.0		
50	Spectrogram 1	1	104.260334917	104.476151773	0.0	22050.0	0.216	22050.0	-43.2	
51	Waveform 1	1	104.520296130	104.716493272	0.0	22050.0	0.196	22050.0		
51	Spectrogram 1	1	104.520296130	104.716493272	0.0	22050.0	0.196	22050.0	-42.2	
52	Waveform 1	1	116.036284873	116.281531301	0.0	22050.0	0.245	22050.0		
52	Spectrogram 1	1	116.036284873	116.281531301	0.0	22050.0	0.245	22050.0	-46.6	
53	Waveform 1	1	116.281531301	116.536587586	0.0	22050.0	0.255	22050.0		
53	Spectrogram 1	1	116.281531301	116.536587586	0.0	22050.0	0.255	22050.0	-42.6	
54	Waveform 1	1	116.664115728	116.943696656	0.0	22050.0	0.280	22050.0		
54	Spectrogram 1	1	116.664115728	116.943696656	0.0	22050.0	0.280	22050.0	-42.1	
55	Waveform 1	1	118.145404153	118.493654080	0.0	22050.0	0.348	22050.0		
55	Spectrogram 1	1	118.145404153	118.493654080	0.0	22050.0	0.348	22050.0	-43.0	
56	Waveform 1	1	121.419776918	121.655213489	0.0	22050.0	0.235	22050.0		
56	Spectrogram 1	1	121.419776918	121.655213489	0.0	22050.0	0.235	22050.0	-50.1	
57	Waveform 1	1	121.743502203	121.969128916	0.0	22050.0	0.226	22050.0		
57	Spectrogram 1	1	121.743502203	121.969128916	0.0	22050.0	0.226	22050.0	-43.4	
58	Waveform 1	1	121.969128916	122.209470416	0.0	22050.0	0.240	22050.0		
58	Spectrogram 1	1	121.969128916	122.209470416	0.0	22050.0	0.240	22050.0	-44.6	
59	Waveform 1	1	122.209470416	122.430192201	0.0	22050.0	0.221	22050.0		
59	Spectrogram 1	1	122.209470416	122.430192201	0.0	22050.0	0.221	22050.0	-41.5	
60	Waveform 1	1	122.430192201	122.665628772	0.0	22050.0	0.235	22050.0		
60	Spectrogram 1	1	122.430192201	122.665628772	0.0	22050.0	0.235	22050.0	-39.0	
61	Waveform 1	1	122.665628772	122.905970271	0.0	22050.0	0.240	22050.0		
61	Spectrogram 1	1	122.665628772	122.905970271	0.0	22050.0	0.240	22050.0	-38.3	
62	Waveform 1	1	125.152427550	125.691969692	0.0	22050.0	0.540	22050.0		
62	Spectrogram 1	1	125.152427550	125.691969692	0.0	22050.0	0.540	22050.0	-44.3	
63	Waveform 1	1	125.745923906	126.138318190	0.0	22050.0	0.392	22050.0		
63	Spectrogram 1	1	125.745923906	126.138318190	0.0	22050.0	0.392	22050.0	-43.1	
64	Waveform 1	1	136.219893981	136.460235480	0.0	22050.0	0.240	22050.0		
64	Spectrogram 1	1	136.219893981	136.460235480	0.0	22050.0	0.240	22050.0	-44.0	
65	Waveform 1	1	136.460235480	136.680957265	0.0	22050.0	0.221	22050.0		
65	Spectrogram 1	1	136.460235480	136.680957265	0.0	22050.0	0.221	22050.0	-39.2	
66	Waveform 1	1	136.661337551	136.921298764	0.0	22050.0	0.260	22050.0		
66	Spectrogram 1	1	136.661337551	136.921298764	0.0	22050.0	0.260	22050.0	-42.0	
67	Waveform 1	1	136.921298764	137.132210692	0.0	22050.0	0.211	22050.0		
67	Spectrogram 1	1	136.921298764	137.132210692	0.0	22050.0	0.211	22050.0	-36.9	
68	Waveform 1	1	137.132210692	137.367647263	0.0	22050.0	0.235	22050.0		
68	Spectrogram 1	1	137.132210692	137.367647263	0.0	22050.0	0.235	22050.0	-38.9	
69	Waveform 1	1	137.367647263	137.612893691	0.0	22050.0	0.245	22050.0		
69	Spectrogram 1	1	137.367647263	137.612893691	0.0	22050.0	0.245	22050.0	-40.3	
70	Waveform 1	1	138.093576690	138.373157617	0.0	22050.0	0.280	22050.0		
70	Spectrogram 1	1	138.093576690	138.373157617	0.0	22050.0	0.280	22050.0	-41.7	
71	Waveform 1	1	138.417301975	138.633118831	0.0	22050.0	0.216	22050.0		
71	Spectrogram 1	1	138.417301975	138.633118831	0.0	22050.0	0.216	22050.0	-40.9	
72	Waveform 1	1	138.682168117	138.951939187	0.0	22050.0	0.270	22050.0		
72	Spectrogram 1	1	138.682168117	138.951939187	0.0	22050.0	0.270	22050.0	-41.0	
73	Waveform 1	1	138.951939187	139.481671471	0.0	22050.0	0.530	22050.0		
73	Spectrogram 1	1	138.951939187	139.481671471	0.0	22050.0	0.530	22050.0	-38.0	
74	Waveform 1	1	139.550340471	139.820111542	0.0	22050.0	0.270	22050.0		
74	Spectrogram 1	1	139.550340471	139.820111542	0.0	22050.0	0.270	22050.0	-40.4	
75	Waveform 1	1	139.825016471	140.075167827	0.0	22050.0	0.250	22050.0		
75	Spectrogram 1	1	139.825016471	140.075167827	0.0	22050.0	0.250	22050.0	-40.1	
76	Waveform 1	1	141.450218793	141.734704650	0.0	22050.0	0.284	22050.0		
76	Spectrogram 1	1	141.450218793	141.734704650	0.0	22050.0	0.284	22050.0	-42.3	
77	Waveform 1	1	151.472713265	151.693435050	0.0	22050.0	0.221	22050.0		
77	Spectrogram 1	1	151.472713265	151.693435050	0.0	22050.0	0.221	22050.0	-41.9	
78	Waveform 1	1	151.693435050	151.933776549	0.0	22050.0	0.240	22050.0		
78	Spectrogram 1	1	151.693435050	151.933776549	0.0	22050.0	0.240	22050.0	-43.1	
79	Waveform 1	1	151.933776549	152.125068763	0.0	22050.0	0.191	22050.0		
79	Spectrogram 1	1	151.933776549	152.125068763	0.0	22050.0	0.191	22050.0	-40.9	
80	Waveform 1	1	152.125068763	152.335980691	0.0	22050.0	0.211	22050.0		
80	Spectrogram 1	1	152.125068763	152.335980691	0.0	22050.0	0.211	22050.0	-41.1	
81	Waveform 1	1	152.335980691	152.546892619	0.0	22050.0	0.211	22050.0		
81	Spectrogram 1	1	152.335980691	152.546892619	0.0	22050.0	0.211	22050.0	-41.5	
82	Waveform 1	1	152.546892619	152.816663689	0.0	22050.0	0.270	22050.0		
82	Spectrogram 1	1	152.546892619	152.816663689	0.0	22050.0	0.270	22050.0	-41.2	
83	Waveform 1	1	152.816663689	153.204153045	0.0	22050.0	0.387	22050.0		
83	Spectrogram 1	1	152.816663689	153.204153045	0.0	22050.0	0.387	22050.0	-40.5	
84	Waveform 1	1	157.983614169	158.351483811	0.0	22050.0	0.368	22050.0		
84	Spectrogram 1	1	157.983614169	158.351483811	0.0	22050.0	0.368	22050.0	-40.0	
85	Waveform 1	1	158.351483811	158.763497810	0.0	22050.0	0.412	22050.0		
85	Spectrogram 1	1	158.351483811	158.763497810	0.0	22050.0	0.412	22050.0	-41.3	
86	Waveform 1	1	158.763497810	159.298135023	0.0	22050.0	0.535	22050.0		
86	Spectrogram 1	1	158.763497810	159.298135023	0.0	22050.0	0.535	22050.0	-41.8	
87	Waveform 1	1	159.298135023	159.724863807	0.0	22050.0	0.427	22050.0		
87	Spectrogram 1	1	159.298135023	159.724863807	0.0	22050.0	0.427	22050.0	-38.3	
88	Waveform 1	1	160.764708662	161.009955089	0.0	22050.0	0.245	22050.0		
88	Spectrogram 1	1	160.764708662	161.009955089	0.0	22050.0	0.245	22050.0	-37.8	
89	Waveform 1	1	161.029574804	161.421969088	0.0	22050.0	0.392	22050.0		
89	Spectrogram 1	1	161.029574804	161.421969088	0.0	22050.0	0.392	22050.0	-36.2	
90	Waveform 1	1	161.421969088	161.735884516	0.0	22050.0	0.314	22050.0		
90	Spectrogram 1	1	161.421969088	161.735884516	0.0	22050.0	0.314	22050.0	-30.4	
91	Waveform 1	1	161.735884516	162.133183729	0.0	22050.0	0.397	22050.0		
91	Spectrogram 1	1	161.735884516	162.133183729	0.0	22050.0	0.397	22050.0	-31.1	
92	Waveform 1	1	164.070684666	164.477793737	0.0	22050.0	0.407	22050.0		
92	Spectrogram 1	1	164.070684666	164.477793737	0.0	22050.0	0.407	22050.0	-37.1	
93	Waveform 1	1	164.477793737	164.727945093	0.0	22050.0	0.250	22050.0		
93	Spectrogram 1	1	164.477793737	164.727945093	0.0	22050.0	0.250	22050.0	-32.9	
94	Waveform 1	1	164.757374664	164.963381664	0.0	22050.0	0.206	22050.0		
94	Spectrogram 1	1	164.757374664	164.963381664	0.0	22050.0	0.206	22050.0	-37.9	
95	Waveform 1	1	165.453874520	165.704025876	0.0	22050.0	0.250	22050.0		
95	Spectrogram 1	1	165.453874520	165.704025876	0.0	22050.0	0.250	22050.0	-37.0	
96	Waveform 1	1	165.777599804	166.189613803	0.0	22050.0	0.412	22050.0		
96	Spectrogram 1	1	165.777599804	166.189613803	0.0	22050.0	0.412	22050.0	-38.1	
97	Waveform 1	1	166.420145445	166.689916516	0.0	22050.0	0.270	22050.0		
97	Spectrogram 1	1	166.420145445	166.689916516	0.0	22050.0	0.270	22050.0	-35.2	
98	Waveform 1	1	166.763490444	167.180409372	0.0	22050.0	0.417	22050.0		
98	Spectrogram 1	1	166.763490444	167.180409372	0.0	22050.0	0.417	22050.0	-35.3	
99	Waveform 1	1	167.185314300	167.602233228	0.0	22050.0	0.417	22050.0		
99	Spectrogram 1	1	167.185314300	167.602233228	0.0	22050.0	0.417	22050.0	-39.4	
100	Waveform 1	1	167.602233228	167.916148655	0.0	22050.0	0.314	22050.0		
100	Spectrogram 1	1	167.602233228	167.916148655	0.0	22050.0	0.314	22050.0	-36.3	
101	Waveform 1	1	167.916148655	168.264398583	0.0	22050.0	0.348	22050.0		
101	Spectrogram 1	1	167.916148655	168.264398583	0.0	22050.0	0.348	22050.0	-37.6	
102	Waveform 1	1	168.445880940	168.715652010	0.0	22050.0	0.270	22050.0		
102	Spectrogram 1	1	168.445880940	168.715652010	0.0	22050.0	0.270	22050.0	-40.0	
103	Waveform 1	1	174.400908094	174.651059451	0.0	22050.0	0.250	22050.0		
103	Spectrogram 1	1	174.400908094	174.651059451	0.0	22050.0	0.250	22050.0	-43.1	
104	Waveform 1	1	174.675584093	174.901210807	0.0	22050.0	0.226	22050.0		
104	Spectrogram 1	1	174.675584093	174.901210807	0.0	22050.0	0.226	22050.0	-42.7	
105	Waveform 1	1	174.964974878	175.166076949	0.0	22050.0	0.201	22050.0		
105	Spectrogram 1	1	174.964974878	175.166076949	0.0	22050.0	0.201	22050.0	-44.4	
106	Waveform 1	1	175.166076949	175.347559306	0.0	22050.0	0.181	22050.0		
106	Spectrogram 1	1	175.166076949	175.347559306	0.0	22050.0	0.181	22050.0	-44.9	
107	Waveform 1	1	175.347559306	175.563376162	0.0	22050.0	0.216	22050.0		
107	Spectrogram 1	1	175.347559306	175.563376162	0.0	22050.0	0.216	22050.0	-44.8	
108	Waveform 1	1	176.191207018	176.451168231	0.0	22050.0	0.260	22050.0		
108	Spectrogram 1	1	176.191207018	176.451168231	0.0	22050.0	0.260	22050.0	-45.4	
109	Waveform 1	1	179.090241660	179.340393017	0.0	22050.0	0.250	22050.0		
109	Spectrogram 1	1	179.090241660	179.340393017	0.0	22050.0	0.250	22050.0	-42.4	
110	Waveform 1	1	179.306058517	179.570924659	0.0	22050.0	0.265	22050.0		
110	Spectrogram 1	1	179.306058517	179.570924659	0.0	22050.0	0.265	22050.0	-41.1	
111	Waveform 1	1	186.571593867	186.944368437	0.0	22050.0	0.373	22050.0		
111	Spectrogram 1	1	186.571593867	186.944368437	0.0	22050.0	0.373	22050.0	-41.3	
112	Waveform 1	1	187.096421223	187.331857793	0.0	22050.0	0.235	22050.0		
112	Spectrogram 1	1	187.096421223	187.331857793	0.0	22050.0	0.235	22050.0	-41.3	
113	Waveform 1	1	187.341667650	187.660488007	0.0	22050.0	0.319	22050.0		
113	Spectrogram 1	1	187.341667650	187.660488007	0.0	22050.0	0.319	22050.0	-41.2	
