Selection	View	Channel	Begin Time (s)	End Time (s)	Low Freq (Hz)	High Freq (Hz)	Delta Time (s)	Delta Freq (Hz)	Avg Power Density (dB FS)	Annotation
1	Waveform 1	1	380.758977117	381.113584056	0.0	22050.0	0.355	22050.0		
1	Spectrogram 1	1	380.758977117	381.113584056	0.0	22050.0	0.355	22050.0	-37.3	
2	Waveform 1	1	381.607884639	381.951745913	0.0	22050.0	0.344	22050.0		
2	Spectrogram 1	1	381.607884639	381.951745913	0.0	22050.0	0.344	22050.0	-42.3	
3	Waveform 1	1	382.666332625	382.865127424	0.0	22050.0	0.199	22050.0		
3	Spectrogram 1	1	382.666332625	382.865127424	0.0	22050.0	0.199	22050.0	-43.5	
4	Waveform 1	1	384.342656339	384.579060966	0.0	22050.0	0.236	22050.0		
4	Spectrogram 1	1	384.342656339	384.579060966	0.0	22050.0	0.236	22050.0	-44.1	
5	Waveform 1	1	385.398706143	385.753313082	0.0	22050.0	0.355	22050.0		
5	Spectrogram 1	1	385.398706143	385.753313082	0.0	22050.0	0.355	22050.0	-43.2	
6	Waveform 1	1	385.817787072	386.059564530	0.0	22050.0	0.242	22050.0		
6	Spectrogram 1	1	385.817787072	386.059564530	0.0	22050.0	0.242	22050.0	-42.7	
7	Waveform 1	1	386.059564530	386.371188811	0.0	22050.0	0.312	22050.0		
7	Spectrogram 1	1	386.059564530	386.371188811	0.0	22050.0	0.312	22050.0	-48.0	
8	Waveform 1	1	389.244708836	389.685281095	0.0	22050.0	0.441	22050.0		
8	Spectrogram 1	1	389.244708836	389.685281095	0.0	22050.0	0.441	22050.0	-46.0	
9	Waveform 1	1	389.739009419	390.120480520	0.0	22050.0	0.381	22050.0		
9	Spectrogram 1	1	389.739009419	390.120480520	0.0	22050.0	0.381	22050.0	-49.5	
10	Waveform 1	1	390.184954509	390.587916941	0.0	22050.0	0.403	22050.0		
10	Spectrogram 1	1	390.184954509	390.587916941	0.0	22050.0	0.403	22050.0	-46.2	
11	Waveform 1	1	392.017090364	392.205139498	0.0	22050.0	0.188	22050.0		
11	Spectrogram 1	1	392.017090364	392.205139498	0.0	22050.0	0.188	22050.0	-50.6	
12	Waveform 1	1	392.210512331	392.425425628	0.0	22050.0	0.215	22050.0		
12	Spectrogram 1	1	392.210512331	392.425425628	0.0	22050.0	0.215	22050.0	-46.8	
13	Waveform 1	1	392.659432071	393.003293346	0.0	22050.0	0.344	22050.0		
13	Spectrogram 1	1	392.659432071	393.003293346	0.0	22050.0	0.344	22050.0	-47.9	
14	Waveform 1	1	393.212833810	393.438492772	0.0	22050.0	0.226	22050.0		
14	Spectrogram 1	1	393.212833810	393.438492772	0.0	22050.0	0.226	22050.0	-48.7	
15	Waveform 1	1	393.884437863	394.228299137	0.0	22050.0	0.344	22050.0		
15	Spectrogram 1	1	393.884437863	394.228299137	0.0	22050.0	0.344	22050.0	-43.7	
16	Waveform 1	1	401.886614665	402.026308307	0.0	22050.0	0.140	22050.0		
16	Spectrogram 1	1	401.886614665	402.026308307	0.0	22050.0	0.140	22050.0	-45.6	
17	Waveform 1	1	402.026308307	402.198238945	0.0	22050.0	0.172	22050.0		
17	Spectrogram 1	1	402.026308307	402.198238945	0.0	22050.0	0.172	22050.0	-48.4	
18	Waveform 1	1	402.203611777	402.359423917	0.0	22050.0	0.156	22050.0		
18	Spectrogram 1	1	402.203611777	402.359423917	0.0	22050.0	0.156	22050.0	-45.0	
19	Waveform 1	1	402.359423917	402.509863225	0.0	22050.0	0.150	22050.0		
19	Spectrogram 1	1	402.359423917	402.509863225	0.0	22050.0	0.150	22050.0	-45.0	
20	Waveform 1	1	402.751640684	403.047146467	0.0	22050.0	0.296	22050.0		
20	Spectrogram 1	1	402.751640684	403.047146467	0.0	22050.0	0.296	22050.0	-42.7	
21	Waveform 1	1	403.724123351	403.998137805	0.0	22050.0	0.274	22050.0		
21	Spectrogram 1	1	403.724123351	403.998137805	0.0	22050.0	0.274	22050.0	-48.2	
22	Waveform 1	1	404.137831448	404.331253415	0.0	22050.0	0.193	22050.0		
22	Spectrogram 1	1	404.137831448	404.331253415	0.0	22050.0	0.193	22050.0	-47.4	
23	Waveform 1	1	404.331253415	404.680487522	0.0	22050.0	0.349	22050.0		
23	Spectrogram 1	1	404.331253415	404.680487522	0.0	22050.0	0.349	22050.0	-45.1	
24	Waveform 1	1	404.761080008	404.992111802	0.0	22050.0	0.231	22050.0		
24	Spectrogram 1	1	404.761080008	404.992111802	0.0	22050.0	0.231	22050.0	-43.6	
25	Waveform 1	1	415.583556059	415.760859529	0.0	22050.0	0.177	22050.0		
25	Spectrogram 1	1	415.583556059	415.760859529	0.0	22050.0	0.177	22050.0	-42.1	
26	Waveform 1	1	416.319634100	416.496937570	0.0	22050.0	0.177	22050.0		
26	Spectrogram 1	1	416.319634100	416.496937570	0.0	22050.0	0.177	22050.0	-45.0	
27	Waveform 1	1	416.496937570	416.679613872	0.0	22050.0	0.183	22050.0		
27	Spectrogram 1	1	416.496937570	416.679613872	0.0	22050.0	0.183	22050.0	-46.5	
28	Waveform 1	1	416.679613872	416.846171677	0.0	22050.0	0.167	22050.0		
28	Spectrogram 1	1	416.679613872	416.846171677	0.0	22050.0	0.167	22050.0	-40.3	
29	Waveform 1	1	416.846171677	417.066457806	0.0	22050.0	0.220	22050.0		
29	Spectrogram 1	1	416.846171677	417.066457806	0.0	22050.0	0.220	22050.0	-40.4	
30	Waveform 1	1	417.066457806	417.292116768	0.0	22050.0	0.226	22050.0		
30	Spectrogram 1	1	417.066457806	417.292116768	0.0	22050.0	0.226	22050.0	-45.1	
31	Waveform 1	1	431.496064393	431.662622198	0.0	22050.0	0.167	22050.0		NA_return.home_04
31	Spectrogram 1	1	431.496064393	431.662622198	0.0	22050.0	0.167	22050.0	-48.3	NA_return.home_04
32	Waveform 1	1	431.662622198	431.829180003	0.0	22050.0	0.167	22050.0		NA_return.home_04
32	Spectrogram 1	1	431.662622198	431.829180003	0.0	22050.0	0.167	22050.0	-46.0	NA_return.home_04
33	Waveform 1	1	431.829180003	432.027974802	0.0	22050.0	0.199	22050.0		NA_return.home_04
33	Spectrogram 1	1	431.829180003	432.027974802	0.0	22050.0	0.199	22050.0	-44.6	NA_return.home_04
34	Waveform 1	1	432.049466132	432.506156887	0.0	22050.0	0.457	22050.0		NA_return.home_04
34	Spectrogram 1	1	432.049466132	432.506156887	0.0	22050.0	0.457	22050.0	-41.0	NA_return.home_04
35	Waveform 1	1	432.506156887	432.925237816	0.0	22050.0	0.419	22050.0		NA_return.home_04
35	Spectrogram 1	1	432.506156887	432.925237816	0.0	22050.0	0.419	22050.0	-47.5	NA_return.home_04
36	Waveform 1	1	433.032694464	433.462521058	0.0	22050.0	0.430	22050.0		NA_return.home_04
36	Spectrogram 1	1	433.032694464	433.462521058	0.0	22050.0	0.430	22050.0	-49.4	NA_return.home_04
37	Waveform 1	1	433.586096203	433.919211813	0.0	22050.0	0.333	22050.0		NA_return.home_04
37	Spectrogram 1	1	433.586096203	433.919211813	0.0	22050.0	0.333	22050.0	-47.1	NA_return.home_04
38	Waveform 1	1	442.817706740	443.037992869	0.0	22050.0	0.220	22050.0		
38	Spectrogram 1	1	442.817706740	443.037992869	0.0	22050.0	0.220	22050.0	-51.1	
39	Waveform 1	1	449.846893755	450.287466013	0.0	22050.0	0.441	22050.0		
39	Spectrogram 1	1	449.846893755	450.287466013	0.0	22050.0	0.441	22050.0	-47.8	
40	Waveform 1	1	450.475515148	450.862359082	0.0	22050.0	0.387	22050.0		
40	Spectrogram 1	1	450.475515148	450.862359082	0.0	22050.0	0.387	22050.0	-46.5	
41	Waveform 1	1	523.791921532	523.969225002	0.0	22050.0	0.177	22050.0		
41	Spectrogram 1	1	523.791921532	523.969225002	0.0	22050.0	0.177	22050.0	-49.0	
42	Waveform 1	1	523.969225002	524.168019802	0.0	22050.0	0.199	22050.0		
42	Spectrogram 1	1	523.969225002	524.168019802	0.0	22050.0	0.199	22050.0	-51.8	
43	Waveform 1	1	528.748647671	529.011916460	0.0	22050.0	0.263	22050.0		
43	Spectrogram 1	1	528.748647671	529.011916460	0.0	22050.0	0.263	22050.0	-47.5	
44	Waveform 1	1	615.422492342	615.696506795	0.0	22050.0	0.274	22050.0		NA_return.home_04
44	Spectrogram 1	1	615.422492342	615.696506795	0.0	22050.0	0.274	22050.0	-49.8	NA_return.home_04
45	Waveform 1	1	615.873810265	616.137079053	0.0	22050.0	0.263	22050.0		
45	Spectrogram 1	1	615.873810265	616.137079053	0.0	22050.0	0.263	22050.0	-47.9	
46	Waveform 1	1	624.707830774	624.992590892	0.0	22050.0	0.285	22050.0		
46	Spectrogram 1	1	624.707830774	624.992590892	0.0	22050.0	0.285	22050.0	-56.1	
47	Waveform 1	1	626.588322120	626.932183395	0.0	22050.0	0.344	22050.0		
47	Spectrogram 1	1	626.588322120	626.932183395	0.0	22050.0	0.344	22050.0	-57.6	
48	Waveform 1	1	628.732082254	628.973859713	0.0	22050.0	0.242	22050.0		
48	Spectrogram 1	1	628.732082254	628.973859713	0.0	22050.0	0.242	22050.0	-56.3	
49	Waveform 1	1	632.474794357	632.764927308	0.0	22050.0	0.290	22050.0		
49	Spectrogram 1	1	632.474794357	632.764927308	0.0	22050.0	0.290	22050.0	-54.6	
50	Waveform 1	1	635.518425520	635.813931303	0.0	22050.0	0.296	22050.0		
50	Spectrogram 1	1	635.518425520	635.813931303	0.0	22050.0	0.296	22050.0	-52.2	
51	Waveform 1	1	635.894523789	636.087945756	0.0	22050.0	0.193	22050.0		
51	Spectrogram 1	1	635.894523789	636.087945756	0.0	22050.0	0.193	22050.0	-52.1	
52	Waveform 1	1	664.438829760	664.712844213	0.0	22050.0	0.274	22050.0		
52	Spectrogram 1	1	664.438829760	664.712844213	0.0	22050.0	0.274	22050.0	-44.5	
53	Waveform 1	1	663.885428021	664.154069642	0.0	22050.0	0.269	22050.0		
53	Spectrogram 1	1	663.885428021	664.154069642	0.0	22050.0	0.269	22050.0	-43.1	
54	Waveform 1	1	664.218543631	664.379728603	0.0	22050.0	0.161	22050.0		
54	Spectrogram 1	1	664.218543631	664.379728603	0.0	22050.0	0.161	22050.0	-44.8	
55	Waveform 1	1	664.755826872	664.954621672	0.0	22050.0	0.199	22050.0		
55	Spectrogram 1	1	664.755826872	664.954621672	0.0	22050.0	0.199	22050.0	-44.8	
56	Waveform 1	1	738.553023043	738.864647323	0.0	22050.0	0.312	22050.0		
56	Spectrogram 1	1	738.553023043	738.864647323	0.0	22050.0	0.312	22050.0	-44.6	
57	Waveform 1	1	741.551676227	741.911655999	0.0	22050.0	0.360	22050.0		
57	Spectrogram 1	1	741.551676227	741.911655999	0.0	22050.0	0.360	22050.0	-42.8	
58	Waveform 1	1	742.029858312	742.379092419	0.0	22050.0	0.349	22050.0		
58	Spectrogram 1	1	742.029858312	742.379092419	0.0	22050.0	0.349	22050.0	-44.4	
59	Waveform 1	1	743.691289348	744.051269120	0.0	22050.0	0.360	22050.0		
59	Spectrogram 1	1	743.691289348	744.051269120	0.0	22050.0	0.360	22050.0	-44.2	
60	Waveform 1	1	747.854464972	748.123106593	0.0	22050.0	0.269	22050.0		
60	Spectrogram 1	1	747.854464972	748.123106593	0.0	22050.0	0.269	22050.0	-39.5	
61	Waveform 1	1	748.133852258	748.381002549	0.0	22050.0	0.247	22050.0		
61	Spectrogram 1	1	748.133852258	748.381002549	0.0	22050.0	0.247	22050.0	-39.3	
62	Waveform 1	1	749.401840709	749.767193313	0.0	22050.0	0.365	22050.0		
62	Spectrogram 1	1	749.401840709	749.767193313	0.0	22050.0	0.365	22050.0	-38.0	
63	Waveform 1	1	749.853158632	750.084190426	0.0	22050.0	0.231	22050.0		
63	Spectrogram 1	1	749.853158632	750.084190426	0.0	22050.0	0.231	22050.0	-39.9	
64	Waveform 1	1	750.659083494	750.927725115	0.0	22050.0	0.269	22050.0		
64	Spectrogram 1	1	750.659083494	750.927725115	0.0	22050.0	0.269	22050.0	-41.9	
65	Waveform 1	1	751.877946954	752.146588575	0.0	22050.0	0.269	22050.0		
65	Spectrogram 1	1	751.877946954	752.146588575	0.0	22050.0	0.269	22050.0	-42.6	
66	Waveform 1	1	752.146588575	752.425975860	0.0	22050.0	0.279	22050.0		
66	Spectrogram 1	1	752.146588575	752.425975860	0.0	22050.0	0.279	22050.0	-42.6	
67	Waveform 1	1	753.851002270	754.173372215	0.0	22050.0	0.322	22050.0		
67	Spectrogram 1	1	753.851002270	754.173372215	0.0	22050.0	0.322	22050.0	-38.7	
68	Waveform 1	1	754.200236377	754.431268171	0.0	22050.0	0.231	22050.0		
68	Spectrogram 1	1	754.200236377	754.431268171	0.0	22050.0	0.231	22050.0	-41.6	
69	Waveform 1	1	754.431268171	754.721401122	0.0	22050.0	0.290	22050.0		
69	Spectrogram 1	1	754.431268171	754.721401122	0.0	22050.0	0.290	22050.0	-40.7	
70	Waveform 1	1	756.999482067	757.300360682	0.0	22050.0	0.301	22050.0		
70	Spectrogram 1	1	756.999482067	757.300360682	0.0	22050.0	0.301	22050.0	-39.5	
71	Waveform 1	1	757.332597677	757.606612130	0.0	22050.0	0.274	22050.0		
71	Spectrogram 1	1	757.332597677	757.606612130	0.0	22050.0	0.274	22050.0	-39.2	
72	Waveform 1	1	759.807321727	760.070590515	0.0	22050.0	0.263	22050.0		
72	Spectrogram 1	1	759.807321727	760.070590515	0.0	22050.0	0.263	22050.0	-43.7	
73	Waveform 1	1	761.118292837	761.365443128	0.0	22050.0	0.247	22050.0		
73	Spectrogram 1	1	761.118292837	761.365443128	0.0	22050.0	0.247	22050.0	-42.4	
74	Waveform 1	1	764.067208334	764.314358625	0.0	22050.0	0.247	22050.0		
74	Spectrogram 1	1	764.067208334	764.314358625	0.0	22050.0	0.247	22050.0	-44.0	
75	Waveform 1	1	765.093419326	765.512500255	0.0	22050.0	0.419	22050.0		
75	Spectrogram 1	1	765.093419326	765.512500255	0.0	22050.0	0.419	22050.0	-39.0	
76	Waveform 1	1	795.781485860	796.109228637	0.0	22050.0	0.328	22050.0		
76	Spectrogram 1	1	795.781485860	796.109228637	0.0	22050.0	0.328	22050.0	-47.1	
77	Waveform 1	1	796.974254657	797.296624602	0.0	22050.0	0.322	22050.0		
77	Spectrogram 1	1	796.974254657	797.296624602	0.0	22050.0	0.322	22050.0	-44.9	
78	Waveform 1	1	800.353609443	800.686725053	0.0	22050.0	0.333	22050.0		
78	Spectrogram 1	1	800.353609443	800.686725053	0.0	22050.0	0.333	22050.0	-46.2	
79	Waveform 1	1	802.889586344	803.142109468	0.0	22050.0	0.253	22050.0		
79	Spectrogram 1	1	802.889586344	803.142109468	0.0	22050.0	0.253	22050.0	-43.1	
80	Waveform 1	1	805.654443345	805.885475139	0.0	22050.0	0.231	22050.0		
80	Spectrogram 1	1	805.654443345	805.885475139	0.0	22050.0	0.231	22050.0	-44.3	
81	Waveform 1	1	807.948642787	808.217284408	0.0	22050.0	0.269	22050.0		
81	Spectrogram 1	1	807.948642787	808.217284408	0.0	22050.0	0.269	22050.0	-45.0	
82	Waveform 1	1	809.780009142	810.037905098	0.0	22050.0	0.258	22050.0		
82	Spectrogram 1	1	809.780009142	810.037905098	0.0	22050.0	0.258	22050.0	-39.0	
