Selection	View	Channel	Begin Time (s)	End Time (s)	Low Freq (Hz)	High Freq (Hz)	Annotation
1	Waveform 1	1	6.517455502	6.886446303	0.000	22050.000	SAT,NA_U.nest.FP20_NA
1	Spectrogram 1	1	6.517455502	6.886446303	0.000	22050.000	SAT,NA_U.nest.FP20_NA
2	Waveform 1	1	7.052284865	7.396399882	0.000	22050.000	SAT,NA_U.nest.FP20_NA
2	Spectrogram 1	1	7.052284865	7.396399882	0.000	22050.000	SAT,NA_U.nest.FP20_NA
3	Waveform 1	1	7.450297415	7.719785079	0.000	22050.000	SAT,NA_U.nest.FP20_NA
3	Spectrogram 1	1	7.450297415	7.719785079	0.000	22050.000	SAT,NA_U.nest.FP20_NA
4	Waveform 1	1	7.781974540	8.155111305	0.000	22050.000	SAT,NA_U.nest.FP20_NA
4	Spectrogram 1	1	7.781974540	8.155111305	0.000	22050.000	SAT,NA_U.nest.FP20_NA
5	Waveform 1	1	10.232239299	10.854133908	0.000	22050.000	SAT,NA_U.nest.FP20_NA
5	Spectrogram 1	1	10.232239299	10.854133908	0.000	22050.000	SAT,NA_U.nest.FP20_NA
6	Waveform 1	1	16.438747496	16.704089196	0.000	22050.000	SAT,NA_U.nest.FP20_NA
6	Spectrogram 1	1	16.438747496	16.704089196	0.000	22050.000	SAT,NA_U.nest.FP20_NA
7	Waveform 1	1	17.309399949	17.649369002	0.000	22050.000	SAT,NA_U.nest.FP20_NA
7	Spectrogram 1	1	17.309399949	17.649369002	0.000	22050.000	SAT,NA_U.nest.FP20_NA
8	Waveform 1	1	18.175906437	18.312723251	0.000	22050.000	SAT,NA_U.nest.FP20_NA
8	Spectrogram 1	1	18.175906437	18.312723251	0.000	22050.000	SAT,NA_U.nest.FP20_NA
9	Waveform 1	1	18.350036928	18.656838268	0.000	22050.000	SAT,NA_U.nest.FP20_NA
9	Spectrogram 1	1	18.350036928	18.656838268	0.000	22050.000	SAT,NA_U.nest.FP20_NA
10	Waveform 1	1	23.101311740	23.325193799	0.000	22050.000	SAT,NA_U.nest.FP20_NA
10	Spectrogram 1	1	23.101311740	23.325193799	0.000	22050.000	SAT,NA_U.nest.FP20_NA
11	Waveform 1	1	23.337631691	23.582243571	0.000	22050.000	SAT,NA_U.nest.FP20_NA
11	Spectrogram 1	1	23.337631691	23.582243571	0.000	22050.000	SAT,NA_U.nest.FP20_NA
12	Waveform 1	1	34.971206843	35.257278363	0.000	22050.000	SAT,NA_U.nest.FP20_NA
12	Spectrogram 1	1	34.971206843	35.257278363	0.000	22050.000	SAT,NA_U.nest.FP20_NA
13	Waveform 1	1	35.340197644	35.568225667	0.000	22050.000	SAT,NA_U.nest.FP20_NA
13	Spectrogram 1	1	35.340197644	35.568225667	0.000	22050.000	SAT,NA_U.nest.FP20_NA
14	Waveform 1	1	35.605539344	35.808691583	0.000	22050.000	SAT,NA_U.nest.FP20_NA
14	Spectrogram 1	1	35.605539344	35.808691583	0.000	22050.000	SAT,NA_U.nest.FP20_NA
15	Waveform 1	1	36.944685735	37.081502549	0.000	22050.000	SAT,NA_U.nest.FP20_NA
15	Spectrogram 1	1	36.944685735	37.081502549	0.000	22050.000	SAT,NA_U.nest.FP20_NA
16	Waveform 1	1	37.102232369	37.425617566	0.000	22050.000	SAT,NA_U.nest.FP20_NA
16	Spectrogram 1	1	37.102232369	37.425617566	0.000	22050.000	SAT,NA_U.nest.FP20_NA
17	Waveform 1	1	50.385901216	50.671972736	0.000	22050.000	
17	Spectrogram 1	1	50.385901216	50.671972736	0.000	22050.000	
18	Waveform 1	1	50.953898292	51.252407705	0.000	22050.000	
18	Spectrogram 1	1	50.953898292	51.252407705	0.000	22050.000	
19	Waveform 1	1	57.015297747	57.276493483	0.000	22050.000	
19	Spectrogram 1	1	57.015297747	57.276493483	0.000	22050.000	
20	Waveform 1	1	57.284785411	57.525251327	0.000	22050.000	
20	Spectrogram 1	1	57.284785411	57.525251327	0.000	22050.000	
21	Waveform 1	1	57.703527781	57.989599301	0.000	22050.000	
21	Spectrogram 1	1	57.703527781	57.989599301	0.000	22050.000	
22	Waveform 1	1	58.383465887	58.661245479	0.000	22050.000	
22	Spectrogram 1	1	58.383465887	58.661245479	0.000	22050.000	
23	Waveform 1	1	59.353621477	59.589941428	0.000	22050.000	
23	Spectrogram 1	1	59.353621477	59.589941428	0.000	22050.000	
24	Waveform 1	1	70.539432510	70.784044389	0.000	22050.000	
24	Spectrogram 1	1	70.539432510	70.784044389	0.000	22050.000	
25	Waveform 1	1	70.825504030	71.053532053	0.000	22050.000	
25	Spectrogram 1	1	70.825504030	71.053532053	0.000	22050.000	
26	Waveform 1	1	71.074261873	71.422522854	0.000	22050.000	
26	Spectrogram 1	1	71.074261873	71.422522854	0.000	22050.000	
29	Waveform 1	1	93.486305266	93.873281653	0.000	22050.000	SAT.NA_nest.FP20_NA
29	Spectrogram 1	1	93.486305266	93.873281653	0.000	22050.000	SAT.NA_nest.FP20_NA
30	Waveform 1	1	97.608190123	97.895490775	0.000	22050.000	SAT.NA_nest.FP20_NA
30	Spectrogram 1	1	97.608190123	97.895490775	0.000	22050.000	SAT.NA_nest.FP20_NA
31	Waveform 1	1	108.824642089	109.035720119	0.000	22050.000	
31	Spectrogram 1	1	108.824642089	109.035720119	0.000	22050.000	
32	Waveform 1	1	127.646826527	127.812665090	0.000	22050.000	
32	Spectrogram 1	1	127.646826527	127.812665090	0.000	22050.000	
33	Waveform 1	1	128.925856440	129.054381326	0.000	22050.000	
33	Spectrogram 1	1	128.925856440	129.054381326	0.000	22050.000	
34	Waveform 1	1	129.081330092	129.307285133	0.000	22050.000	
34	Spectrogram 1	1	129.081330092	129.307285133	0.000	22050.000	
35	Waveform 1	1	129.728100485	129.999661131	0.000	22050.000	
35	Spectrogram 1	1	129.728100485	129.999661131	0.000	22050.000	
36	Waveform 1	1	130.582169081	130.793613249	0.000	22050.000	
36	Spectrogram 1	1	130.582169081	130.793613249	0.000	22050.000	
37	Waveform 1	1	130.832999907	131.143947212	0.000	22050.000	
37	Spectrogram 1	1	130.832999907	131.143947212	0.000	22050.000	
38	Waveform 1	1	131.158458086	131.419653822	0.000	22050.000	
38	Spectrogram 1	1	131.158458086	131.419653822	0.000	22050.000	
39	Waveform 1	1	132.798186871	133.065601553	0.000	22050.000	
39	Spectrogram 1	1	132.798186871	133.065601553	0.000	22050.000	
40	Waveform 1	1	133.206564331	133.384840786	0.000	22050.000	
40	Spectrogram 1	1	133.206564331	133.384840786	0.000	22050.000	
41	Waveform 1	1	133.420081480	133.652255468	0.000	22050.000	
41	Spectrogram 1	1	133.420081480	133.652255468	0.000	22050.000	
42	Waveform 1	1	133.803583156	134.077216784	0.000	22050.000	
42	Spectrogram 1	1	133.803583156	134.077216784	0.000	22050.000	
43	Waveform 1	1	134.176719921	134.446207585	0.000	22050.000	
43	Spectrogram 1	1	134.176719921	134.446207585	0.000	22050.000	
44	Waveform 1	1	134.498032136	134.730206123	0.000	22050.000	
44	Spectrogram 1	1	134.498032136	134.730206123	0.000	22050.000	
45	Waveform 1	1	134.773738746	135.003839751	0.000	22050.000	
45	Spectrogram 1	1	134.773738746	135.003839751	0.000	22050.000	
46	Waveform 1	1	135.051518338	135.405998265	0.000	22050.000	
46	Spectrogram 1	1	135.051518338	135.405998265	0.000	22050.000	
47	Waveform 1	1	139.073103476	139.267963786	0.000	22050.000	
47	Spectrogram 1	1	139.073103476	139.267963786	0.000	22050.000	
48	Waveform 1	1	139.377831834	139.649392480	0.000	22050.000	
48	Spectrogram 1	1	139.377831834	139.649392480	0.000	22050.000	
49	Waveform 1	1	139.697071066	139.881566467	0.000	22050.000	
49	Spectrogram 1	1	139.697071066	139.881566467	0.000	22050.000	
50	Waveform 1	1	139.978996623	140.138616239	0.000	22050.000	
50	Spectrogram 1	1	139.978996623	140.138616239	0.000	22050.000	
51	Waveform 1	1	140.151054131	140.314819711	0.000	22050.000	
51	Spectrogram 1	1	140.151054131	140.314819711	0.000	22050.000	
52	Waveform 1	1	140.571869483	140.775021722	0.000	22050.000	
52	Spectrogram 1	1	140.571869483	140.775021722	0.000	22050.000	
53	Waveform 1	1	141.241442679	141.407281241	0.000	22050.000	
53	Spectrogram 1	1	141.241442679	141.407281241	0.000	22050.000	
54	Waveform 1	1	143.735240061	143.838889162	0.000	22050.000	
54	Spectrogram 1	1	143.735240061	143.838889162	0.000	22050.000	
55	Waveform 1	1	144.042041401	144.185077161	0.000	22050.000	
55	Spectrogram 1	1	144.042041401	144.185077161	0.000	22050.000	
56	Waveform 1	1	144.220317855	144.379937472	0.000	22050.000	
56	Spectrogram 1	1	144.220317855	144.379937472	0.000	22050.000	
57	Waveform 1	1	145.632005692	145.816501093	0.000	22050.000	
57	Spectrogram 1	1	145.632005692	145.816501093	0.000	22050.000	
58	Waveform 1	1	146.316089762	146.471563414	0.000	22050.000	
58	Spectrogram 1	1	146.316089762	146.471563414	0.000	22050.000	
59	Waveform 1	1	146.542044803	146.676788635	0.000	22050.000	
59	Spectrogram 1	1	146.542044803	146.676788635	0.000	22050.000	
60	Waveform 1	1	146.761780899	146.900670694	0.000	22050.000	
60	Spectrogram 1	1	146.761780899	146.900670694	0.000	22050.000	
61	Waveform 1	1	147.213690981	147.340142885	0.000	22050.000	
61	Spectrogram 1	1	147.213690981	147.340142885	0.000	22050.000	
62	Waveform 1	1	147.420989184	147.561951962	0.000	22050.000	
62	Spectrogram 1	1	147.420989184	147.561951962	0.000	22050.000	
63	Waveform 1	1	147.628287387	147.792052967	0.000	22050.000	
63	Spectrogram 1	1	147.628287387	147.792052967	0.000	22050.000	
64	Waveform 1	1	148.187992535	148.318590403	0.000	22050.000	
64	Spectrogram 1	1	148.187992535	148.318590403	0.000	22050.000	
65	Waveform 1	1	148.357977061	148.507231768	0.000	22050.000	
65	Spectrogram 1	1	148.357977061	148.507231768	0.000	22050.000	
66	Waveform 1	1	148.731113827	148.988163598	0.000	22050.000	
66	Spectrogram 1	1	148.731113827	148.988163598	0.000	22050.000	
67	Waveform 1	1	149.106323574	149.353008436	0.000	22050.000	
67	Spectrogram 1	1	149.106323574	149.353008436	0.000	22050.000	
68	Waveform 1	1	149.398614040	149.618350136	0.000	22050.000	
68	Spectrogram 1	1	149.398614040	149.618350136	0.000	22050.000	
69	Waveform 1	1	149.740656075	149.910640602	0.000	22050.000	
69	Spectrogram 1	1	149.740656075	149.910640602	0.000	22050.000	
70	Waveform 1	1	149.966611117	150.132449679	0.000	22050.000	
70	Spectrogram 1	1	149.966611117	150.132449679	0.000	22050.000	
71	Waveform 1	1	150.194639140	150.430959091	0.000	22050.000	
71	Spectrogram 1	1	150.194639140	150.430959091	0.000	22050.000	
72	Waveform 1	1	154.997738503	155.205036706	0.000	22050.000	
72	Spectrogram 1	1	154.997738503	155.205036706	0.000	22050.000	
73	Waveform 1	1	155.364656322	155.623779076	0.000	22050.000	
73	Spectrogram 1	1	155.364656322	155.623779076	0.000	22050.000	
74	Waveform 1	1	155.913996560	156.069470212	0.000	22050.000	
74	Spectrogram 1	1	155.913996560	156.069470212	0.000	22050.000	
75	Waveform 1	1	156.110929853	156.235308775	0.000	22050.000	
75	Spectrogram 1	1	156.110929853	156.235308775	0.000	22050.000	
76	Waveform 1	1	156.256038595	156.365906643	0.000	22050.000	
76	Spectrogram 1	1	156.256038595	156.365906643	0.000	22050.000	
77	Waveform 1	1	156.444679960	156.573204846	0.000	22050.000	
77	Spectrogram 1	1	156.444679960	156.573204846	0.000	22050.000	
78	Waveform 1	1	157.049990712	157.238632077	0.000	22050.000	
78	Spectrogram 1	1	157.049990712	157.238632077	0.000	22050.000	
79	Waveform 1	1	157.340208197	157.468733082	0.000	22050.000	
79	Spectrogram 1	1	157.340208197	157.468733082	0.000	22050.000	
80	Waveform 1	1	159.183089221	159.351000765	0.000	22050.000	
80	Spectrogram 1	1	159.183089221	159.351000765	0.000	22050.000	
81	Waveform 1	1	164.234946428	164.429806738	0.000	22050.000	
81	Spectrogram 1	1	164.234946428	164.429806738	0.000	22050.000	
82	Waveform 1	1	164.512726020	164.664053708	0.000	22050.000	
82	Spectrogram 1	1	164.512726020	164.664053708	0.000	22050.000	
83	Waveform 1	1	164.836111216	164.991584868	0.000	22050.000	
83	Spectrogram 1	1	164.836111216	164.991584868	0.000	22050.000	
84	Waveform 1	1	165.018533635	165.149131503	0.000	22050.000	
84	Spectrogram 1	1	165.018533635	165.149131503	0.000	22050.000	
85	Waveform 1	1	165.182299215	165.323261993	0.000	22050.000	
85	Spectrogram 1	1	165.182299215	165.323261993	0.000	22050.000	
86	Waveform 1	1	168.443099948	168.729171468	0.000	22050.000	
86	Spectrogram 1	1	168.443099948	168.729171468	0.000	22050.000	
87	Waveform 1	1	168.892937049	169.091943323	0.000	22050.000	
87	Spectrogram 1	1	168.892937049	169.091943323	0.000	22050.000	
88	Waveform 1	1	169.127184018	169.402890628	0.000	22050.000	
88	Spectrogram 1	1	169.127184018	169.402890628	0.000	22050.000	
89	Waveform 1	1	170.126361356	170.242448350	0.000	22050.000	
89	Spectrogram 1	1	170.126361356	170.242448350	0.000	22050.000	
90	Waveform 1	1	170.265251152	170.439381643	0.000	22050.000	
90	Spectrogram 1	1	170.265251152	170.439381643	0.000	22050.000	
91	Waveform 1	1	182.531085823	182.767405774	0.000	22050.000	
91	Spectrogram 1	1	182.531085823	182.767405774	0.000	22050.000	
92	Waveform 1	1	183.215169892	183.345767760	0.000	22050.000	
92	Spectrogram 1	1	183.215169892	183.345767760	0.000	22050.000	
93	Waveform 1	1	183.374789509	183.548919999	0.000	22050.000	
93	Spectrogram 1	1	183.374789509	183.548919999	0.000	22050.000	
94	Waveform 1	1	184.293120548	184.517002607	0.000	22050.000	
94	Spectrogram 1	1	184.293120548	184.517002607	0.000	22050.000	
95	Waveform 1	1	184.805147109	185.174137911	0.000	22050.000	
95	Spectrogram 1	1	184.805147109	185.174137911	0.000	22050.000	
96	Waveform 1	1	185.190721767	185.464355395	0.000	22050.000	
96	Spectrogram 1	1	185.190721767	185.464355395	0.000	22050.000	
97	Waveform 1	1	185.557639586	185.764937789	0.000	22050.000	
97	Spectrogram 1	1	185.557639586	185.764937789	0.000	22050.000	
98	Waveform 1	1	188.710645253	188.942819241	0.000	22050.000	
98	Spectrogram 1	1	188.710645253	188.942819241	0.000	22050.000	
99	Waveform 1	1	189.224744797	189.359488629	0.000	22050.000	
99	Spectrogram 1	1	189.224744797	189.359488629	0.000	22050.000	
100	Waveform 1	1	191.150545102	191.405521892	0.000	22050.000	
100	Spectrogram 1	1	191.150545102	191.405521892	0.000	22050.000	
101	Waveform 1	1	191.975591950	192.155941387	0.000	22050.000	
101	Spectrogram 1	1	191.975591950	192.155941387	0.000	22050.000	
102	Waveform 1	1	193.267059755	193.455701120	0.000	22050.000	
102	Spectrogram 1	1	193.267059755	193.455701120	0.000	22050.000	
103	Waveform 1	1	193.528255491	193.797743154	0.000	22050.000	
103	Spectrogram 1	1	193.528255491	193.797743154	0.000	22050.000	
104	Waveform 1	1	193.911757166	194.083814675	0.000	22050.000	
104	Spectrogram 1	1	193.911757166	194.083814675	0.000	22050.000	
105	Waveform 1	1	194.127347297	194.407199871	0.000	22050.000	
105	Spectrogram 1	1	194.127347297	194.407199871	0.000	22050.000	
106	Waveform 1	1	194.488046170	194.666322625	0.000	22050.000	
106	Spectrogram 1	1	194.488046170	194.666322625	0.000	22050.000	
107	Waveform 1	1	194.736804014	194.966905019	0.000	22050.000	
107	Spectrogram 1	1	194.736804014	194.966905019	0.000	22050.000	
108	Waveform 1	1	195.074700085	195.250903557	0.000	22050.000	
108	Spectrogram 1	1	195.074700085	195.250903557	0.000	22050.000	
109	Waveform 1	1	195.271633378	195.507953329	0.000	22050.000	
109	Spectrogram 1	1	195.271633378	195.507953329	0.000	22050.000	
110	Waveform 1	1	195.592945592	195.847922382	0.000	22050.000	
110	Spectrogram 1	1	195.592945592	195.847922382	0.000	22050.000	
111	Waveform 1	1	195.918403771	196.092534261	0.000	22050.000	
111	Spectrogram 1	1	195.918403771	196.092534261	0.000	22050.000	
112	Waveform 1	1	196.144358812	196.415919458	0.000	22050.000	
112	Spectrogram 1	1	196.144358812	196.415919458	0.000	22050.000	
113	Waveform 1	1	196.498838739	196.658458356	0.000	22050.000	
113	Spectrogram 1	1	196.498838739	196.658458356	0.000	22050.000	
114	Waveform 1	1	196.716501852	197.008792319	0.000	22050.000	
114	Spectrogram 1	1	196.716501852	197.008792319	0.000	22050.000	
115	Waveform 1	1	197.102076510	197.394366976	0.000	22050.000	
115	Spectrogram 1	1	197.102076510	197.394366976	0.000	22050.000	
116	Waveform 1	1	200.070586777	200.396044955	0.000	22050.000	
116	Spectrogram 1	1	200.070586777	200.396044955	0.000	22050.000	
117	Waveform 1	1	200.445796524	200.680043493	0.000	22050.000	
117	Spectrogram 1	1	200.445796524	200.680043493	0.000	22050.000	
118	Waveform 1	1	205.603375814	205.879082424	0.000	22050.000	
118	Spectrogram 1	1	205.603375814	205.879082424	0.000	22050.000	
119	Waveform 1	1	205.920542065	206.125767286	0.000	22050.000	
119	Spectrogram 1	1	205.920542065	206.125767286	0.000	22050.000	
120	Waveform 1	1	209.218656474	209.479852210	0.000	22050.000	
120	Spectrogram 1	1	209.218656474	209.479852210	0.000	22050.000	
121	Waveform 1	1	211.121653977	211.633680539	0.000	22050.000	
121	Spectrogram 1	1	211.121653977	211.633680539	0.000	22050.000	
122	Waveform 1	1	211.666848251	211.840978742	0.000	22050.000	
122	Spectrogram 1	1	211.666848251	211.840978742	0.000	22050.000	
123	Waveform 1	1	224.834430105	225.126720571	0.000	22050.000	
123	Spectrogram 1	1	224.834430105	225.126720571	0.000	22050.000	
124	Waveform 1	1	225.149523373	225.416938055	0.000	22050.000	
124	Spectrogram 1	1	225.149523373	225.416938055	0.000	22050.000	
125	Waveform 1	1	225.601433456	225.775563946	0.000	22050.000	
125	Spectrogram 1	1	225.601433456	225.775563946	0.000	22050.000	
126	Waveform 1	1	225.821169551	225.997373023	0.000	22050.000	
126	Spectrogram 1	1	225.821169551	225.997373023	0.000	22050.000	
127	Waveform 1	1	227.881713688	228.180223101	0.000	22050.000	
127	Spectrogram 1	1	227.881713688	228.180223101	0.000	22050.000	
128	Waveform 1	1	228.511900225	228.972102236	0.000	22050.000	
128	Spectrogram 1	1	228.511900225	228.972102236	0.000	22050.000	
129	Waveform 1	1	230.481233154	230.910340434	0.000	22050.000	
129	Spectrogram 1	1	230.481233154	230.910340434	0.000	22050.000	
130	Waveform 1	1	230.941435164	231.337374732	0.000	22050.000	
130	Spectrogram 1	1	230.941435164	231.337374732	0.000	22050.000	
131	Waveform 1	1	232.021458802	232.351062945	0.000	22050.000	
131	Spectrogram 1	1	232.021458802	232.351062945	0.000	22050.000	
132	Waveform 1	1	232.805046009	233.120139278	0.000	22050.000	
132	Spectrogram 1	1	232.805046009	233.120139278	0.000	22050.000	
133	Waveform 1	1	233.248664163	233.719231084	0.000	22050.000	
133	Spectrogram 1	1	233.248664163	233.719231084	0.000	22050.000	
134	Waveform 1	1	234.208454843	234.471723561	0.000	22050.000	
134	Spectrogram 1	1	234.208454843	234.471723561	0.000	22050.000	
135	Waveform 1	1	234.676948782	234.998260997	0.000	22050.000	
135	Spectrogram 1	1	234.676948782	234.998260997	0.000	22050.000	
136	Waveform 1	1	235.060450457	235.317500229	0.000	22050.000	
136	Spectrogram 1	1	235.060450457	235.317500229	0.000	22050.000	
137	Waveform 1	1	235.340303031	235.555893163	0.000	22050.000	
137	Spectrogram 1	1	235.340303031	235.555893163	0.000	22050.000	
138	Waveform 1	1	235.566258073	235.727950671	0.000	22050.000	
138	Spectrogram 1	1	235.566258073	235.727950671	0.000	22050.000	
139	Waveform 1	1	237.579123624	237.836173395	0.000	22050.000	
139	Spectrogram 1	1	237.579123624	237.836173395	0.000	22050.000	
140	Waveform 1	1	242.411244735	242.562572423	0.000	22050.000	
140	Spectrogram 1	1	242.411244735	242.562572423	0.000	22050.000	
141	Waveform 1	1	248.910043399	249.328785769	0.000	22050.000	
141	Spectrogram 1	1	248.910043399	249.328785769	0.000	22050.000	
142	Waveform 1	1	254.775985454	255.179763817	0.000	22050.000	SAT.NA_flight_NA
142	Spectrogram 1	1	254.775985454	255.179763817	0.000	22050.000	SAT.NA_flight_NA
143	Waveform 1	1	255.465363147	255.796920990	0.000	22050.000	SAT.NA_flight_NA
143	Spectrogram 1	1	255.465363147	255.796920990	0.000	22050.000	SAT.NA_flight_NA
144	Waveform 1	1	255.793638240	256.046410060	0.000	22050.000	SAT.NA_flight_NA
144	Spectrogram 1	1	255.793638240	256.046410060	0.000	22050.000	SAT.NA_flight_NA
145	Waveform 1	1	256.066106566	256.427209167	0.000	22050.000	SAT.NA_flight_NA
145	Spectrogram 1	1	256.066106566	256.427209167	0.000	22050.000	SAT.NA_flight_NA
146	Waveform 1	1	256.509277940	256.959014817	0.000	22050.000	SAT.NA_flight_NA
146	Spectrogram 1	1	256.509277940	256.959014817	0.000	22050.000	SAT.NA_flight_NA
147	Waveform 1	1	257.605716748	258.114543141	0.000	22050.000	SAT.NA_flight_NA
147	Spectrogram 1	1	257.605716748	258.114543141	0.000	22050.000	SAT.NA_flight_NA
148	Waveform 1	1	263.571375477	264.086924728	0.000	22050.000	
148	Spectrogram 1	1	263.571375477	264.086924728	0.000	22050.000	
149	Waveform 1	1	264.316057728	264.727781088	0.000	22050.000	
149	Spectrogram 1	1	264.316057728	264.727781088	0.000	22050.000	
150	Waveform 1	1	264.763583119	265.103702416	0.000	22050.000	
150	Spectrogram 1	1	264.763583119	265.103702416	0.000	22050.000	
151	Waveform 1	1	271.326095453	271.687695969	0.000	22050.000	
151	Spectrogram 1	1	271.326095453	271.687695969	0.000	22050.000	
152	Waveform 1	1	272.539784314	272.922866049	0.000	22050.000	
152	Spectrogram 1	1	272.539784314	272.922866049	0.000	22050.000	
153	Waveform 1	1	273.610265049	273.953964550	0.000	22050.000	
153	Spectrogram 1	1	273.610265049	273.953964550	0.000	22050.000	
154	Waveform 1	1	273.968285362	274.337046284	0.000	22050.000	
154	Spectrogram 1	1	273.968285362	274.337046284	0.000	22050.000	
155	Waveform 1	1	274.662844769	275.060247316	0.000	22050.000	
155	Spectrogram 1	1	274.662844769	275.060247316	0.000	22050.000	
156	Waveform 1	1	275.085308738	275.307281332	0.000	22050.000	
156	Spectrogram 1	1	275.085308738	275.307281332	0.000	22050.000	
157	Waveform 1	1	275.615178801	276.180850895	0.000	22050.000	
157	Spectrogram 1	1	275.615178801	276.180850895	0.000	22050.000	
158	Waveform 1	1	277.824164131	278.114160585	0.000	22050.000	
158	Spectrogram 1	1	277.824164131	278.114160585	0.000	22050.000	
159	Waveform 1	1	278.583167195	279.023532179	0.000	22050.000	
159	Spectrogram 1	1	278.583167195	279.023532179	0.000	22050.000	
160	Waveform 1	1	279.048593601	279.499699196	0.000	22050.000	
160	Spectrogram 1	1	279.048593601	279.499699196	0.000	22050.000	
161	Waveform 1	1	280.255122056	280.652524603	0.000	22050.000	
161	Spectrogram 1	1	280.255122056	280.652524603	0.000	22050.000	
162	Waveform 1	1	281.905595698	282.163370323	0.000	22050.000	
162	Spectrogram 1	1	281.905595698	282.163370323	0.000	22050.000	
163	Waveform 1	1	282.775585058	283.190888621	0.000	22050.000	
163	Spectrogram 1	1	282.775585058	283.190888621	0.000	22050.000	
164	Waveform 1	1	283.201629230	283.473724668	0.000	22050.000	
164	Spectrogram 1	1	283.201629230	283.473724668	0.000	22050.000	
165	Waveform 1	1	285.199382576	285.564563295	0.000	22050.000	
165	Spectrogram 1	1	285.199382576	285.564563295	0.000	22050.000	
166	Waveform 1	1	285.657648576	285.979866858	0.000	22050.000	
166	Spectrogram 1	1	285.657648576	285.979866858	0.000	22050.000	
167	Waveform 1	1	286.072952139	286.305665343	0.000	22050.000	
167	Spectrogram 1	1	286.072952139	286.305665343	0.000	22050.000	
168	Waveform 1	1	287.791449641	288.085026298	0.000	22050.000	
168	Spectrogram 1	1	287.791449641	288.085026298	0.000	22050.000	
169	Waveform 1	1	288.120828329	288.396503970	0.000	22050.000	
169	Spectrogram 1	1	288.120828329	288.396503970	0.000	22050.000	
170	Waveform 1	1	288.435886204	288.682920220	0.000	22050.000	
170	Spectrogram 1	1	288.435886204	288.682920220	0.000	22050.000	
171	Waveform 1	1	289.076742564	289.330936986	0.000	22050.000	
171	Spectrogram 1	1	289.076742564	289.330936986	0.000	22050.000	
172	Waveform 1	1	289.359578611	289.638834455	0.000	22050.000	
172	Spectrogram 1	1	289.359578611	289.638834455	0.000	22050.000	
173	Waveform 1	1	289.957472534	290.183025331	0.000	22050.000	
173	Spectrogram 1	1	289.957472534	290.183025331	0.000	22050.000	
174	Waveform 1	1	290.601909097	290.895485753	0.000	22050.000	
174	Spectrogram 1	1	290.601909097	290.895485753	0.000	22050.000	
175	Waveform 1	1	291.801277145	292.033990348	0.000	22050.000	
175	Spectrogram 1	1	291.801277145	292.033990348	0.000	22050.000	
176	Waveform 1	1	292.041150754	292.170038067	0.000	22050.000	
176	Spectrogram 1	1	292.041150754	292.170038067	0.000	22050.000	
177	Waveform 1	1	292.184358880	292.481515739	0.000	22050.000	
177	Spectrogram 1	1	292.184358880	292.481515739	0.000	22050.000	
178	Waveform 1	1	292.538798989	292.818054833	0.000	22050.000	
178	Spectrogram 1	1	292.538798989	292.818054833	0.000	22050.000	
179	Waveform 1	1	292.846696458	293.122372099	0.000	22050.000	
179	Spectrogram 1	1	292.846696458	293.122372099	0.000	22050.000	
180	Waveform 1	1	323.074351472	323.378668738	0.000	22050.000	
180	Spectrogram 1	1	323.074351472	323.378668738	0.000	22050.000	
181	Waveform 1	1	324.692603286	324.996920552	0.000	22050.000	
181	Spectrogram 1	1	324.692603286	324.996920552	0.000	22050.000	
182	Waveform 1	1	328.401693727	328.713171399	0.000	22050.000	
182	Spectrogram 1	1	328.401693727	328.713171399	0.000	22050.000	
183	Waveform 1	1	328.770454649	329.099833337	0.000	22050.000	
183	Spectrogram 1	1	328.770454649	329.099833337	0.000	22050.000	
184	Waveform 1	1	329.175017603	329.497235884	0.000	22050.000	
184	Spectrogram 1	1	329.175017603	329.497235884	0.000	22050.000	
185	Waveform 1	1	333.464100951	333.707554763	0.000	22050.000	
185	Spectrogram 1	1	333.464100951	333.707554763	0.000	22050.000	
186	Waveform 1	1	337.849849783	338.136266033	0.000	22050.000	
186	Spectrogram 1	1	337.849849783	338.136266033	0.000	22050.000	
187	Waveform 1	1	339.248656410	339.358589912	0.000	22050.000	
187	Spectrogram 1	1	339.248656410	339.358589912	0.000	22050.000	
188	Waveform 1	1	339.375218508	339.456513871	0.000	22050.000	
188	Spectrogram 1	1	339.375218508	339.456513871	0.000	22050.000	
189	Waveform 1	1	339.462980547	339.559980695	0.000	22050.000	
189	Spectrogram 1	1	339.462980547	339.559980695	0.000	22050.000	
190	Waveform 1	1	339.840819219	340.099486280	0.000	22050.000	
190	Spectrogram 1	1	339.840819219	340.099486280	0.000	22050.000	
191	Waveform 1	1	340.483791629	340.771096829	0.000	22050.000	
191	Spectrogram 1	1	340.483791629	340.771096829	0.000	22050.000	
192	Waveform 1	1	342.058889271	342.164203718	0.000	22050.000	
192	Spectrogram 1	1	342.058889271	342.164203718	0.000	22050.000	
193	Waveform 1	1	343.233976779	343.448300916	0.000	22050.000	
193	Spectrogram 1	1	343.233976779	343.448300916	0.000	22050.000	
194	Waveform 1	1	343.954549307	344.216911613	0.000	22050.000	
194	Spectrogram 1	1	343.954549307	344.216911613	0.000	22050.000	
195	Waveform 1	1	344.227997344	344.420150018	0.000	22050.000	
195	Spectrogram 1	1	344.227997344	344.420150018	0.000	22050.000	
196	Waveform 1	1	344.697293298	344.922703166	0.000	22050.000	
196	Spectrogram 1	1	344.697293298	344.922703166	0.000	22050.000	
197	Waveform 1	1	345.015084259	345.266360833	0.000	22050.000	
197	Spectrogram 1	1	345.015084259	345.266360833	0.000	22050.000	
198	Waveform 1	1	352.176466618	352.479476605	0.000	22050.000	
198	Spectrogram 1	1	352.176466618	352.479476605	0.000	22050.000	
199	Waveform 1	1	357.719332221	357.966913552	0.000	22050.000	
199	Spectrogram 1	1	357.719332221	357.966913552	0.000	22050.000	
200	Waveform 1	1	372.914174461	373.228270178	0.000	22050.000	
200	Spectrogram 1	1	372.914174461	373.228270178	0.000	22050.000	
201	Waveform 1	1	385.817965585	386.084023134	0.000	22050.000	
201	Spectrogram 1	1	385.817965585	386.084023134	0.000	22050.000	
202	Waveform 1	1	386.128366058	386.460937995	0.000	22050.000	
202	Spectrogram 1	1	386.128366058	386.460937995	0.000	22050.000	
203	Waveform 1	1	387.536253922	387.735797083	0.000	22050.000	
203	Spectrogram 1	1	387.536253922	387.735797083	0.000	22050.000	
204	Waveform 1	1	387.780140008	388.116407188	0.000	22050.000	
204	Spectrogram 1	1	387.780140008	388.116407188	0.000	22050.000	
205	Waveform 1	1	388.157054869	388.452674368	0.000	22050.000	
205	Spectrogram 1	1	388.157054869	388.452674368	0.000	22050.000	
206	Waveform 1	1	388.489626805	388.859151179	0.000	22050.000	
206	Spectrogram 1	1	388.489626805	388.859151179	0.000	22050.000	
207	Waveform 1	1	388.936751297	389.243456527	0.000	22050.000	
207	Spectrogram 1	1	388.936751297	389.243456527	0.000	22050.000	
208	Waveform 1	1	389.672104801	389.938162349	0.000	22050.000	
208	Spectrogram 1	1	389.672104801	389.938162349	0.000	22050.000	
209	Waveform 1	1	390.333553429	390.581134759	0.000	22050.000	
209	Spectrogram 1	1	390.333553429	390.581134759	0.000	22050.000	
210	Waveform 1	1	395.270399060	395.536456608	0.000	22050.000	
210	Spectrogram 1	1	395.270399060	395.536456608	0.000	22050.000	
211	Waveform 1	1	395.602970996	395.846857082	0.000	22050.000	
211	Spectrogram 1	1	395.602970996	395.846857082	0.000	22050.000	
212	Waveform 1	1	395.876419032	396.053790731	0.000	22050.000	
212	Spectrogram 1	1	395.876419032	396.053790731	0.000	22050.000	
213	Waveform 1	1	396.626553510	396.948039715	0.000	22050.000	
213	Spectrogram 1	1	396.626553510	396.948039715	0.000	22050.000	
214	Waveform 1	1	396.988687396	397.258440189	0.000	22050.000	
214	Spectrogram 1	1	396.988687396	397.258440189	0.000	22050.000	
215	Waveform 1	1	397.317564089	397.494935788	0.000	22050.000	
215	Spectrogram 1	1	397.317564089	397.494935788	0.000	22050.000	
216	Waveform 1	1	398.282022704	398.500042084	0.000	22050.000	
216	Spectrogram 1	1	398.282022704	398.500042084	0.000	22050.000	
217	Waveform 1	1	398.533299278	398.995204745	0.000	22050.000	
217	Spectrogram 1	1	398.533299278	398.995204745	0.000	22050.000	
218	Waveform 1	1	420.228075248	420.571732915	0.000	22050.000	
218	Spectrogram 1	1	420.228075248	420.571732915	0.000	22050.000	
219	Waveform 1	1	465.908678304	466.167345365	0.000	22050.000	
219	Spectrogram 1	1	465.908678304	466.167345365	0.000	22050.000	
220	Waveform 1	1	466.507307789	466.832489237	0.000	22050.000	
220	Spectrogram 1	1	466.507307789	466.832489237	0.000	22050.000	
221	Waveform 1	1	473.439585036	473.705642585	0.000	22050.000	
221	Spectrogram 1	1	473.439585036	473.705642585	0.000	22050.000	
222	Waveform 1	1	473.857147578	474.071471715	0.000	22050.000	
222	Spectrogram 1	1	473.857147578	474.071471715	0.000	22050.000	
223	Waveform 1	1	474.126900371	474.433605601	0.000	22050.000	
223	Spectrogram 1	1	474.126900371	474.433605601	0.000	22050.000	
224	Waveform 1	1	479.455441837	479.754756580	0.000	22050.000	
224	Spectrogram 1	1	479.455441837	479.754756580	0.000	22050.000	
225	Waveform 1	1	483.069390210	483.387181172	0.000	22050.000	
225	Spectrogram 1	1	483.069390210	483.387181172	0.000	22050.000	
226	Waveform 1	1	483.760400789	483.993201144	0.000	22050.000	
226	Spectrogram 1	1	483.760400789	483.993201144	0.000	22050.000	
227	Waveform 1	1	490.530087312	490.659420843	0.000	22050.000	
227	Spectrogram 1	1	490.530087312	490.659420843	0.000	22050.000	
228	Waveform 1	1	491.136107285	491.387383859	0.000	22050.000	
228	Spectrogram 1	1	491.136107285	491.387383859	0.000	22050.000	
229	Waveform 1	1	491.431726783	491.638660433	0.000	22050.000	
229	Spectrogram 1	1	491.431726783	491.638660433	0.000	22050.000	
230	Waveform 1	1	500.607016978	500.891550746	0.000	22050.000	
230	Spectrogram 1	1	500.607016978	500.891550746	0.000	22050.000	
231	Waveform 1	1	501.759933024	501.963171429	0.000	22050.000	
231	Spectrogram 1	1	501.759933024	501.963171429	0.000	22050.000	
232	Waveform 1	1	502.003819110	502.221838490	0.000	22050.000	
232	Spectrogram 1	1	502.003819110	502.221838490	0.000	22050.000	
233	Waveform 1	1	502.306829096	502.410295921	0.000	22050.000	
233	Spectrogram 1	1	502.306829096	502.410295921	0.000	22050.000	
234	Waveform 1	1	502.480505552	502.624620058	0.000	22050.000	
234	Spectrogram 1	1	502.480505552	502.624620058	0.000	22050.000	
235	Waveform 1	1	502.676353470	502.850029925	0.000	22050.000	
235	Spectrogram 1	1	502.676353470	502.850029925	0.000	22050.000	
236	Waveform 1	1	502.879591875	503.060658818	0.000	22050.000	
236	Spectrogram 1	1	502.879591875	503.060658818	0.000	22050.000	
237	Waveform 1	1	503.119782718	503.341497342	0.000	22050.000	
237	Spectrogram 1	1	503.119782718	503.341497342	0.000	22050.000	
238	Waveform 1	1	514.116828074	514.257247336	0.000	22050.000	
238	Spectrogram 1	1	514.116828074	514.257247336	0.000	22050.000	
239	Waveform 1	1	514.272028311	514.412447573	0.000	22050.000	
239	Spectrogram 1	1	514.272028311	514.412447573	0.000	22050.000	
240	Waveform 1	1	514.578733541	514.708067072	0.000	22050.000	
240	Spectrogram 1	1	514.578733541	514.708067072	0.000	22050.000	
241	Waveform 1	1	514.752409997	515.022162790	0.000	22050.000	
241	Spectrogram 1	1	514.752409997	515.022162790	0.000	22050.000	
242	Waveform 1	1	515.539496913	515.757516293	0.000	22050.000	
242	Spectrogram 1	1	515.539496913	515.757516293	0.000	22050.000	
243	Waveform 1	1	520.904990816	521.034324347	0.000	22050.000	
243	Spectrogram 1	1	520.904990816	521.034324347	0.000	22050.000	
244	Waveform 1	1	529.278413120	529.559251644	0.000	22050.000	
244	Spectrogram 1	1	529.278413120	529.559251644	0.000	22050.000	
245	Waveform 1	1	529.673804200	529.995290405	0.000	22050.000	
245	Spectrogram 1	1	529.673804200	529.995290405	0.000	22050.000	
246	Waveform 1	1	538.243074422	538.505436727	0.000	22050.000	
246	Spectrogram 1	1	538.243074422	538.505436727	0.000	22050.000	
247	Waveform 1	1	538.531303434	538.760408545	0.000	22050.000	
247	Spectrogram 1	1	538.531303434	538.760408545	0.000	22050.000	
248	Waveform 1	1	554.140012972	554.417156252	0.000	22050.000	
248	Spectrogram 1	1	554.140012972	554.417156252	0.000	22050.000	
249	Waveform 1	1	557.077731741	557.314227340	0.000	22050.000	
249	Spectrogram 1	1	557.077731741	557.314227340	0.000	22050.000	
250	Waveform 1	1	560.174345991	560.410841590	0.000	22050.000	
250	Spectrogram 1	1	560.174345991	560.410841590	0.000	22050.000	
251	Waveform 1	1	567.221175795	567.465061881	0.000	22050.000	
251	Spectrogram 1	1	567.221175795	567.465061881	0.000	22050.000	
252	Waveform 1	1	567.575919193	567.882624423	0.000	22050.000	
252	Spectrogram 1	1	567.575919193	567.882624423	0.000	22050.000	
253	Waveform 1	1	567.952834054	568.311272696	0.000	22050.000	
253	Spectrogram 1	1	567.952834054	568.311272696	0.000	22050.000	
254	Waveform 1	1	568.355615621	568.629063658	0.000	22050.000	
254	Spectrogram 1	1	568.355615621	568.629063658	0.000	22050.000	
255	Waveform 1	1	569.512226910	569.848494090	0.000	22050.000	
255	Spectrogram 1	1	569.512226910	569.848494090	0.000	22050.000	
256	Waveform 1	1	569.878056040	570.169980295	0.000	22050.000	
256	Spectrogram 1	1	569.878056040	570.169980295	0.000	22050.000	
257	Waveform 1	1	570.221713708	570.572761862	0.000	22050.000	
257	Spectrogram 1	1	570.221713708	570.572761862	0.000	22050.000	
258	Waveform 1	1	570.594933325	570.835124168	0.000	22050.000	
258	Spectrogram 1	1	570.594933325	570.835124168	0.000	22050.000	
259	Waveform 1	1	579.142032085	579.393308659	0.000	22050.000	
259	Spectrogram 1	1	579.142032085	579.393308659	0.000	22050.000	
260	Waveform 1	1	579.881080832	580.165614599	0.000	22050.000	
260	Spectrogram 1	1	579.881080832	580.165614599	0.000	22050.000	
261	Waveform 1	1	580.568396166	580.886187128	0.000	22050.000	
261	Spectrogram 1	1	580.568396166	580.886187128	0.000	22050.000	
262	Waveform 1	1	581.385045032	581.706531237	0.000	22050.000	
262	Spectrogram 1	1	581.385045032	581.706531237	0.000	22050.000	
263	Waveform 1	1	582.053884148	582.393846572	0.000	22050.000	
263	Spectrogram 1	1	582.053884148	582.393846572	0.000	22050.000	
264	Waveform 1	1	582.464056203	582.992476057	0.000	22050.000	
264	Spectrogram 1	1	582.464056203	582.992476057	0.000	22050.000	
265	Waveform 1	1	583.151371537	583.402648111	0.000	22050.000	
265	Spectrogram 1	1	583.151371537	583.402648111	0.000	22050.000	
266	Waveform 1	1	583.435905305	583.624362736	0.000	22050.000	
266	Spectrogram 1	1	583.435905305	583.624362736	0.000	22050.000	
267	Waveform 1	1	583.690877123	584.064096740	0.000	22050.000	
267	Spectrogram 1	1	583.690877123	584.064096740	0.000	22050.000	
268	Waveform 1	1	584.507525988	584.751412075	0.000	22050.000	
268	Spectrogram 1	1	584.507525988	584.751412075	0.000	22050.000	
269	Waveform 1	1	584.829012193	585.165279373	0.000	22050.000	
269	Spectrogram 1	1	584.829012193	585.165279373	0.000	22050.000	
270	Waveform 1	1	643.778685019	644.018875862	0.000	22050.000	
270	Spectrogram 1	1	643.778685019	644.018875862	0.000	22050.000	
271	Waveform 1	1	644.218419024	644.591638641	0.000	22050.000	
271	Spectrogram 1	1	644.218419024	644.591638641	0.000	22050.000	
272	Waveform 1	1	652.591841328	652.928108508	0.000	22050.000	
272	Spectrogram 1	1	652.591841328	652.928108508	0.000	22050.000	
273	Waveform 1	1	653.393709218	653.829747979	0.000	22050.000	
273	Spectrogram 1	1	653.393709218	653.829747979	0.000	22050.000	
274	Waveform 1	1	674.874161052	675.169780550	0.000	22050.000	
274	Spectrogram 1	1	674.874161052	675.169780550	0.000	22050.000	
275	Waveform 1	1	675.217818719	675.502352487	0.000	22050.000	
275	Spectrogram 1	1	675.217818719	675.502352487	0.000	22050.000	
276	Waveform 1	1	677.682546290	677.981861033	0.000	22050.000	
276	Spectrogram 1	1	677.682546290	677.981861033	0.000	22050.000	
277	Waveform 1	1	678.650700149	678.916757698	0.000	22050.000	
277	Spectrogram 1	1	678.650700149	678.916757698	0.000	22050.000	
278	Waveform 1	1	681.836000249	682.187048404	0.000	22050.000	
278	Spectrogram 1	1	681.836000249	682.187048404	0.000	22050.000	
279	Waveform 1	1	683.968155884	684.418975620	0.000	22050.000	
279	Spectrogram 1	1	683.968155884	684.418975620	0.000	22050.000	
280	Waveform 1	1	686.100311520	686.462445406	0.000	22050.000	
280	Spectrogram 1	1	686.100311520	686.462445406	0.000	22050.000	
281	Waveform 1	1	686.503093087	686.780236367	0.000	22050.000	
281	Spectrogram 1	1	686.503093087	686.780236367	0.000	22050.000	
282	Waveform 1	1	687.049989159	687.401037314	0.000	22050.000	
282	Spectrogram 1	1	687.049989159	687.401037314	0.000	22050.000	
283	Waveform 1	1	687.500808895	687.789037907	0.000	22050.000	
283	Spectrogram 1	1	687.500808895	687.789037907	0.000	22050.000	
284	Waveform 1	1	687.929457168	688.236162399	0.000	22050.000	
284	Spectrogram 1	1	687.929457168	688.236162399	0.000	22050.000	
285	Waveform 1	1	689.765993305	690.102260485	0.000	22050.000	
285	Spectrogram 1	1	689.765993305	690.102260485	0.000	22050.000	
286	Waveform 1	1	690.157689141	690.471784858	0.000	22050.000	
286	Spectrogram 1	1	690.157689141	690.471784858	0.000	22050.000	
287	Waveform 1	1	690.756318626	691.136928731	0.000	22050.000	
287	Spectrogram 1	1	690.756318626	691.136928731	0.000	22050.000	
288	Waveform 1	1	692.300930507	692.633502444	0.000	22050.000	
288	Spectrogram 1	1	692.300930507	692.633502444	0.000	22050.000	
289	Waveform 1	1	692.929121942	693.173008029	0.000	22050.000	
289	Spectrogram 1	1	692.929121942	693.173008029	0.000	22050.000	
290	Waveform 1	1	693.187789004	693.494494234	0.000	22050.000	
290	Spectrogram 1	1	693.187789004	693.494494234	0.000	22050.000	
291	Waveform 1	1	693.864018607	694.085733231	0.000	22050.000	
291	Spectrogram 1	1	693.864018607	694.085733231	0.000	22050.000	
292	Waveform 1	1	697.215604675	697.433624056	0.000	22050.000	
292	Spectrogram 1	1	697.215604675	697.433624056	0.000	22050.000	
293	Waveform 1	1	697.448405031	697.673814898	0.000	22050.000	
293	Spectrogram 1	1	697.448405031	697.673814898	0.000	22050.000	
294	Waveform 1	1	697.684900630	697.921396229	0.000	22050.000	
294	Spectrogram 1	1	697.684900630	697.921396229	0.000	22050.000	
295	Waveform 1	1	702.429593586	702.887803809	0.000	22050.000	
295	Spectrogram 1	1	702.429593586	702.887803809	0.000	22050.000	
296	Waveform 1	1	704.402853740	704.679997021	0.000	22050.000	
296	Spectrogram 1	1	704.402853740	704.679997021	0.000	22050.000	
297	Waveform 1	1	704.713254214	705.075388100	0.000	22050.000	
297	Spectrogram 1	1	704.713254214	705.075388100	0.000	22050.000	
298	Waveform 1	1	705.127121513	705.437521986	0.000	22050.000	
298	Spectrogram 1	1	705.127121513	705.437521986	0.000	22050.000	
299	Waveform 1	1	705.467083936	705.832913066	0.000	22050.000	
299	Spectrogram 1	1	705.467083936	705.832913066	0.000	22050.000	
