Selection	View	Channel	Begin Time (s)	End Time (s)	Low Freq (Hz)	High Freq (Hz)	Annotation
1	Waveform 1	1	77.313877953	77.597238909	0.000	22050.000	
1	Spectrogram 1	1	77.313877953	77.597238909	0.000	22050.000	
2	Waveform 1	1	82.328134780	82.571455601	0.000	22050.000	
2	Spectrogram 1	1	82.328134780	82.571455601	0.000	22050.000	
3	Waveform 1	1	107.849100860	108.049301535	0.000	22050.000	
3	Spectrogram 1	1	107.849100860	108.049301535	0.000	22050.000	
4	Waveform 1	1	122.519190340	122.817951348	0.000	22050.000	
4	Spectrogram 1	1	122.519190340	122.817951348	0.000	22050.000	
5	Waveform 1	1	198.615735897	198.931055303	0.000	22050.000	SAT.NA_take.off_NA
5	Spectrogram 1	1	198.615735897	198.931055303	0.000	22050.000	SAT.NA_take.off_NA
6	Waveform 1	1	199.008696765	199.305001936	0.000	22050.000	SAT.NA_take.off_NA
6	Spectrogram 1	1	199.008696765	199.305001936	0.000	22050.000	SAT.NA_take.off_NA
7	Waveform 1	1	199.412749271	199.688455686	0.000	22050.000	SAT.NA_take.off_NA
7	Spectrogram 1	1	199.412749271	199.688455686	0.000	22050.000	SAT.NA_take.off_NA
8	Waveform 1	1	201.434596318	201.684950420	0.000	22050.000	SAT.NA_take.off_NA
8	Spectrogram 1	1	201.434596318	201.684950420	0.000	22050.000	SAT.NA_take.off_NA
9	Waveform 1	1	58.943229462	59.595555868	0.000	22050.000	
9	Spectrogram 1	1	58.943229462	59.595555868	0.000	22050.000	
10	Waveform 1	1	8.332546742	9.231034056	0.000	22050.000	
10	Spectrogram 1	1	8.332546742	9.231034056	0.000	22050.000	
11	Waveform 1	1	71.928217368	72.309766776	0.000	22050.000	
11	Spectrogram 1	1	71.928217368	72.309766776	0.000	22050.000	
12	Waveform 1	1	200.487321626	200.871711352	0.000	22050.000	
12	Spectrogram 1	1	200.487321626	200.871711352	0.000	22050.000	
13	Waveform 1	1	200.976323745	201.375310549	0.000	22050.000	
13	Spectrogram 1	1	200.976323745	201.375310549	0.000	22050.000	
14	Waveform 1	1	201.959193677	202.316822093	0.000	22050.000	
14	Spectrogram 1	1	201.959193677	202.316822093	0.000	22050.000	
15	Waveform 1	1	202.355747635	202.715808897	0.000	22050.000	
15	Spectrogram 1	1	202.355747635	202.715808897	0.000	22050.000	
16	Waveform 1	1	271.339052355	271.628769982	0.000	22050.000	
16	Spectrogram 1	1	271.339052355	271.628769982	0.000	22050.000	
17	Waveform 1	1	274.504371535	275.019082638	0.000	22050.000	
17	Spectrogram 1	1	274.504371535	275.019082638	0.000	22050.000	
18	Waveform 1	1	277.048647078	277.555652926	0.000	22050.000	
18	Spectrogram 1	1	277.048647078	277.555652926	0.000	22050.000	
19	Waveform 1	1	279.301663944	279.665352028	0.000	22050.000	
19	Spectrogram 1	1	279.301663944	279.665352028	0.000	22050.000	
20	Waveform 1	1	290.429594712	290.924272150	0.000	22050.000	
20	Spectrogram 1	1	290.429594712	290.924272150	0.000	22050.000	
21	Waveform 1	1	369.423879603	370.083449519	0.000	22050.000	
21	Spectrogram 1	1	369.423879603	370.083449519	0.000	22050.000	
22	Waveform 1	1	370.810825689	371.217663208	0.000	22050.000	
22	Spectrogram 1	1	370.810825689	371.217663208	0.000	22050.000	
23	Waveform 1	1	389.063036190	389.451381094	0.000	22050.000	
23	Spectrogram 1	1	389.063036190	389.451381094	0.000	22050.000	
24	Waveform 1	1	406.581706315	407.044021677	0.000	22050.000	
24	Spectrogram 1	1	406.581706315	407.044021677	0.000	22050.000	
25	Waveform 1	1	408.474117198	408.819312668	0.000	22050.000	SAT.NA_landing_NA
25	Spectrogram 1	1	408.474117198	408.819312668	0.000	22050.000	SAT.NA_landing_NA
26	Waveform 1	1	409.072045066	409.460389971	0.000	22050.000	
26	Spectrogram 1	1	409.072045066	409.460389971	0.000	22050.000	
27	Waveform 1	1	457.948025160	458.391847908	0.000	22050.000	
27	Spectrogram 1	1	457.948025160	458.391847908	0.000	22050.000	
28	Waveform 1	1	462.022564552	462.558850372	0.000	22050.000	
28	Spectrogram 1	1	462.022564552	462.558850372	0.000	22050.000	
29	Waveform 1	1	464.987547075	465.560818124	0.000	22050.000	
29	Spectrogram 1	1	464.987547075	465.560818124	0.000	22050.000	
30	Waveform 1	1	469.783298433	470.153150722	0.000	22050.000	
30	Spectrogram 1	1	469.783298433	470.153150722	0.000	22050.000	
31	Waveform 1	1	470.825049049	471.305857026	0.000	22050.000	
31	Spectrogram 1	1	470.825049049	471.305857026	0.000	22050.000	
32	Waveform 1	1	476.514610106	476.970761264	0.000	22050.000	
32	Spectrogram 1	1	476.514610106	476.970761264	0.000	22050.000	
33	Waveform 1	1	491.906629566	492.486064820	0.000	22050.000	
33	Spectrogram 1	1	491.906629566	492.486064820	0.000	22050.000	
34	Waveform 1	1	492.664826760	493.238097809	0.000	22050.000	
34	Spectrogram 1	1	492.664826760	493.238097809	0.000	22050.000	
35	Waveform 1	1	496.850321839	497.220174129	0.000	22050.000	
35	Spectrogram 1	1	496.850321839	497.220174129	0.000	22050.000	
36	Waveform 1	1	497.861251431	498.416029866	0.000	22050.000	
36	Spectrogram 1	1	497.861251431	498.416029866	0.000	22050.000	
37	Waveform 1	1	538.185950718	538.456193282	0.000	22050.000	
37	Spectrogram 1	1	538.185950718	538.456193282	0.000	22050.000	
38	Waveform 1	1	538.488883914	538.732973972	0.000	22050.000	
38	Spectrogram 1	1	538.488883914	538.732973972	0.000	22050.000	
39	Waveform 1	1	538.759126479	539.014113414	0.000	22050.000	
39	Spectrogram 1	1	538.759126479	539.014113414	0.000	22050.000	
40	Waveform 1	1	539.086032806	539.393324754	0.000	22050.000	
40	Spectrogram 1	1	539.086032806	539.393324754	0.000	22050.000	
41	Waveform 1	1	539.465244146	539.794329850	0.000	22050.000	
41	Spectrogram 1	1	539.465244146	539.794329850	0.000	22050.000	
42	Waveform 1	1	539.868428617	540.212769949	0.000	22050.000	
42	Spectrogram 1	1	539.868428617	540.212769949	0.000	22050.000	
43	Waveform 1	1	545.937989434	546.210411374	0.000	22050.000	
43	Spectrogram 1	1	545.937989434	546.210411374	0.000	22050.000	
44	Waveform 1	1	546.243102007	546.500268318	0.000	22050.000	
44	Spectrogram 1	1	546.243102007	546.500268318	0.000	22050.000	
45	Waveform 1	1	546.578725837	546.746537751	0.000	22050.000	
45	Spectrogram 1	1	546.578725837	546.746537751	0.000	22050.000	
46	Waveform 1	1	546.770510882	547.047291573	0.000	22050.000	
46	Spectrogram 1	1	546.770510882	547.047291573	0.000	22050.000	
47	Waveform 1	1	547.051650324	547.308816635	0.000	22050.000	
47	Spectrogram 1	1	547.051650324	547.308816635	0.000	22050.000	
48	Waveform 1	1	547.369839150	547.587776701	0.000	22050.000	
48	Spectrogram 1	1	547.369839150	547.587776701	0.000	22050.000	
49	Waveform 1	1	548.163131838	548.300432496	0.000	22050.000	
49	Spectrogram 1	1	548.163131838	548.300432496	0.000	22050.000	
50	Waveform 1	1	548.322226251	548.540163803	0.000	22050.000	
50	Spectrogram 1	1	548.322226251	548.540163803	0.000	22050.000	
51	Waveform 1	1	549.664721570	549.978551644	0.000	22050.000	
51	Spectrogram 1	1	549.664721570	549.978551644	0.000	22050.000	
52	Waveform 1	1	550.991961260	551.294894457	0.000	22050.000	
52	Spectrogram 1	1	550.991961260	551.294894457	0.000	22050.000	
53	Waveform 1	1	572.129724407	572.687644540	0.000	22050.000	
53	Spectrogram 1	1	572.129724407	572.687644540	0.000	22050.000	
54	Waveform 1	1	577.717643235	578.258128363	0.000	22050.000	
54	Spectrogram 1	1	577.717643235	578.258128363	0.000	22050.000	
55	Waveform 1	1	591.037986400	591.569754026	0.000	22050.000	
55	Spectrogram 1	1	591.037986400	591.569754026	0.000	22050.000	
56	Waveform 1	1	593.391711959	593.914762083	0.000	22050.000	
56	Spectrogram 1	1	593.391711959	593.914762083	0.000	22050.000	
57	Waveform 1	1	593.984502100	594.490117220	0.000	22050.000	
57	Spectrogram 1	1	593.984502100	594.490117220	0.000	22050.000	
58	Waveform 1	1	599.528833417	599.938556014	0.000	22050.000	
58	Spectrogram 1	1	599.528833417	599.938556014	0.000	22050.000	
59	Waveform 1	1	600.069318545	600.496476147	0.000	22050.000	
59	Spectrogram 1	1	600.069318545	600.496476147	0.000	22050.000	
60	Waveform 1	1	601.298486337	601.734361441	0.000	22050.000	
60	Spectrogram 1	1	601.298486337	601.734361441	0.000	22050.000	
61	Waveform 1	1	608.253355327	608.616994848	0.000	22050.000	
61	Spectrogram 1	1	608.253355327	608.616994848	0.000	22050.000	
62	Waveform 1	1	608.707310547	609.196916700	0.000	22050.000	
62	Spectrogram 1	1	608.707310547	609.196916700	0.000	22050.000	
63	Waveform 1	1	609.234944362	609.382301554	0.000	22050.000	
63	Spectrogram 1	1	609.234944362	609.382301554	0.000	22050.000	
64	Waveform 1	1	609.534412204	609.788722196	0.000	22050.000	
64	Spectrogram 1	1	609.534412204	609.788722196	0.000	22050.000	
65	Waveform 1	1	610.375774234	610.744167214	0.000	22050.000	
65	Spectrogram 1	1	610.375774234	610.744167214	0.000	22050.000	
66	Waveform 1	1	611.155341313	611.737639894	0.000	22050.000	
66	Spectrogram 1	1	611.155341313	611.737639894	0.000	22050.000	
67	Waveform 1	1	611.818448676	612.077512126	0.000	22050.000	
67	Spectrogram 1	1	611.818448676	612.077512126	0.000	22050.000	
68	Waveform 1	1	613.568440236	613.953234073	0.000	22050.000	
68	Spectrogram 1	1	613.568440236	613.953234073	0.000	22050.000	
69	Waveform 1	1	615.039959524	615.247156205	0.000	22050.000	
69	Spectrogram 1	1	615.039959524	615.247156205	0.000	22050.000	
70	Waveform 1	1	615.270412975	615.693263345	0.000	22050.000	
70	Spectrogram 1	1	615.270412975	615.693263345	0.000	22050.000	
71	Waveform 1	1	639.487053661	639.914132535	0.000	22050.000	
71	Spectrogram 1	1	639.487053661	639.914132535	0.000	22050.000	
72	Waveform 1	1	643.774756412	644.039037893	0.000	22050.000	
72	Spectrogram 1	1	643.774756412	644.039037893	0.000	22050.000	
73	Waveform 1	1	644.430174486	644.660627937	0.000	22050.000	
73	Spectrogram 1	1	644.430174486	644.660627937	0.000	22050.000	
74	Waveform 1	1	644.688113211	644.952394692	0.000	22050.000	
74	Spectrogram 1	1	644.688113211	644.952394692	0.000	22050.000	
75	Waveform 1	1	647.555038719	647.884862008	0.000	22050.000	
75	Spectrogram 1	1	647.555038719	647.884862008	0.000	22050.000	
76	Waveform 1	1	648.144914985	648.607936141	0.000	22050.000	
76	Spectrogram 1	1	648.144914985	648.607936141	0.000	22050.000	
77	Waveform 1	1	651.037211516	651.396634330	0.000	22050.000	
77	Spectrogram 1	1	651.037211516	651.396634330	0.000	22050.000	
78	Waveform 1	1	653.908365528	654.176875513	0.000	22050.000	
78	Spectrogram 1	1	653.908365528	654.176875513	0.000	22050.000	
79	Waveform 1	1	706.768890273	707.081799547	0.000	22050.000	
79	Spectrogram 1	1	706.768890273	707.081799547	0.000	22050.000	
80	Waveform 1	1	709.130509589	709.485703900	0.000	22050.000	
80	Spectrogram 1	1	709.130509589	709.485703900	0.000	22050.000	
81	Waveform 1	1	709.523760433	709.925468284	0.000	22050.000	
81	Spectrogram 1	1	709.523760433	709.925468284	0.000	22050.000	
82	Waveform 1	1	709.980438832	710.403289202	0.000	22050.000	
82	Spectrogram 1	1	709.980438832	710.403289202	0.000	22050.000	
83	Waveform 1	1	710.445574239	710.895909883	0.000	22050.000	
83	Spectrogram 1	1	710.445574239	710.895909883	0.000	22050.000	
84	Waveform 1	1	724.135354966	724.433464477	0.000	22050.000	SAT.NA_take.off_NA
84	Spectrogram 1	1	724.135354966	724.433464477	0.000	22050.000	SAT.NA_take.off_NA
85	Waveform 1	1	764.036168470	764.303564716	0.000	22050.000	
85	Spectrogram 1	1	764.036168470	764.303564716	0.000	22050.000	
86	Waveform 1	1	769.117512370	769.495780229	0.000	22050.000	
86	Spectrogram 1	1	769.117512370	769.495780229	0.000	22050.000	
87	Waveform 1	1	774.048038264	774.608918194	0.000	22050.000	
87	Spectrogram 1	1	774.048038264	774.608918194	0.000	22050.000	
88	Waveform 1	1	787.645671105	788.038862402	0.000	22050.000	
88	Spectrogram 1	1	787.645671105	788.038862402	0.000	22050.000	
89	Waveform 1	1	788.927816639	789.248353022	0.000	22050.000	
89	Spectrogram 1	1	788.927816639	789.248353022	0.000	22050.000	
90	Waveform 1	1	789.688556322	790.047557072	0.000	22050.000	
90	Spectrogram 1	1	789.688556322	790.047557072	0.000	22050.000	
91	Waveform 1	1	790.192866899	790.577510559	0.000	22050.000	
91	Spectrogram 1	1	790.192866899	790.577510559	0.000	22050.000	
92	Waveform 1	1	790.607427288	790.927963671	0.000	22050.000	
92	Spectrogram 1	1	790.607427288	790.927963671	0.000	22050.000	
93	Waveform 1	1	792.603300502	793.081968168	0.000	22050.000	
93	Spectrogram 1	1	792.603300502	793.081968168	0.000	22050.000	
94	Waveform 1	1	793.158896900	793.432421281	0.000	22050.000	
94	Spectrogram 1	1	793.158896900	793.432421281	0.000	22050.000	
95	Waveform 1	1	794.077767866	794.411125705	0.000	22050.000	
95	Spectrogram 1	1	794.077767866	794.411125705	0.000	22050.000	
96	Waveform 1	1	794.526518803	794.821412276	0.000	22050.000	
96	Spectrogram 1	1	794.526518803	794.821412276	0.000	22050.000	
97	Waveform 1	1	794.889793371	795.227425028	0.000	22050.000	
97	Spectrogram 1	1	794.889793371	795.227425028	0.000	22050.000	
98	Waveform 1	1	795.244520302	795.552235230	0.000	22050.000	
98	Spectrogram 1	1	795.244520302	795.552235230	0.000	22050.000	
99	Waveform 1	1	795.590699596	796.065093443	0.000	22050.000	
99	Spectrogram 1	1	795.590699596	796.065093443	0.000	22050.000	
100	Waveform 1	1	796.659154207	797.133548055	0.000	22050.000	
100	Spectrogram 1	1	796.659154207	797.133548055	0.000	22050.000	
101	Waveform 1	1	797.535286989	798.039597565	0.000	22050.000	
101	Spectrogram 1	1	797.535286989	798.039597565	0.000	22050.000	
102	Waveform 1	1	799.676470030	800.061113690	0.000	22050.000	
102	Spectrogram 1	1	799.676470030	800.061113690	0.000	22050.000	
103	Waveform 1	1	800.633805362	800.997079930	0.000	22050.000	
103	Spectrogram 1	1	800.633805362	800.997079930	0.000	22050.000	
104	Waveform 1	1	801.035544296	801.522759599	0.000	22050.000	
104	Spectrogram 1	1	801.035544296	801.522759599	0.000	22050.000	
105	Waveform 1	1	804.467420508	804.796504528	0.000	22050.000	
105	Spectrogram 1	1	804.467420508	804.796504528	0.000	22050.000	
106	Waveform 1	1	804.877707079	805.266624557	0.000	22050.000	
106	Spectrogram 1	1	804.877707079	805.266624557	0.000	22050.000	
107	Waveform 1	1	838.786182628	839.247755020	0.000	22050.000	
107	Spectrogram 1	1	838.786182628	839.247755020	0.000	22050.000	
108	Waveform 1	1	839.469993580	839.987125612	0.000	22050.000	
108	Spectrogram 1	1	839.469993580	839.987125612	0.000	22050.000	
109	Waveform 1	1	844.240365124	844.625468537	0.000	22050.000	
109	Spectrogram 1	1	844.240365124	844.625468537	0.000	22050.000	
110	Waveform 1	1	844.706542940	844.990303349	0.000	22050.000	
110	Spectrogram 1	1	844.706542940	844.990303349	0.000	22050.000	
111	Waveform 1	1	860.075933270	860.820080466	0.000	22050.000	
111	Spectrogram 1	1	860.075933270	860.820080466	0.000	22050.000	
112	Waveform 1	1	861.804555355	862.065151649	0.000	22050.000	
112	Spectrogram 1	1	861.804555355	862.065151649	0.000	22050.000	
113	Waveform 1	1	863.113327855	863.593983242	0.000	22050.000	
113	Spectrogram 1	1	863.113327855	863.593983242	0.000	22050.000	
114	Waveform 1	1	863.987773198	864.323652866	0.000	22050.000	
114	Spectrogram 1	1	863.987773198	864.323652866	0.000	22050.000	
115	Waveform 1	1	864.346816981	864.561085045	0.000	22050.000	
115	Spectrogram 1	1	864.346816981	864.561085045	0.000	22050.000	
116	Waveform 1	1	864.572667103	864.894069199	0.000	22050.000	
116	Spectrogram 1	1	864.572667103	864.894069199	0.000	22050.000	
117	Waveform 1	1	871.226559149	871.490050957	0.000	22050.000	
117	Spectrogram 1	1	871.226559149	871.490050957	0.000	22050.000	
118	Waveform 1	1	882.449572887	882.756497411	0.000	22050.000	
118	Spectrogram 1	1	882.449572887	882.756497411	0.000	22050.000	
119	Waveform 1	1	882.863631443	883.222675226	0.000	22050.000	
119	Spectrogram 1	1	882.863631443	883.222675226	0.000	22050.000	
120	Waveform 1	1	883.888643534	884.155030857	0.000	22050.000	
120	Spectrogram 1	1	883.888643534	884.155030857	0.000	22050.000	
121	Waveform 1	1	884.638581758	885.081595458	0.000	22050.000	
121	Spectrogram 1	1	884.638581758	885.081595458	0.000	22050.000	
122	Waveform 1	1	885.180042947	885.402997555	0.000	22050.000	
122	Spectrogram 1	1	885.180042947	885.402997555	0.000	22050.000	
123	Waveform 1	1	888.443287654	889.120838019	0.000	22050.000	
123	Spectrogram 1	1	888.443287654	889.120838019	0.000	22050.000	
124	Waveform 1	1	893.385930701	893.701541769	0.000	22050.000	
124	Spectrogram 1	1	893.385930701	893.701541769	0.000	22050.000	
125	Waveform 1	1	894.156137526	894.422524849	0.000	22050.000	
125	Spectrogram 1	1	894.156137526	894.422524849	0.000	22050.000	
126	Waveform 1	1	894.471748594	894.810523776	0.000	22050.000	
126	Spectrogram 1	1	894.471748594	894.810523776	0.000	22050.000	
127	Waveform 1	1	895.453327969	895.948460928	0.000	22050.000	
127	Spectrogram 1	1	895.453327969	895.948460928	0.000	22050.000	
128	Waveform 1	1	896.023744302	896.414638743	0.000	22050.000	
128	Spectrogram 1	1	896.023744302	896.414638743	0.000	22050.000	
129	Waveform 1	1	897.092189108	897.734993300	0.000	22050.000	
129	Spectrogram 1	1	897.092189108	897.734993300	0.000	22050.000	
130	Waveform 1	1	898.432812266	898.704990618	0.000	22050.000	
130	Spectrogram 1	1	898.432812266	898.704990618	0.000	22050.000	
131	Waveform 1	1	898.985855513	899.530212216	0.000	22050.000	
131	Spectrogram 1	1	898.985855513	899.530212216	0.000	22050.000	
132	Waveform 1	1	900.042718261	900.427821674	0.000	22050.000	
132	Spectrogram 1	1	900.042718261	900.427821674	0.000	22050.000	
133	Waveform 1	1	903.925603045	904.223841027	0.000	22050.000	
133	Spectrogram 1	1	903.925603045	904.223841027	0.000	22050.000	
134	Waveform 1	1	905.966940683	906.273865208	0.000	22050.000	
134	Spectrogram 1	1	905.966940683	906.273865208	0.000	22050.000	
135	Waveform 1	1	910.955911961	911.233881341	0.000	22050.000	
135	Spectrogram 1	1	910.955911961	911.233881341	0.000	22050.000	
136	Waveform 1	1	914.769304400	915.325243161	0.000	22050.000	
136	Spectrogram 1	1	914.769304400	915.325243161	0.000	22050.000	
137	Waveform 1	1	915.365780362	915.762465832	0.000	22050.000	
137	Spectrogram 1	1	915.365780362	915.762465832	0.000	22050.000	
138	Waveform 1	1	927.101300145	927.390851583	0.000	22050.000	
138	Spectrogram 1	1	927.101300145	927.390851583	0.000	22050.000	
139	Waveform 1	1	927.440075328	927.709358165	0.000	22050.000	
139	Spectrogram 1	1	927.440075328	927.709358165	0.000	22050.000	
140	Waveform 1	1	927.729626766	927.998909603	0.000	22050.000	
140	Spectrogram 1	1	927.729626766	927.998909603	0.000	22050.000	
141	Waveform 1	1	928.546161821	928.722788198	0.000	22050.000	
141	Spectrogram 1	1	928.546161821	928.722788198	0.000	22050.000	
142	Waveform 1	1	928.942847291	929.275831445	0.000	22050.000	
142	Spectrogram 1	1	928.942847291	929.275831445	0.000	22050.000	
143	Waveform 1	1	929.345323790	929.597233541	0.000	22050.000	
143	Spectrogram 1	1	929.345323790	929.597233541	0.000	22050.000	
144	Waveform 1	1	929.629084199	929.930217695	0.000	22050.000	
144	Spectrogram 1	1	929.629084199	929.930217695	0.000	22050.000	
145	Waveform 1	1	930.289261478	930.662782833	0.000	22050.000	
145	Spectrogram 1	1	930.289261478	930.662782833	0.000	22050.000	
146	Waveform 1	1	931.181079907	931.447467230	0.000	22050.000	
146	Spectrogram 1	1	931.181079907	931.447467230	0.000	22050.000	
147	Waveform 1	1	931.473526859	931.748600726	0.000	22050.000	
147	Spectrogram 1	1	931.473526859	931.748600726	0.000	22050.000	
148	Waveform 1	1	933.928923054	934.198205891	0.000	22050.000	
148	Spectrogram 1	1	933.928923054	934.198205891	0.000	22050.000	
150	Waveform 1	1	917.304095866	917.651653924	0.000	22050.000	
150	Spectrogram 1	1	917.304095866	917.651653924	0.000	22050.000	
151	Waveform 1	1	920.823121204	921.130854901	0.000	22050.000	
151	Spectrogram 1	1	920.823121204	921.130854901	0.000	22050.000	
152	Waveform 1	1	937.726752172	937.969318734	0.000	22050.000	
152	Spectrogram 1	1	937.726752172	937.969318734	0.000	22050.000	
153	Waveform 1	1	937.994661509	938.215505691	0.000	22050.000	
153	Spectrogram 1	1	937.994661509	938.215505691	0.000	22050.000	
154	Waveform 1	1	938.284293224	938.461692649	0.000	22050.000	
154	Spectrogram 1	1	938.284293224	938.461692649	0.000	22050.000	
155	Waveform 1	1	938.494276217	938.802009914	0.000	22050.000	
155	Spectrogram 1	1	938.494276217	938.802009914	0.000	22050.000	
156	Waveform 1	1	938.830973086	939.069919251	0.000	22050.000	
156	Spectrogram 1	1	938.830973086	939.069919251	0.000	22050.000	
157	Waveform 1	1	939.106123215	939.450060877	0.000	22050.000	
157	Spectrogram 1	1	939.106123215	939.450060877	0.000	22050.000	
158	Waveform 1	1	939.504366823	939.757794574	0.000	22050.000	
158	Spectrogram 1	1	939.504366823	939.757794574	0.000	22050.000	
159	Waveform 1	1	939.815720917	940.054667082	0.000	22050.000	
159	Spectrogram 1	1	939.815720917	940.054667082	0.000	22050.000	
160	Waveform 1	1	940.833052316	941.068378084	0.000	22050.000	
160	Spectrogram 1	1	940.833052316	941.068378084	0.000	22050.000	
161	Waveform 1	1	941.872106094	942.161737809	0.000	22050.000	
161	Spectrogram 1	1	941.872106094	942.161737809	0.000	22050.000	
162	Waveform 1	1	942.831511150	943.204411983	0.000	22050.000	
162	Spectrogram 1	1	942.831511150	943.204411983	0.000	22050.000	
163	Waveform 1	1	945.420094603	945.702485525	0.000	22050.000	
163	Spectrogram 1	1	945.420094603	945.702485525	0.000	22050.000	
164	Waveform 1	1	958.493346140	958.786598251	0.000	22050.000	
164	Spectrogram 1	1	958.493346140	958.786598251	0.000	22050.000	
165	Waveform 1	1	959.188462256	959.583085467	0.000	22050.000	
165	Spectrogram 1	1	959.188462256	959.583085467	0.000	22050.000	
166	Waveform 1	1	979.042716321	979.292523675	0.000	22050.000	
166	Spectrogram 1	1	979.042716321	979.292523675	0.000	22050.000	
167	Waveform 1	1	980.429328156	980.689996700	0.000	22050.000	
167	Spectrogram 1	1	980.429328156	980.689996700	0.000	22050.000	
168	Waveform 1	1	981.305464094	981.634920170	0.000	22050.000	
168	Spectrogram 1	1	981.305464094	981.634920170	0.000	22050.000	
169	Waveform 1	1	983.437877596	984.078687766	0.000	22050.000	
169	Spectrogram 1	1	983.437877596	984.078687766	0.000	22050.000	
170	Waveform 1	1	984.180058866	984.578302474	0.000	22050.000	
170	Spectrogram 1	1	984.180058866	984.578302474	0.000	22050.000	
171	Waveform 1	1	987.358766938	987.923548783	0.000	22050.000	
171	Spectrogram 1	1	987.358766938	987.923548783	0.000	22050.000	
172	Waveform 1	1	987.959752747	988.412302302	0.000	22050.000	
172	Spectrogram 1	1	987.959752747	988.412302302	0.000	22050.000	
173	Waveform 1	1	991.084154873	991.652557114	0.000	22050.000	
173	Spectrogram 1	1	991.084154873	991.652557114	0.000	22050.000	
174	Waveform 1	1	999.049027036	999.461752230	0.000	22050.000	
174	Spectrogram 1	1	999.049027036	999.461752230	0.000	22050.000	
175	Waveform 1	1	1004.577372397	1005.022681159	0.000	22050.000	
175	Spectrogram 1	1	1004.577372397	1005.022681159	0.000	22050.000	
176	Waveform 1	1	1014.761547576	1015.116346427	0.000	22050.000	
176	Spectrogram 1	1	1014.761547576	1015.116346427	0.000	22050.000	
177	Waveform 1	1	1015.188754356	1015.492867657	0.000	22050.000	
177	Spectrogram 1	1	1015.188754356	1015.492867657	0.000	22050.000	
178	Waveform 1	1	1015.536312414	1015.858527697	0.000	22050.000	
178	Spectrogram 1	1	1015.536312414	1015.858527697	0.000	22050.000	
179	Waveform 1	1	1016.535541831	1016.861377510	0.000	22050.000	
179	Spectrogram 1	1	1016.535541831	1016.861377510	0.000	22050.000	
180	Waveform 1	1	1017.498567283	1017.972839217	0.000	22050.000	
180	Spectrogram 1	1	1017.498567283	1017.972839217	0.000	22050.000	
181	Waveform 1	1	1018.244368949	1018.740363261	0.000	22050.000	
181	Spectrogram 1	1	1018.244368949	1018.740363261	0.000	22050.000	
182	Waveform 1	1	1019.040856166	1019.305145106	0.000	22050.000	
182	Spectrogram 1	1	1019.040856166	1019.305145106	0.000	22050.000	
183	Waveform 1	1	1020.355060073	1020.601247031	0.000	22050.000	
183	Spectrogram 1	1	1020.355060073	1020.601247031	0.000	22050.000	
184	Waveform 1	1	1023.045014626	1023.349127927	0.000	22050.000	
184	Spectrogram 1	1	1023.045014626	1023.349127927	0.000	22050.000	
185	Waveform 1	1	1025.010889892	1025.372929536	0.000	22050.000	
185	Spectrogram 1	1	1025.010889892	1025.372929536	0.000	22050.000	
186	Waveform 1	1	1027.233813305	1027.613954931	0.000	22050.000	
186	Spectrogram 1	1	1027.233813305	1027.613954931	0.000	22050.000	
187	Waveform 1	1	1030.904895293	1031.205388197	0.000	22050.000	
187	Spectrogram 1	1	1030.904895293	1031.205388197	0.000	22050.000	
188	Waveform 1	1	1033.225569409	1033.638294603	0.000	22050.000	
188	Spectrogram 1	1	1033.225569409	1033.638294603	0.000	22050.000	
189	Waveform 1	1	1033.859138786	1034.246521205	0.000	22050.000	
189	Spectrogram 1	1	1033.859138786	1034.246521205	0.000	22050.000	
190	Waveform 1	1	1037.950186761	1038.221716493	0.000	22050.000	
190	Spectrogram 1	1	1037.950186761	1038.221716493	0.000	22050.000	
191	Waveform 1	1	1039.564883572	1039.814690926	0.000	22050.000	
191	Spectrogram 1	1	1039.564883572	1039.814690926	0.000	22050.000	
192	Waveform 1	1	1039.865376476	1040.183971363	0.000	22050.000	
192	Spectrogram 1	1	1039.865376476	1040.183971363	0.000	22050.000	
193	Waveform 1	1	1040.259999688	1040.611178142	0.000	22050.000	
193	Spectrogram 1	1	1040.259999688	1040.611178142	0.000	22050.000	
194	Waveform 1	1	1040.734271621	1041.114413247	0.000	22050.000	
194	Spectrogram 1	1	1040.734271621	1041.114413247	0.000	22050.000	
195	Waveform 1	1	1041.183200780	1041.588685181	0.000	22050.000	
195	Spectrogram 1	1	1041.183200780	1041.588685181	0.000	22050.000	
196	Waveform 1	1	1058.669715574	1059.263460590	0.000	22050.000	
196	Spectrogram 1	1	1058.669715574	1059.263460590	0.000	22050.000	
197	Waveform 1	1	1060.049086617	1060.425607847	0.000	22050.000	
197	Spectrogram 1	1	1060.049086617	1060.425607847	0.000	22050.000	
198	Waveform 1	1	1061.975137522	1062.228565273	0.000	22050.000	
198	Spectrogram 1	1	1061.975137522	1062.228565273	0.000	22050.000	
199	Waveform 1	1	1062.706457602	1063.137284779	0.000	22050.000	
199	Spectrogram 1	1	1062.706457602	1063.137284779	0.000	22050.000	
200	Waveform 1	1	1064.038763492	1064.469590668	0.000	22050.000	
200	Spectrogram 1	1	1064.038763492	1064.469590668	0.000	22050.000	
201	Waveform 1	1	1064.607165732	1064.976446169	0.000	22050.000	
201	Spectrogram 1	1	1064.607165732	1064.976446169	0.000	22050.000	
202	Waveform 1	1	1083.769924078	1084.146445307	0.000	22050.000	
202	Spectrogram 1	1	1083.769924078	1084.146445307	0.000	22050.000	
203	Waveform 1	1	1087.173096729	1087.545997562	0.000	22050.000	
203	Spectrogram 1	1	1087.173096729	1087.545997562	0.000	22050.000	
204	Waveform 1	1	1088.288178832	1088.617634908	0.000	22050.000	
204	Spectrogram 1	1	1088.288178832	1088.617634908	0.000	22050.000	
205	Waveform 1	1	1088.650218476	1088.907266623	0.000	22050.000	
205	Spectrogram 1	1	1088.650218476	1088.907266623	0.000	22050.000	
206	Waveform 1	1	1089.338093799	1089.566178775	0.000	22050.000	
206	Spectrogram 1	1	1089.338093799	1089.566178775	0.000	22050.000	
207	Waveform 1	1	1089.580660360	1089.826847318	0.000	22050.000	
207	Spectrogram 1	1	1089.580660360	1089.826847318	0.000	22050.000	
208	Waveform 1	1	1089.899255247	1090.221470530	0.000	22050.000	
208	Spectrogram 1	1	1089.899255247	1090.221470530	0.000	22050.000	
209	Waveform 1	1	1093.269844331	1093.530512874	0.000	22050.000	
209	Spectrogram 1	1	1093.269844331	1093.530512874	0.000	22050.000	
210	Waveform 1	1	1096.310977338	1096.629572225	0.000	22050.000	
210	Spectrogram 1	1	1096.310977338	1096.629572225	0.000	22050.000	
211	Waveform 1	1	1097.502087766	1097.900331375	0.000	22050.000	
211	Spectrogram 1	1	1097.502087766	1097.900331375	0.000	22050.000	
212	Waveform 1	1	1098.479594805	1098.830773259	0.000	22050.000	
212	Spectrogram 1	1	1098.479594805	1098.830773259	0.000	22050.000	
213	Waveform 1	1	1098.921283170	1099.189192506	0.000	22050.000	
213	Spectrogram 1	1	1098.921283170	1099.189192506	0.000	22050.000	
214	Waveform 1	1	1099.402795896	1099.627260475	0.000	22050.000	
214	Spectrogram 1	1	1099.402795896	1099.627260475	0.000	22050.000	
215	Waveform 1	1	1099.844484262	1100.264450248	0.000	22050.000	
215	Spectrogram 1	1	1099.844484262	1100.264450248	0.000	22050.000	
216	Waveform 1	1	1105.300421693	1105.553849444	0.000	22050.000	
216	Spectrogram 1	1	1105.300421693	1105.553849444	0.000	22050.000	
217	Waveform 1	1	1108.888234563	1109.239413018	0.000	22050.000	
217	Spectrogram 1	1	1108.888234563	1109.239413018	0.000	22050.000	
218	Waveform 1	1	1110.488449789	1110.864971018	0.000	22050.000	
218	Spectrogram 1	1	1110.488449789	1110.864971018	0.000	22050.000	
219	Waveform 1	1	1111.205288284	1111.469577223	0.000	22050.000	
219	Spectrogram 1	1	1111.205288284	1111.469577223	0.000	22050.000	
220	Waveform 1	1	1115.535282423	1115.828534535	0.000	22050.000	
220	Spectrogram 1	1	1115.535282423	1115.828534535	0.000	22050.000	
221	Waveform 1	1	1115.853877310	1116.013174753	0.000	22050.000	
221	Spectrogram 1	1	1115.853877310	1116.013174753	0.000	22050.000	
222	Waveform 1	1	1119.921003171	1120.242390029	0.000	22050.000	
222	Spectrogram 1	1	1119.921003171	1120.242390029	0.000	22050.000	
223	Waveform 1	1	1120.268448422	1120.672353527	0.000	22050.000	
223	Spectrogram 1	1	1120.268448422	1120.672353527	0.000	22050.000	
224	Waveform 1	1	1126.352999083	1126.696952333	0.000	22050.000	
224	Spectrogram 1	1	1126.352999083	1126.696952333	0.000	22050.000	
225	Waveform 1	1	1128.207889826	1128.607121277	0.000	22050.000	
225	Spectrogram 1	1	1128.207889826	1128.607121277	0.000	22050.000	
226	Waveform 1	1	1139.834738095	1140.012856743	0.000	22050.000	
226	Spectrogram 1	1	1139.834738095	1140.012856743	0.000	22050.000	
227	Waveform 1	1	1142.985595550	1143.372542957	0.000	22050.000	
227	Spectrogram 1	1	1142.985595550	1143.372542957	0.000	22050.000	
228	Waveform 1	1	1148.169462396	1148.648540137	0.000	22050.000	
228	Spectrogram 1	1	1148.169462396	1148.648540137	0.000	22050.000	
229	Waveform 1	1	1148.691534294	1149.090765745	0.000	22050.000	
229	Spectrogram 1	1	1148.691534294	1149.090765745	0.000	22050.000	
230	Waveform 1	1	1149.864660559	1150.165619653	0.000	22050.000	
230	Spectrogram 1	1	1149.864660559	1150.165619653	0.000	22050.000	
231	Waveform 1	1	1151.486154453	1151.836249726	0.000	22050.000	
231	Spectrogram 1	1	1151.486154453	1151.836249726	0.000	22050.000	
232	Waveform 1	1	1181.244252638	1181.870738916	0.000	22050.000	
232	Spectrogram 1	1	1181.244252638	1181.870738916	0.000	22050.000	
233	Waveform 1	1	1182.656917774	1183.050007203	0.000	22050.000	
233	Spectrogram 1	1	1182.656917774	1183.050007203	0.000	22050.000	
234	Waveform 1	1	1183.332540230	1183.873038195	0.000	22050.000	
234	Spectrogram 1	1	1183.332540230	1183.873038195	0.000	22050.000	
235	Waveform 1	1	1184.014304709	1184.413536160	0.000	22050.000	
235	Spectrogram 1	1	1184.014304709	1184.413536160	0.000	22050.000	
236	Waveform 1	1	1184.628506942	1184.966318170	0.000	22050.000	
236	Spectrogram 1	1	1184.628506942	1184.966318170	0.000	22050.000	
237	Waveform 1	1	1185.340981532	1185.856911407	0.000	22050.000	
237	Spectrogram 1	1	1185.340981532	1185.856911407	0.000	22050.000	
238	Waveform 1	1	1185.936757698	1186.501823752	0.000	22050.000	
238	Spectrogram 1	1	1185.936757698	1186.501823752	0.000	22050.000	
239	Waveform 1	1	1186.815066891	1187.324854744	0.000	22050.000	
239	Spectrogram 1	1	1186.815066891	1187.324854744	0.000	22050.000	
240	Waveform 1	1	1188.289152250	1188.731377857	0.000	22050.000	
240	Spectrogram 1	1	1188.289152250	1188.731377857	0.000	22050.000	
241	Waveform 1	1	1226.603087539	1227.014603035	0.000	22050.000	
241	Spectrogram 1	1	1226.603087539	1227.014603035	0.000	22050.000	
242	Waveform 1	1	1227.131301459	1227.665657402	0.000	22050.000	
242	Spectrogram 1	1	1227.131301459	1227.665657402	0.000	22050.000	
243	Waveform 1	1	1227.714793580	1228.071030876	0.000	22050.000	
243	Spectrogram 1	1	1227.714793580	1228.071030876	0.000	22050.000	
244	Waveform 1	1	1230.533981830	1230.920929236	0.000	22050.000	
244	Spectrogram 1	1	1230.533981830	1230.920929236	0.000	22050.000	
245	Waveform 1	1	1233.826105798	1234.225337249	0.000	22050.000	
245	Spectrogram 1	1	1233.826105798	1234.225337249	0.000	22050.000	
246	Waveform 1	1	1234.335893651	1234.722841058	0.000	22050.000	
246	Spectrogram 1	1	1234.335893651	1234.722841058	0.000	22050.000	
247	Waveform 1	1	1236.325908886	1236.657578092	0.000	22050.000	
247	Spectrogram 1	1	1236.325908886	1236.657578092	0.000	22050.000	
248	Waveform 1	1	1250.875460736	1251.204637201	0.000	22050.000	
248	Spectrogram 1	1	1250.875460736	1251.204637201	0.000	22050.000	
249	Waveform 1	1	1254.369433784	1254.820875793	0.000	22050.000	
249	Spectrogram 1	1	1254.369433784	1254.820875793	0.000	22050.000	
250	Waveform 1	1	1255.023084193	1255.403988388	0.000	22050.000	
250	Spectrogram 1	1	1255.023084193	1255.403988388	0.000	22050.000	
251	Waveform 1	1	1260.943558038	1261.451430298	0.000	22050.000	
251	Spectrogram 1	1	1260.943558038	1261.451430298	0.000	22050.000	
252	Waveform 1	1	1261.625423573	1261.893467265	0.000	22050.000	
252	Spectrogram 1	1	1261.625423573	1261.893467265	0.000	22050.000	
253	Waveform 1	1	1262.942129432	1263.261900855	0.000	22050.000	
253	Spectrogram 1	1	1262.942129432	1263.261900855	0.000	22050.000	
254	Waveform 1	1	1263.271305897	1263.642805050	0.000	22050.000	
254	Spectrogram 1	1	1263.271305897	1263.642805050	0.000	22050.000	
255	Waveform 1	1	1267.677568004	1268.674502440	0.000	22050.000	
255	Spectrogram 1	1	1267.677568004	1268.674502440	0.000	22050.000	
256	Waveform 1	1	1294.408400293	1294.938416070	0.000	22050.000	
256	Spectrogram 1	1	1294.408400293	1294.938416070	0.000	22050.000	
257	Waveform 1	1	1297.227385301	1297.745752379	0.000	22050.000	
257	Spectrogram 1	1	1297.227385301	1297.745752379	0.000	22050.000	
258	Waveform 1	1	1297.897185458	1298.217524663	0.000	22050.000	
258	Spectrogram 1	1	1297.897185458	1298.217524663	0.000	22050.000	
259	Waveform 1	1	1309.918642185	1310.297224882	0.000	22050.000	
259	Spectrogram 1	1	1309.918642185	1310.297224882	0.000	22050.000	
260	Waveform 1	1	1313.611279571	1314.112173601	0.000	22050.000	
260	Spectrogram 1	1	1313.611279571	1314.112173601	0.000	22050.000	
261	Waveform 1	1	1319.464750506	1319.924874092	0.000	22050.000	
261	Spectrogram 1	1	1319.464750506	1319.924874092	0.000	22050.000	
262	Waveform 1	1	1332.348016112	1332.874630642	0.000	22050.000	
262	Spectrogram 1	1	1332.348016112	1332.874630642	0.000	22050.000	
263	Waveform 1	1	1334.514658747	1335.041273277	0.000	22050.000	
263	Spectrogram 1	1	1334.514658747	1335.041273277	0.000	22050.000	
264	Waveform 1	1	1339.585204358	1340.262280182	0.000	22050.000	
264	Spectrogram 1	1	1339.585204358	1340.262280182	0.000	22050.000	
265	Waveform 1	1	1340.563202770	1341.059725040	0.000	22050.000	
265	Spectrogram 1	1	1340.563202770	1341.059725040	0.000	22050.000	
266	Waveform 1	1	1343.256459934	1343.903443498	0.000	22050.000	
266	Spectrogram 1	1	1343.256459934	1343.903443498	0.000	22050.000	
267	Waveform 1	1	1345.693932898	1346.340916463	0.000	22050.000	
267	Spectrogram 1	1	1345.693932898	1346.340916463	0.000	22050.000	
268	Waveform 1	1	1346.386054851	1346.807346474	0.000	22050.000	
268	Spectrogram 1	1	1346.386054851	1346.807346474	0.000	22050.000	
269	Waveform 1	1	1350.965528201	1351.300571953	0.000	22050.000	
269	Spectrogram 1	1	1350.965528201	1351.300571953	0.000	22050.000	
270	Waveform 1	1	1351.380344275	1351.667524634	0.000	22050.000	
270	Spectrogram 1	1	1351.380344275	1351.667524634	0.000	22050.000	
271	Waveform 1	1	1352.582247259	1352.848154999	0.000	22050.000	
271	Spectrogram 1	1	1352.582247259	1352.848154999	0.000	22050.000	
272	Waveform 1	1	1374.742998294	1375.062087582	0.000	22050.000	
272	Spectrogram 1	1	1374.742998294	1375.062087582	0.000	22050.000	
273	Waveform 1	1	1379.327247728	1379.598473623	0.000	22050.000	
273	Spectrogram 1	1	1379.327247728	1379.598473623	0.000	22050.000	
274	Waveform 1	1	1379.667609635	1379.938835530	0.000	22050.000	
274	Spectrogram 1	1	1379.667609635	1379.938835530	0.000	22050.000	
275	Waveform 1	1	1380.055834935	1380.231334043	0.000	22050.000	
275	Spectrogram 1	1	1380.055834935	1380.231334043	0.000	22050.000	
276	Waveform 1	1	1380.257924817	1380.491923628	0.000	22050.000	
276	Spectrogram 1	1	1380.257924817	1380.491923628	0.000	22050.000	
277	Waveform 1	1	1380.523832557	1380.688695356	0.000	22050.000	
277	Spectrogram 1	1	1380.523832557	1380.688695356	0.000	22050.000	
278	Waveform 1	1	1384.448630796	1384.890037645	0.000	22050.000	
278	Spectrogram 1	1	1384.448630796	1384.890037645	0.000	22050.000	
279	Waveform 1	1	1385.060218598	1385.490989137	0.000	22050.000	
279	Spectrogram 1	1	1385.060218598	1385.490989137	0.000	22050.000	
280	Waveform 1	1	1386.618437953	1386.815209681	0.000	22050.000	
280	Spectrogram 1	1	1386.618437953	1386.815209681	0.000	22050.000	
281	Waveform 1	1	1387.511887959	1387.910749569	0.000	22050.000	
281	Spectrogram 1	1	1387.511887959	1387.910749569	0.000	22050.000	
282	Waveform 1	1	1389.197743029	1389.495559698	0.000	22050.000	
282	Spectrogram 1	1	1389.197743029	1389.495559698	0.000	22050.000	
283	Waveform 1	1	1389.532786781	1389.878466843	0.000	22050.000	
283	Spectrogram 1	1	1389.532786781	1389.878466843	0.000	22050.000	
284	Waveform 1	1	1389.931648391	1390.250737679	0.000	22050.000	
284	Spectrogram 1	1	1389.931648391	1390.250737679	0.000	22050.000	
285	Waveform 1	1	1399.270328213	1399.610690120	0.000	22050.000	
285	Spectrogram 1	1	1399.270328213	1399.610690120	0.000	22050.000	
286	Waveform 1	1	1412.613018362	1412.906242418	0.000	22050.000	
286	Spectrogram 1	1	1412.613018362	1412.906242418	0.000	22050.000	
287	Waveform 1	1	1413.167244051	1413.492690531	0.000	22050.000	
287	Spectrogram 1	1	1413.167244051	1413.492690531	0.000	22050.000	
288	Waveform 1	1	1415.039439035	1415.288232542	0.000	22050.000	
288	Spectrogram 1	1	1415.039439035	1415.288232542	0.000	22050.000	
289	Waveform 1	1	1415.349690462	1415.548873359	0.000	22050.000	
289	Spectrogram 1	1	1415.349690462	1415.548873359	0.000	22050.000	
290	Waveform 1	1	1420.199682932	1420.519560298	0.000	22050.000	
290	Spectrogram 1	1	1420.199682932	1420.519560298	0.000	22050.000	
291	Waveform 1	1	1422.165898005	1422.444903882	0.000	22050.000	
291	Spectrogram 1	1	1422.165898005	1422.444903882	0.000	22050.000	
292	Waveform 1	1	1422.497092032	1422.774090673	0.000	22050.000	
292	Spectrogram 1	1	1422.497092032	1422.774090673	0.000	22050.000	
293	Waveform 1	1	1422.862409080	1423.161487323	0.000	22050.000	
293	Spectrogram 1	1	1422.862409080	1423.161487323	0.000	22050.000	
294	Waveform 1	1	1423.378268867	1423.783730646	0.000	22050.000	
294	Spectrogram 1	1	1423.378268867	1423.783730646	0.000	22050.000	
295	Waveform 1	1	1430.473849993	1430.686617065	0.000	22050.000	
295	Spectrogram 1	1	1430.473849993	1430.686617065	0.000	22050.000	
296	Waveform 1	1	1430.742819687	1430.997738726	0.000	22050.000	
296	Spectrogram 1	1	1430.742819687	1430.997738726	0.000	22050.000	
297	Waveform 1	1	1431.208498562	1431.541699825	0.000	22050.000	
297	Spectrogram 1	1	1431.208498562	1431.541699825	0.000	22050.000	
298	Waveform 1	1	1431.862857670	1432.167957622	0.000	22050.000	
298	Spectrogram 1	1	1431.862857670	1432.167957622	0.000	22050.000	
299	Waveform 1	1	1432.607542422	1432.964830524	0.000	22050.000	
299	Spectrogram 1	1	1432.607542422	1432.964830524	0.000	22050.000	
300	Waveform 1	1	1433.261901530	1433.601124503	0.000	22050.000	
300	Spectrogram 1	1	1433.261901530	1433.601124503	0.000	22050.000	
301	Waveform 1	1	1433.922282347	1434.408033587	0.000	22050.000	
301	Spectrogram 1	1	1433.922282347	1434.408033587	0.000	22050.000	
302	Waveform 1	1	1442.936781593	1443.296076931	0.000	22050.000	
302	Spectrogram 1	1	1442.936781593	1443.296076931	0.000	22050.000	
303	Waveform 1	1	1443.882189997	1444.139116273	0.000	22050.000	
303	Spectrogram 1	1	1443.882189997	1444.139116273	0.000	22050.000	
304	Waveform 1	1	1444.153166929	1444.347868872	0.000	22050.000	
304	Spectrogram 1	1	1444.153166929	1444.347868872	0.000	22050.000	
305	Waveform 1	1	1445.287255567	1445.544181842	0.000	22050.000	
305	Spectrogram 1	1	1445.287255567	1445.544181842	0.000	22050.000	
306	Waveform 1	1	1445.638521959	1445.843260085	0.000	22050.000	
306	Spectrogram 1	1	1445.638521959	1445.843260085	0.000	22050.000	
307	Waveform 1	1	1446.449445516	1446.848885585	0.000	22050.000	
307	Spectrogram 1	1	1446.449445516	1446.848885585	0.000	22050.000	
308	Waveform 1	1	1446.862936241	1447.178072376	0.000	22050.000	
308	Spectrogram 1	1	1446.862936241	1447.178072376	0.000	22050.000	
309	Waveform 1	1	1450.393665293	1450.694750772	0.000	22050.000	
309	Spectrogram 1	1	1450.393665293	1450.694750772	0.000	22050.000	
310	Waveform 1	1	1457.127943843	1457.418993140	0.000	22050.000	
310	Spectrogram 1	1	1457.127943843	1457.418993140	0.000	22050.000	
311	Waveform 1	1	1457.439065505	1457.681941125	0.000	22050.000	
311	Spectrogram 1	1	1457.439065505	1457.681941125	0.000	22050.000	
312	Waveform 1	1	1457.732122038	1458.033207517	0.000	22050.000	
312	Spectrogram 1	1	1457.732122038	1458.033207517	0.000	22050.000	
313	Waveform 1	1	1458.079373957	1458.292141029	0.000	22050.000	
313	Spectrogram 1	1	1458.079373957	1458.292141029	0.000	22050.000	
314	Waveform 1	1	1461.632182611	1461.933268090	0.000	22050.000	
314	Spectrogram 1	1	1461.632182611	1461.933268090	0.000	22050.000	
315	Waveform 1	1	1462.284534483	1462.529417339	0.000	22050.000	
315	Spectrogram 1	1	1462.284534483	1462.529417339	0.000	22050.000	
316	Waveform 1	1	1467.027634398	1467.288575146	0.000	22050.000	
316	Spectrogram 1	1	1467.027634398	1467.288575146	0.000	22050.000	
317	Waveform 1	1	1467.892753341	1468.055339500	0.000	22050.000	
317	Spectrogram 1	1	1467.892753341	1468.055339500	0.000	22050.000	
318	Waveform 1	1	1468.069390155	1468.252048679	0.000	22050.000	
318	Spectrogram 1	1	1468.069390155	1468.252048679	0.000	22050.000	
319	Waveform 1	1	1470.016409587	1470.191039165	0.000	22050.000	
319	Spectrogram 1	1	1470.016409587	1470.191039165	0.000	22050.000	
320	Waveform 1	1	1473.699688615	1474.002781331	0.000	22050.000	
320	Spectrogram 1	1	1473.699688615	1474.002781331	0.000	22050.000	
321	Waveform 1	1	1474.030882643	1474.285801682	0.000	22050.000	
321	Spectrogram 1	1	1474.030882643	1474.285801682	0.000	22050.000	
322	Waveform 1	1	1478.396622090	1478.667599021	0.000	22050.000	
322	Spectrogram 1	1	1478.396622090	1478.667599021	0.000	22050.000	
323	Waveform 1	1	1482.176248472	1482.385001071	0.000	22050.000	
323	Spectrogram 1	1	1482.176248472	1482.385001071	0.000	22050.000	
324	Waveform 1	1	1482.547587229	1482.846665472	0.000	22050.000	
324	Spectrogram 1	1	1482.547587229	1482.846665472	0.000	22050.000	
325	Waveform 1	1	1483.657589029	1483.916522541	0.000	22050.000	
325	Spectrogram 1	1	1483.657589029	1483.916522541	0.000	22050.000	
326	Waveform 1	1	1484.394244835	1484.619055326	0.000	22050.000	
326	Spectrogram 1	1	1484.394244835	1484.619055326	0.000	22050.000	
327	Waveform 1	1	1489.368176950	1489.641161118	0.000	22050.000	
327	Spectrogram 1	1	1489.368176950	1489.641161118	0.000	22050.000	
328	Waveform 1	1	1489.994434747	1490.221252474	0.000	22050.000	
328	Spectrogram 1	1	1489.994434747	1490.221252474	0.000	22050.000	
329	Waveform 1	1	1490.255375495	1490.512301771	0.000	22050.000	
329	Spectrogram 1	1	1490.255375495	1490.512301771	0.000	22050.000	
330	Waveform 1	1	1491.626318044	1491.905323921	0.000	22050.000	
330	Spectrogram 1	1	1491.626318044	1491.905323921	0.000	22050.000	
331	Waveform 1	1	1491.961526544	1492.198380454	0.000	22050.000	
331	Spectrogram 1	1	1491.961526544	1492.198380454	0.000	22050.000	
332	Waveform 1	1	1492.236517948	1492.535596191	0.000	22050.000	
332	Spectrogram 1	1	1492.236517948	1492.535596191	0.000	22050.000	
333	Waveform 1	1	1492.547639610	1492.766428392	0.000	22050.000	
333	Spectrogram 1	1	1492.547639610	1492.766428392	0.000	22050.000	
334	Waveform 1	1	1492.798544176	1492.933029023	0.000	22050.000	
334	Spectrogram 1	1	1492.798544176	1492.933029023	0.000	22050.000	
335	Waveform 1	1	1497.067936270	1497.463361866	0.000	22050.000	
335	Spectrogram 1	1	1497.067936270	1497.463361866	0.000	22050.000	
336	Waveform 1	1	1498.234140693	1498.703834040	0.000	22050.000	
336	Spectrogram 1	1	1498.234140693	1498.703834040	0.000	22050.000	
337	Waveform 1	1	1501.835123023	1502.112121664	0.000	22050.000	
337	Spectrogram 1	1	1501.835123023	1502.112121664	0.000	22050.000	
338	Waveform 1	1	1505.391946150	1505.773321091	0.000	22050.000	
338	Spectrogram 1	1	1505.391946150	1505.773321091	0.000	22050.000	
339	Waveform 1	1	1509.591084966	1509.759692834	0.000	22050.000	
339	Spectrogram 1	1	1509.591084966	1509.759692834	0.000	22050.000	
340	Waveform 1	1	1509.868083607	1510.112966463	0.000	22050.000	
340	Spectrogram 1	1	1509.868083607	1510.112966463	0.000	22050.000	
341	Waveform 1	1	1511.831160931	1512.130239174	0.000	22050.000	
341	Spectrogram 1	1	1511.831160931	1512.130239174	0.000	22050.000	
342	Waveform 1	1	1512.375122030	1512.682229219	0.000	22050.000	
342	Spectrogram 1	1	1512.375122030	1512.682229219	0.000	22050.000	
343	Waveform 1	1	1513.023459428	1513.364689638	0.000	22050.000	
343	Spectrogram 1	1	1513.023459428	1513.364689638	0.000	22050.000	
344	Waveform 1	1	1513.436950153	1513.657746171	0.000	22050.000	
344	Spectrogram 1	1	1513.436950153	1513.657746171	0.000	22050.000	
345	Waveform 1	1	1513.740042869	1514.004998090	0.000	22050.000	
345	Spectrogram 1	1	1513.740042869	1514.004998090	0.000	22050.000	
346	Waveform 1	1	1514.073244132	1514.450604600	0.000	22050.000	
346	Spectrogram 1	1	1514.073244132	1514.450604600	0.000	22050.000	
347	Waveform 1	1	1514.538923007	1514.838001249	0.000	22050.000	
347	Spectrogram 1	1	1514.538923007	1514.838001249	0.000	22050.000	
348	Waveform 1	1	1514.882160453	1515.243463028	0.000	22050.000	
348	Spectrogram 1	1	1514.882160453	1515.243463028	0.000	22050.000	
349	Waveform 1	1	1515.303680124	1515.582686001	0.000	22050.000	
349	Spectrogram 1	1	1515.303680124	1515.582686001	0.000	22050.000	
350	Waveform 1	1	1515.662975462	1516.066430004	0.000	22050.000	
350	Spectrogram 1	1	1515.662975462	1516.066430004	0.000	22050.000	
351	Waveform 1	1	1516.160770121	1516.544152298	0.000	22050.000	
351	Spectrogram 1	1	1516.160770121	1516.544152298	0.000	22050.000	
352	Waveform 1	1	1516.580282555	1516.917498292	0.000	22050.000	
352	Spectrogram 1	1	1516.580282555	1516.917498292	0.000	22050.000	
353	Waveform 1	1	1516.953628550	1517.240663373	0.000	22050.000	
353	Spectrogram 1	1	1516.953628550	1517.240663373	0.000	22050.000	
354	Waveform 1	1	1517.359090328	1517.646125152	0.000	22050.000	
354	Spectrogram 1	1	1517.359090328	1517.646125152	0.000	22050.000	
355	Waveform 1	1	1517.720392903	1518.105782316	0.000	22050.000	
355	Spectrogram 1	1	1517.720392903	1518.105782316	0.000	22050.000	
356	Waveform 1	1	1518.168006649	1518.533323697	0.000	22050.000	
356	Spectrogram 1	1	1518.168006649	1518.533323697	0.000	22050.000	
357	Waveform 1	1	1518.717989457	1519.075277559	0.000	22050.000	
357	Spectrogram 1	1	1518.717989457	1519.075277559	0.000	22050.000	
358	Waveform 1	1	1519.101371634	1519.472710392	0.000	22050.000	
358	Spectrogram 1	1	1519.101371634	1519.472710392	0.000	22050.000	
359	Waveform 1	1	1519.621245895	1520.070866877	0.000	22050.000	
359	Spectrogram 1	1	1519.621245895	1520.070866877	0.000	22050.000	
360	Waveform 1	1	1522.218609962	1522.720419093	0.000	22050.000	
360	Spectrogram 1	1	1522.218609962	1522.720419093	0.000	22050.000	
361	Waveform 1	1	1523.242300591	1523.679878154	0.000	22050.000	
361	Spectrogram 1	1	1523.242300591	1523.679878154	0.000	22050.000	
362	Waveform 1	1	1523.772211034	1524.001035998	0.000	22050.000	
362	Spectrogram 1	1	1523.772211034	1524.001035998	0.000	22050.000	
363	Waveform 1	1	1525.060856885	1525.307746978	0.000	22050.000	
363	Spectrogram 1	1	1525.060856885	1525.307746978	0.000	22050.000	
364	Waveform 1	1	1525.329826579	1525.654998897	0.000	22050.000	
364	Spectrogram 1	1	1525.329826579	1525.654998897	0.000	22050.000	
365	Waveform 1	1	1525.817585056	1526.152793556	0.000	22050.000	
365	Spectrogram 1	1	1525.817585056	1526.152793556	0.000	22050.000	
366	Waveform 1	1	1526.598400065	1526.895471071	0.000	22050.000	
366	Spectrogram 1	1	1526.598400065	1526.895471071	0.000	22050.000	
367	Waveform 1	1	1526.947659221	1527.240715754	0.000	22050.000	
367	Spectrogram 1	1	1526.947659221	1527.240715754	0.000	22050.000	
368	Waveform 1	1	1527.836865002	1528.326630715	0.000	22050.000	
368	Spectrogram 1	1	1527.836865002	1528.326630715	0.000	22050.000	
369	Waveform 1	1	1528.940845093	1529.364372000	0.000	22050.000	
369	Spectrogram 1	1	1528.940845093	1529.364372000	0.000	22050.000	
370	Waveform 1	1	1530.026760054	1530.325838297	0.000	22050.000	
370	Spectrogram 1	1	1530.026760054	1530.325838297	0.000	22050.000	
371	Waveform 1	1	1530.488424455	1530.785495461	0.000	22050.000	
371	Spectrogram 1	1	1530.488424455	1530.785495461	0.000	22050.000	
372	Waveform 1	1	1530.831661902	1531.122711198	0.000	22050.000	
372	Spectrogram 1	1	1530.831661902	1531.122711198	0.000	22050.000	
373	Waveform 1	1	1531.190957240	1531.508100611	0.000	22050.000	
373	Spectrogram 1	1	1531.190957240	1531.508100611	0.000	22050.000	
374	Waveform 1	1	1531.602440728	1531.897504498	0.000	22050.000	
374	Spectrogram 1	1	1531.602440728	1531.897504498	0.000	22050.000	
375	Waveform 1	1	1531.925605809	1532.218662342	0.000	22050.000	
375	Spectrogram 1	1	1531.925605809	1532.218662342	0.000	22050.000	
376	Waveform 1	1	1532.302966276	1532.551863606	0.000	22050.000	
376	Spectrogram 1	1	1532.302966276	1532.551863606	0.000	22050.000	
377	Waveform 1	1	1533.168085220	1533.425011495	0.000	22050.000	
377	Spectrogram 1	1	1533.168085220	1533.425011495	0.000	22050.000	
378	Waveform 1	1	1533.517344376	1533.844523930	0.000	22050.000	
378	Spectrogram 1	1	1533.517344376	1533.844523930	0.000	22050.000	
379	Waveform 1	1	1533.958936412	1534.418593577	0.000	22050.000	
379	Spectrogram 1	1	1533.958936412	1534.418593577	0.000	22050.000	
380	Waveform 1	1	1534.617309993	1534.952518493	0.000	22050.000	
380	Spectrogram 1	1	1534.617309993	1534.952518493	0.000	22050.000	
381	Waveform 1	1	1535.456334861	1535.653044041	0.000	22050.000	
381	Spectrogram 1	1	1535.456334861	1535.653044041	0.000	22050.000	
382	Waveform 1	1	1551.189054765	1551.630646801	0.000	22050.000	
382	Spectrogram 1	1	1551.189054765	1551.630646801	0.000	22050.000	
383	Waveform 1	1	1551.656740876	1551.969869774	0.000	22050.000	
383	Spectrogram 1	1	1551.656740876	1551.969869774	0.000	22050.000	
384	Waveform 1	1	1552.921299888	1553.204320239	0.000	22050.000	
384	Spectrogram 1	1	1552.921299888	1553.204320239	0.000	22050.000	
385	Waveform 1	1	1564.183904045	1564.346490204	0.000	22050.000	
385	Spectrogram 1	1	1564.183904045	1564.346490204	0.000	22050.000	
386	Waveform 1	1	1564.476960578	1564.607430952	0.000	22050.000	
386	Spectrogram 1	1	1564.476960578	1564.607430952	0.000	22050.000	
387	Waveform 1	1	1564.786075003	1565.121283503	0.000	22050.000	
387	Spectrogram 1	1	1564.786075003	1565.121283503	0.000	22050.000	
388	Waveform 1	1	1569.354545340	1569.703804496	0.000	22050.000	
388	Spectrogram 1	1	1569.354545340	1569.703804496	0.000	22050.000	
389	Waveform 1	1	1571.092812173	1571.566519994	0.000	22050.000	
389	Spectrogram 1	1	1571.092812173	1571.566519994	0.000	22050.000	
