Selection	View	Channel	Begin Time (s)	End Time (s)	Low Freq (Hz)	High Freq (Hz)	Annotation
1	Waveform 1	1	7.918719442	8.299142997	0.000	22050.000	SAT.01_U.nest_NA
1	Spectrogram 1	1	7.918719442	8.299142997	0.000	22050.000	SAT.01_U.nest_NA
2	Waveform 1	1	8.880858628	9.246508453	0.000	22050.000	SAT.01_U.nest_NA
2	Spectrogram 1	1	8.880858628	9.246508453	0.000	22050.000	SAT.01_U.nest_NA
3	Waveform 1	1	11.130159067	11.471801580	0.000	22050.000	SAT.01_U.nest_NA
3	Spectrogram 1	1	11.130159067	11.471801580	0.000	22050.000	SAT.01_U.nest_NA
4	Waveform 1	1	38.014654785	38.347063716	0.000	22050.000	
4	Spectrogram 1	1	38.014654785	38.347063716	0.000	22050.000	
5	Waveform 1	1	52.071859167	52.282384824	0.000	22050.000	
5	Spectrogram 1	1	52.071859167	52.282384824	0.000	22050.000	
6	Waveform 1	1	52.286078257	52.524304658	0.000	22050.000	
6	Spectrogram 1	1	52.286078257	52.524304658	0.000	22050.000	
7	Waveform 1	1	52.579706147	52.897341348	0.000	22050.000	
7	Spectrogram 1	1	52.579706147	52.897341348	0.000	22050.000	
8	Waveform 1	1	59.304100064	59.810760400	0.000	22050.000	
8	Spectrogram 1	1	59.304100064	59.810760400	0.000	22050.000	
9	Waveform 1	1	64.328917011	64.736334601	0.000	22050.000	
9	Spectrogram 1	1	64.328917011	64.736334601	0.000	22050.000	
10	Waveform 1	1	67.426335358	67.708393690	0.000	22050.000	
10	Spectrogram 1	1	67.426335358	67.708393690	0.000	22050.000	
11	Waveform 1	1	70.743132407	70.946841203	0.000	22050.000	
11	Spectrogram 1	1	70.743132407	70.946841203	0.000	22050.000	
12	Waveform 1	1	71.364705398	71.730336569	0.000	22050.000	
12	Spectrogram 1	1	71.364705398	71.730336569	0.000	22050.000	
13	Waveform 1	1	75.762726052	76.285056296	0.000	22050.000	
13	Spectrogram 1	1	75.762726052	76.285056296	0.000	22050.000	
14	Waveform 1	1	94.744207120	94.968809125	0.000	22050.000	
14	Spectrogram 1	1	94.744207120	94.968809125	0.000	22050.000	
15	Waveform 1	1	95.039323708	95.310935435	0.000	22050.000	
15	Spectrogram 1	1	95.039323708	95.310935435	0.000	22050.000	
16	Waveform 1	1	95.457187903	95.739246235	0.000	22050.000	
16	Spectrogram 1	1	95.457187903	95.739246235	0.000	22050.000	
17	Waveform 1	1	95.903780262	96.300751247	0.000	22050.000	
17	Spectrogram 1	1	95.903780262	96.300751247	0.000	22050.000	
18	Waveform 1	1	96.783906723	97.055518450	0.000	22050.000	
18	Spectrogram 1	1	96.783906723	97.055518450	0.000	22050.000	
19	Waveform 1	1	99.580985180	99.870878465	0.000	22050.000	
19	Spectrogram 1	1	99.580985180	99.870878465	0.000	22050.000	
20	Waveform 1	1	99.907441582	100.142490192	0.000	22050.000	
20	Spectrogram 1	1	99.907441582	100.142490192	0.000	22050.000	
21	Waveform 1	1	100.176441658	100.625645668	0.000	22050.000	
21	Spectrogram 1	1	100.176441658	100.625645668	0.000	22050.000	
22	Waveform 1	1	104.342025354	104.916588622	0.000	22050.000	
22	Spectrogram 1	1	104.342025354	104.916588622	0.000	22050.000	
23	Waveform 1	1	106.321656979	106.554093937	0.000	22050.000	
23	Spectrogram 1	1	106.321656979	106.554093937	0.000	22050.000	
24	Waveform 1	1	106.595880357	106.896220247	0.000	22050.000	
24	Spectrogram 1	1	106.595880357	106.896220247	0.000	22050.000	
25	Waveform 1	1	107.549133052	107.786793313	0.000	22050.000	
25	Spectrogram 1	1	107.549133052	107.786793313	0.000	22050.000	
26	Waveform 1	1	116.332116105	116.648125903	0.000	22050.000	
26	Spectrogram 1	1	116.332116105	116.648125903	0.000	22050.000	
27	Waveform 1	1	132.445667663	132.741569348	0.000	22050.000	
27	Spectrogram 1	1	132.445667663	132.741569348	0.000	22050.000	
28	Waveform 1	1	132.800403601	133.085922772	0.000	22050.000	
28	Spectrogram 1	1	132.800403601	133.085922772	0.000	22050.000	
29	Waveform 1	1	133.120531156	133.480458352	0.000	22050.000	
29	Spectrogram 1	1	133.120531156	133.480458352	0.000	22050.000	
30	Waveform 1	1	144.831094599	145.048893825	0.000	22050.000	
30	Spectrogram 1	1	144.831094599	145.048893825	0.000	22050.000	
31	Waveform 1	1	145.079483604	145.294835648	0.000	22050.000	
31	Spectrogram 1	1	145.079483604	145.294835648	0.000	22050.000	
32	Waveform 1	1	158.390931834	158.934206309	0.000	22050.000	
32	Spectrogram 1	1	158.390931834	158.934206309	0.000	22050.000	
33	Waveform 1	1	159.300060066	159.526424431	0.000	22050.000	
33	Spectrogram 1	1	159.300060066	159.526424431	0.000	22050.000	
34	Waveform 1	1	163.925234651	164.244591944	0.000	22050.000	
34	Spectrogram 1	1	163.925234651	164.244591944	0.000	22050.000	
35	Waveform 1	1	164.354715148	164.654494982	0.000	22050.000	
35	Spectrogram 1	1	164.354715148	164.654494982	0.000	22050.000	
36	Waveform 1	1	181.416055785	181.706549173	0.000	22050.000	
36	Spectrogram 1	1	181.416055785	181.706549173	0.000	22050.000	
37	Waveform 1	1	186.717560120	186.984499990	0.000	22050.000	
37	Spectrogram 1	1	186.717560120	186.984499990	0.000	22050.000	
38	Waveform 1	1	187.015904681	187.290695724	0.000	22050.000	
38	Spectrogram 1	1	187.015904681	187.290695724	0.000	22050.000	
39	Waveform 1	1	187.636147320	187.924677916	0.000	22050.000	
39	Spectrogram 1	1	187.636147320	187.924677916	0.000	22050.000	
40	Waveform 1	1	188.509590278	188.851116289	0.000	22050.000	
40	Spectrogram 1	1	188.509590278	188.851116289	0.000	22050.000	
41	Waveform 1	1	190.370318197	190.582299859	0.000	22050.000	
41	Spectrogram 1	1	190.370318197	190.582299859	0.000	22050.000	
42	Waveform 1	1	196.490307281	196.786689049	0.000	22050.000	
42	Spectrogram 1	1	196.490307281	196.786689049	0.000	22050.000	
43	Waveform 1	1	196.845572844	197.102698748	0.000	22050.000	
43	Spectrogram 1	1	196.845572844	197.102698748	0.000	22050.000	
44	Waveform 1	1	248.574986669	248.969508095	0.000	22050.000	
44	Spectrogram 1	1	248.574986669	248.969508095	0.000	22050.000	
45	Waveform 1	1	252.714517451	253.065857428	0.000	22050.000	
45	Spectrogram 1	1	252.714517451	253.065857428	0.000	22050.000	
46	Waveform 1	1	253.244471605	253.611513927	0.000	22050.000	
46	Spectrogram 1	1	253.244471605	253.611513927	0.000	22050.000	
47	Waveform 1	1	253.701802413	253.958928317	0.000	22050.000	
47	Spectrogram 1	1	253.701802413	253.958928317	0.000	22050.000	
48	Waveform 1	1	254.055105182	254.286714775	0.000	22050.000	
48	Spectrogram 1	1	254.055105182	254.286714775	0.000	22050.000	
49	Waveform 1	1	254.373077675	254.604687268	0.000	22050.000	
49	Spectrogram 1	1	254.373077675	254.604687268	0.000	22050.000	
50	Waveform 1	1	255.593935022	255.953126171	0.000	22050.000	
50	Spectrogram 1	1	255.593935022	255.953126171	0.000	22050.000	
51	Waveform 1	1	256.006121587	256.308391734	0.000	22050.000	
51	Spectrogram 1	1	256.006121587	256.308391734	0.000	22050.000	
52	Waveform 1	1	256.381015081	256.693099194	0.000	22050.000	
52	Spectrogram 1	1	256.381015081	256.693099194	0.000	22050.000	
53	Waveform 1	1	256.765722541	257.111174138	0.000	22050.000	
53	Spectrogram 1	1	256.765722541	257.111174138	0.000	22050.000	
54	Waveform 1	1	262.135924636	262.422492438	0.000	22050.000	
54	Spectrogram 1	1	262.135924636	262.422492438	0.000	22050.000	
55	Waveform 1	1	262.520632096	262.720836999	0.000	22050.000	
55	Spectrogram 1	1	262.520632096	262.720836999	0.000	22050.000	
56	Waveform 1	1	299.874548792	300.161116594	0.000	22050.000	
56	Spectrogram 1	1	299.874548792	300.161116594	0.000	22050.000	
57	Waveform 1	1	323.744076454	324.032607049	0.000	22050.000	
57	Spectrogram 1	1	323.744076454	324.032607049	0.000	22050.000	
58	Waveform 1	1	328.297756594	328.468519599	0.000	22050.000	
58	Spectrogram 1	1	328.297756594	328.468519599	0.000	22050.000	
59	Waveform 1	1	328.537217359	328.788454884	0.000	22050.000	
59	Spectrogram 1	1	328.537217359	328.788454884	0.000	22050.000	
60	Waveform 1	1	332.541315413	332.841622767	0.000	22050.000	
60	Spectrogram 1	1	332.541315413	332.841622767	0.000	22050.000	
61	Waveform 1	1	338.567090425	338.822253537	0.000	22050.000	
61	Spectrogram 1	1	338.567090425	338.822253537	0.000	22050.000	
62	Waveform 1	1	339.552412593	339.872347879	0.000	22050.000	
62	Spectrogram 1	1	339.552412593	339.872347879	0.000	22050.000	
63	Waveform 1	1	339.933194467	340.202097130	0.000	22050.000	
63	Spectrogram 1	1	339.933194467	340.202097130	0.000	22050.000	
64	Waveform 1	1	340.262943719	340.559325486	0.000	22050.000	
64	Spectrogram 1	1	340.262943719	340.559325486	0.000	22050.000	
65	Waveform 1	1	340.796823459	341.101056399	0.000	22050.000	
65	Spectrogram 1	1	340.796823459	341.101056399	0.000	22050.000	
66	Waveform 1	1	341.267893818	341.631010554	0.000	22050.000	
66	Spectrogram 1	1	341.267893818	341.631010554	0.000	22050.000	
67	Waveform 1	1	341.697745521	342.041234325	0.000	22050.000	
67	Spectrogram 1	1	341.697745521	342.041234325	0.000	22050.000	
68	Waveform 1	1	364.438667114	364.631020844	0.000	22050.000	
68	Spectrogram 1	1	364.438667114	364.631020844	0.000	22050.000	
69	Waveform 1	1	364.668313914	364.929365405	0.000	22050.000	
69	Spectrogram 1	1	364.668313914	364.929365405	0.000	22050.000	
70	Waveform 1	1	364.976472441	365.272854209	0.000	22050.000	
70	Spectrogram 1	1	364.976472441	365.272854209	0.000	22050.000	
71	Waveform 1	1	365.459319559	365.757664120	0.000	22050.000	
71	Spectrogram 1	1	365.459319559	365.757664120	0.000	22050.000	
