Selection	View	Channel	Begin Time (s)	End Time (s)	Low Freq (Hz)	High Freq (Hz)	Annotation
1	Waveform 1	1	8.140853158	8.670603231	0.000	22050.000	
1	Spectrogram 1	1	8.140853158	8.670603231	0.000	22050.000	
2	Waveform 1	1	75.365056260	76.143464530	0.000	22050.000	
2	Spectrogram 1	1	75.365056260	76.143464530	0.000	22050.000	
3	Waveform 1	1	79.393064304	79.898570702	0.000	22050.000	
3	Spectrogram 1	1	79.393064304	79.898570702	0.000	22050.000	
4	Waveform 1	1	86.417568225	87.287112770	0.000	22050.000	
4	Spectrogram 1	1	86.417568225	87.287112770	0.000	22050.000	
5	Waveform 1	1	87.812341018	88.442614916	0.000	22050.000	
5	Spectrogram 1	1	87.812341018	88.442614916	0.000	22050.000	
6	Waveform 1	1	88.763587734	89.510579021	0.000	22050.000	
6	Spectrogram 1	1	88.763587734	89.510579021	0.000	22050.000	
7	Waveform 1	1	91.223920958	91.504951882	0.000	22050.000	
7	Spectrogram 1	1	91.223920958	91.504951882	0.000	22050.000	
8	Waveform 1	1	91.533693681	91.944062699	0.000	22050.000	
8	Spectrogram 1	1	91.533693681	91.944062699	0.000	22050.000	
9	Waveform 1	1	92.277928407	93.174058083	0.000	22050.000	
9	Spectrogram 1	1	92.277928407	93.174058083	0.000	22050.000	
10	Waveform 1	1	93.207044451	93.666104746	0.000	22050.000	
10	Spectrogram 1	1	93.207044451	93.666104746	0.000	22050.000	
11	Waveform 1	1	94.251612786	94.595220790	0.000	22050.000	
11	Spectrogram 1	1	94.251612786	94.595220790	0.000	22050.000	
12	Waveform 1	1	94.608965110	94.963568571	0.000	22050.000	
12	Spectrogram 1	1	94.608965110	94.963568571	0.000	22050.000	
13	Waveform 1	1	95.293432256	95.645286853	0.000	22050.000	
13	Spectrogram 1	1	95.293432256	95.645286853	0.000	22050.000	
14	Waveform 1	1	95.656282309	95.966903945	0.000	22050.000	
14	Spectrogram 1	1	95.656282309	95.966903945	0.000	22050.000	
15	Waveform 1	1	96.401224463	96.901517718	0.000	22050.000	
15	Spectrogram 1	1	96.401224463	96.901517718	0.000	22050.000	
16	Waveform 1	1	96.909764310	97.104933656	0.000	22050.000	
16	Spectrogram 1	1	96.909764310	97.104933656	0.000	22050.000	
17	Waveform 1	1	97.115929113	97.379820060	0.000	22050.000	
17	Spectrogram 1	1	97.115929113	97.379820060	0.000	22050.000	
18	Waveform 1	1	98.864206640	99.056627123	0.000	22050.000	
18	Spectrogram 1	1	98.864206640	99.056627123	0.000	22050.000	
19	Waveform 1	1	99.092362356	99.271038518	0.000	22050.000	
19	Spectrogram 1	1	99.092362356	99.271038518	0.000	22050.000	
20	Waveform 1	1	99.304024886	99.631139707	0.000	22050.000	
20	Spectrogram 1	1	99.304024886	99.631139707	0.000	22050.000	
21	Waveform 1	1	99.650381755	99.779578365	0.000	22050.000	
21	Spectrogram 1	1	99.650381755	99.779578365	0.000	22050.000	
22	Waveform 1	1	99.823560190	100.134181826	0.000	22050.000	
22	Spectrogram 1	1	99.823560190	100.134181826	0.000	22050.000	
23	Waveform 1	1	100.175414786	100.378830725	0.000	22050.000	
23	Spectrogram 1	1	100.175414786	100.378830725	0.000	22050.000	
24	Waveform 1	1	100.414565958	100.744429642	0.000	22050.000	
24	Spectrogram 1	1	100.414565958	100.744429642	0.000	22050.000	
25	Waveform 1	1	102.918781096	103.413576623	0.000	22050.000	
25	Spectrogram 1	1	102.918781096	103.413576623	0.000	22050.000	
26	Waveform 1	1	103.960600566	104.463642685	0.000	22050.000	
26	Spectrogram 1	1	103.960600566	104.463642685	0.000	22050.000	
27	Waveform 1	1	104.521368830	104.818246146	0.000	22050.000	
27	Spectrogram 1	1	104.521368830	104.818246146	0.000	22050.000	
28	Waveform 1	1	106.016750866	106.816670301	0.000	22050.000	
28	Spectrogram 1	1	106.016750866	106.816670301	0.000	22050.000	
29	Waveform 1	1	112.493074538	113.009860977	0.000	22050.000	
29	Spectrogram 1	1	112.493074538	113.009860977	0.000	22050.000	
30	Waveform 1	1	115.170468111	115.841190936	0.000	22050.000	
30	Spectrogram 1	1	115.170468111	115.841190936	0.000	22050.000	
31	Waveform 1	1	116.116077340	116.778553573	0.000	22050.000	
31	Spectrogram 1	1	116.116077340	116.778553573	0.000	22050.000	
32	Waveform 1	1	123.999819399	124.761254738	0.000	22050.000	
32	Spectrogram 1	1	123.999819399	124.761254738	0.000	22050.000	
33	Waveform 1	1	130.949608513	131.913703752	0.000	22050.000	
33	Spectrogram 1	1	130.949608513	131.913703752	0.000	22050.000	
34	Waveform 1	1	142.036703763	142.752000231	0.000	22050.000	
34	Spectrogram 1	1	142.036703763	142.752000231	0.000	22050.000	
35	Waveform 1	1	142.829749847	143.265147697	0.000	22050.000	
35	Spectrogram 1	1	142.829749847	143.265147697	0.000	22050.000	
36	Waveform 1	1	144.265187939	144.581031559	0.000	22050.000	
36	Spectrogram 1	1	144.265187939	144.581031559	0.000	22050.000	
37	Waveform 1	1	144.635176180	145.027724679	0.000	22050.000	
37	Spectrogram 1	1	144.635176180	145.027724679	0.000	22050.000	
38	Waveform 1	1	148.145552418	148.641878108	0.000	22050.000	
38	Spectrogram 1	1	148.145552418	148.641878108	0.000	22050.000	
39	Waveform 1	1	156.336944655	157.306857375	0.000	22050.000	
39	Spectrogram 1	1	156.336944655	157.306857375	0.000	22050.000	
40	Waveform 1	1	158.072577944	159.144586740	0.000	22050.000	
40	Spectrogram 1	1	158.072577944	159.144586740	0.000	22050.000	
41	Waveform 1	1	177.164544119	177.955788706	0.000	22050.000	
41	Spectrogram 1	1	177.164544119	177.955788706	0.000	22050.000	
42	Waveform 1	1	186.685003187	187.476247774	0.000	22050.000	
42	Spectrogram 1	1	186.685003187	187.476247774	0.000	22050.000	
43	Waveform 1	1	194.498931816	195.084468220	0.000	22050.000	
43	Spectrogram 1	1	194.498931816	195.084468220	0.000	22050.000	
44	Waveform 1	1	195.130694778	195.793275445	0.000	22050.000	
44	Spectrogram 1	1	195.130694778	195.793275445	0.000	22050.000	
45	Waveform 1	1	206.251715403	206.606404087	0.000	22050.000	
45	Spectrogram 1	1	206.251715403	206.606404087	0.000	22050.000	
46	Waveform 1	1	206.665518867	207.150260069	0.000	22050.000	
46	Spectrogram 1	1	206.665518867	207.150260069	0.000	22050.000	
47	Waveform 1	1	207.428099538	208.279352379	0.000	22050.000	
47	Spectrogram 1	1	207.428099538	208.279352379	0.000	22050.000	
48	Waveform 1	1	209.325683997	209.828159633	0.000	22050.000	
48	Spectrogram 1	1	209.325683997	209.828159633	0.000	22050.000	
49	Waveform 1	1	211.708009658	212.157281991	0.000	22050.000	
49	Spectrogram 1	1	211.708009658	212.157281991	0.000	22050.000	
50	Waveform 1	1	217.134746522	217.495346684	0.000	22050.000	
50	Spectrogram 1	1	217.134746522	217.495346684	0.000	22050.000	
51	Waveform 1	1	218.252015877	218.642173429	0.000	22050.000	
51	Spectrogram 1	1	218.252015877	218.642173429	0.000	22050.000	
52	Waveform 1	1	220.261918419	220.628430059	0.000	22050.000	
52	Spectrogram 1	1	220.261918419	220.628430059	0.000	22050.000	
53	Waveform 1	1	222.189060269	222.549660431	0.000	22050.000	
53	Spectrogram 1	1	222.189060269	222.549660431	0.000	22050.000	
54	Waveform 1	1	224.323103850	224.730995837	0.000	22050.000	
54	Spectrogram 1	1	224.323103850	224.730995837	0.000	22050.000	
55	Waveform 1	1	226.214776832	226.705429511	0.000	22050.000	
55	Spectrogram 1	1	226.214776832	226.705429511	0.000	22050.000	
56	Waveform 1	1	227.574416787	228.195121984	0.000	22050.000	
56	Spectrogram 1	1	227.574416787	228.195121984	0.000	22050.000	
57	Waveform 1	1	229.655257066	230.069060531	0.000	22050.000	
57	Spectrogram 1	1	229.655257066	230.069060531	0.000	22050.000	
58	Waveform 1	1	231.783389170	232.244484459	0.000	22050.000	
58	Spectrogram 1	1	231.783389170	232.244484459	0.000	22050.000	
59	Waveform 1	1	233.846495015	234.337147694	0.000	22050.000	
59	Spectrogram 1	1	233.846495015	234.337147694	0.000	22050.000	
60	Waveform 1	1	238.079113310	238.510651209	0.000	22050.000	
60	Spectrogram 1	1	238.079113310	238.510651209	0.000	22050.000	
61	Waveform 1	1	239.876202642	240.520553751	0.000	22050.000	
61	Spectrogram 1	1	239.876202642	240.520553751	0.000	22050.000	
62	Waveform 1	1	242.075272483	242.542279250	0.000	22050.000	
62	Spectrogram 1	1	242.075272483	242.542279250	0.000	22050.000	
63	Waveform 1	1	257.575167972	258.024440305	0.000	22050.000	
63	Spectrogram 1	1	257.575167972	258.024440305	0.000	22050.000	
64	Waveform 1	1	258.071732130	258.343660121	0.000	22050.000	
64	Spectrogram 1	1	258.071732130	258.343660121	0.000	22050.000	
65	Waveform 1	1	258.408686379	258.727906195	0.000	22050.000	
65	Spectrogram 1	1	258.408686379	258.727906195	0.000	22050.000	
66	Waveform 1	1	260.873772733	261.051117075	0.000	22050.000	
66	Spectrogram 1	1	260.873772733	261.051117075	0.000	22050.000	
67	Waveform 1	1	261.074762987	261.571327145	0.000	22050.000	
67	Spectrogram 1	1	261.074762987	261.571327145	0.000	22050.000	
68	Waveform 1	1	261.630441925	261.908281394	0.000	22050.000	
68	Spectrogram 1	1	261.630441925	261.908281394	0.000	22050.000	
69	Waveform 1	1	262.948701534	263.557583775	0.000	22050.000	
69	Spectrogram 1	1	262.948701534	263.557583775	0.000	22050.000	
70	Waveform 1	1	263.859069156	264.408836616	0.000	22050.000	
70	Spectrogram 1	1	263.859069156	264.408836616	0.000	22050.000	
71	Waveform 1	1	270.758228210	271.042471353	0.000	22050.000	
71	Spectrogram 1	1	270.758228210	271.042471353	0.000	22050.000	
72	Waveform 1	1	273.937153366	274.152425747	0.000	22050.000	
72	Spectrogram 1	1	273.937153366	274.152425747	0.000	22050.000	
73	Waveform 1	1	274.158695816	274.334257757	0.000	22050.000	
73	Spectrogram 1	1	274.158695816	274.334257757	0.000	22050.000	
74	Waveform 1	1	275.101296240	275.393899476	0.000	22050.000	
74	Spectrogram 1	1	275.101296240	275.393899476	0.000	22050.000	
75	Waveform 1	1	275.458690193	275.663512458	0.000	22050.000	
75	Spectrogram 1	1	275.458690193	275.663512458	0.000	22050.000	
76	Waveform 1	1	276.267529138	276.549682258	0.000	22050.000	
76	Spectrogram 1	1	276.267529138	276.549682258	0.000	22050.000	
77	Waveform 1	1	276.564312420	276.748234454	0.000	22050.000	
77	Spectrogram 1	1	276.564312420	276.748234454	0.000	22050.000	
78	Waveform 1	1	281.254324287	281.590818008	0.000	22050.000	
78	Spectrogram 1	1	281.254324287	281.590818008	0.000	22050.000	
79	Waveform 1	1	283.676661076	284.008974751	0.000	22050.000	
79	Spectrogram 1	1	283.676661076	284.008974751	0.000	22050.000	
80	Waveform 1	1	284.077945513	284.234697247	0.000	22050.000	
80	Spectrogram 1	1	284.077945513	284.234697247	0.000	22050.000	
81	Waveform 1	1	284.276497709	284.554470783	0.000	22050.000	
81	Spectrogram 1	1	284.276497709	284.554470783	0.000	22050.000	
82	Waveform 1	1	284.598361269	284.893054528	0.000	22050.000	
82	Spectrogram 1	1	284.598361269	284.893054528	0.000	22050.000	
83	Waveform 1	1	285.265078642	285.591122248	0.000	22050.000	
83	Spectrogram 1	1	285.265078642	285.591122248	0.000	22050.000	
84	Waveform 1	1	285.701893473	286.017486963	0.000	22050.000	
84	Spectrogram 1	1	285.701893473	286.017486963	0.000	22050.000	
85	Waveform 1	1	286.092727795	286.435491586	0.000	22050.000	
85	Spectrogram 1	1	286.092727795	286.435491586	0.000	22050.000	
86	Waveform 1	1	286.903656763	287.227610346	0.000	22050.000	
86	Spectrogram 1	1	286.903656763	287.227610346	0.000	22050.000	
87	Waveform 1	1	287.676965315	288.078249753	0.000	22050.000	
87	Spectrogram 1	1	287.676965315	288.078249753	0.000	22050.000	
88	Waveform 1	1	290.283224138	290.475506264	0.000	22050.000	
88	Spectrogram 1	1	290.283224138	290.475506264	0.000	22050.000	
89	Waveform 1	1	290.511036657	290.782739662	0.000	22050.000	
89	Spectrogram 1	1	290.511036657	290.782739662	0.000	22050.000	
90	Waveform 1	1	290.822450101	291.066982805	0.000	22050.000	
90	Spectrogram 1	1	290.822450101	291.066982805	0.000	22050.000	
91	Waveform 1	1	291.915532190	292.206045402	0.000	22050.000	
91	Spectrogram 1	1	291.915532190	292.206045402	0.000	22050.000	
92	Waveform 1	1	292.277106188	292.546719170	0.000	22050.000	
92	Spectrogram 1	1	292.277106188	292.546719170	0.000	22050.000	
93	Waveform 1	1	292.594789702	292.839322406	0.000	22050.000	
93	Spectrogram 1	1	292.594789702	292.839322406	0.000	22050.000	
94	Waveform 1	1	293.334657884	293.620991050	0.000	22050.000	
94	Spectrogram 1	1	293.334657884	293.620991050	0.000	22050.000	
95	Waveform 1	1	293.687871790	294.030635581	0.000	22050.000	
95	Spectrogram 1	1	293.687871790	294.030635581	0.000	22050.000	
96	Waveform 1	1	294.143496829	294.400569672	0.000	22050.000	
96	Spectrogram 1	1	294.143496829	294.400569672	0.000	22050.000	
97	Waveform 1	1	294.469540434	294.797674063	0.000	22050.000	
97	Spectrogram 1	1	294.469540434	294.797674063	0.000	22050.000	
98	Waveform 1	1	294.877094942	295.161338085	0.000	22050.000	
98	Spectrogram 1	1	294.877094942	295.161338085	0.000	22050.000	
99	Waveform 1	1	295.190598409	295.527092130	0.000	22050.000	
99	Spectrogram 1	1	295.190598409	295.527092130	0.000	22050.000	
100	Waveform 1	1	295.593972870	295.859405805	0.000	22050.000	
100	Spectrogram 1	1	295.593972870	295.859405805	0.000	22050.000	
101	Waveform 1	1	295.888666129	296.206349642	0.000	22050.000	
101	Spectrogram 1	1	295.888666129	296.206349642	0.000	22050.000	
102	Waveform 1	1	296.246060081	296.555383502	0.000	22050.000	
102	Spectrogram 1	1	296.246060081	296.555383502	0.000	22050.000	
103	Waveform 1	1	296.597183964	296.908597408	0.000	22050.000	
103	Spectrogram 1	1	296.597183964	296.908597408	0.000	22050.000	
104	Waveform 1	1	296.960847986	297.368402493	0.000	22050.000	
104	Spectrogram 1	1	296.960847986	297.368402493	0.000	22050.000	
105	Waveform 1	1	297.416473025	297.769686931	0.000	22050.000	
105	Spectrogram 1	1	297.416473025	297.769686931	0.000	22050.000	
106	Waveform 1	1	304.301009161	304.535091750	0.000	22050.000	
106	Spectrogram 1	1	304.301009161	304.535091750	0.000	22050.000	
107	Waveform 1	1	305.137000091	305.326750583	0.000	22050.000	
107	Spectrogram 1	1	305.137000091	305.326750583	0.000	22050.000	
108	Waveform 1	1	305.355811469	305.610521589	0.000	22050.000	
108	Spectrogram 1	1	305.355811469	305.610521589	0.000	22050.000	
109	Waveform 1	1	305.937029192	306.256698939	0.000	22050.000	
109	Spectrogram 1	1	305.937029192	306.256698939	0.000	22050.000	
110	Waveform 1	1	306.307982856	306.480638709	0.000	22050.000	
110	Spectrogram 1	1	306.307982856	306.480638709	0.000	22050.000	
111	Waveform 1	1	306.550726728	306.813984167	0.000	22050.000	
111	Spectrogram 1	1	306.550726728	306.813984167	0.000	22050.000	
112	Waveform 1	1	307.207160862	307.465289910	0.000	22050.000	
112	Spectrogram 1	1	307.207160862	307.465289910	0.000	22050.000	
113	Waveform 1	1	307.482384549	307.726837885	0.000	22050.000	
113	Spectrogram 1	1	307.482384549	307.726837885	0.000	22050.000	
114	Waveform 1	1	308.061892808	308.268737938	0.000	22050.000	
114	Spectrogram 1	1	308.061892808	308.268737938	0.000	22050.000	
115	Waveform 1	1	308.301217752	308.518319666	0.000	22050.000	
115	Spectrogram 1	1	308.301217752	308.518319666	0.000	22050.000	
116	Waveform 1	1	308.843117805	309.080733286	0.000	22050.000	
116	Spectrogram 1	1	308.843117805	309.080733286	0.000	22050.000	
117	Waveform 1	1	309.142273986	309.350828581	0.000	22050.000	
117	Spectrogram 1	1	309.142273986	309.350828581	0.000	22050.000	
118	Waveform 1	1	309.665369937	309.894438098	0.000	22050.000	
118	Spectrogram 1	1	309.665369937	309.894438098	0.000	22050.000	
119	Waveform 1	1	309.964526118	310.193594279	0.000	22050.000	
119	Spectrogram 1	1	309.964526118	310.193594279	0.000	22050.000	
120	Waveform 1	1	310.799166763	310.982818047	0.000	22050.000	
120	Spectrogram 1	1	310.799166763	310.982818047	0.000	22050.000	
121	Waveform 1	1	311.026314403	311.318706579	0.000	22050.000	
121	Spectrogram 1	1	311.026314403	311.318706579	0.000	22050.000	
122	Waveform 1	1	311.567602397	311.782667716	0.000	22050.000	
122	Spectrogram 1	1	311.567602397	311.782667716	0.000	22050.000	
123	Waveform 1	1	311.826164073	312.135471498	0.000	22050.000	
123	Spectrogram 1	1	311.826164073	312.135471498	0.000	22050.000	
124	Waveform 1	1	312.398866102	312.638096064	0.000	22050.000	
124	Spectrogram 1	1	312.398866102	312.638096064	0.000	22050.000	
125	Waveform 1	1	312.671926563	312.928071775	0.000	22050.000	
125	Spectrogram 1	1	312.671926563	312.928071775	0.000	22050.000	
126	Waveform 1	1	313.249461521	313.408948162	0.000	22050.000	
126	Spectrogram 1	1	313.249461521	313.408948162	0.000	22050.000	
127	Waveform 1	1	313.529771375	313.694090945	0.000	22050.000	
127	Spectrogram 1	1	313.529771375	313.694090945	0.000	22050.000	
128	Waveform 1	1	314.957901752	315.284124427	0.000	22050.000	
128	Spectrogram 1	1	314.957901752	315.284124427	0.000	22050.000	
129	Waveform 1	1	316.231378416	316.540685841	0.000	22050.000	
129	Spectrogram 1	1	316.231378416	316.540685841	0.000	22050.000	
130	Waveform 1	1	316.714671267	317.115804334	0.000	22050.000	
130	Spectrogram 1	1	316.714671267	317.115804334	0.000	22050.000	
131	Waveform 1	1	318.894322028	319.247125810	0.000	22050.000	
131	Spectrogram 1	1	318.894322028	319.247125810	0.000	22050.000	
132	Waveform 1	1	319.295455095	319.537101521	0.000	22050.000	
132	Spectrogram 1	1	319.295455095	319.537101521	0.000	22050.000	
133	Waveform 1	1	320.404612190	320.820244042	0.000	22050.000	
133	Spectrogram 1	1	320.404612190	320.820244042	0.000	22050.000	
134	Waveform 1	1	321.182713681	321.465439999	0.000	22050.000	
134	Spectrogram 1	1	321.182713681	321.465439999	0.000	22050.000	
135	Waveform 1	1	321.562098570	321.825493174	0.000	22050.000	
135	Spectrogram 1	1	321.562098570	321.825493174	0.000	22050.000	
136	Waveform 1	1	322.995061875	323.297119907	0.000	22050.000	
136	Spectrogram 1	1	322.995061875	323.297119907	0.000	22050.000	
137	Waveform 1	1	324.860572282	325.196460814	0.000	22050.000	
137	Spectrogram 1	1	324.860572282	325.196460814	0.000	22050.000	
138	Waveform 1	1	325.259288885	325.592760952	0.000	22050.000	
138	Spectrogram 1	1	325.259288885	325.592760952	0.000	22050.000	
139	Waveform 1	1	326.366029515	326.714000368	0.000	22050.000	
139	Spectrogram 1	1	326.366029515	326.714000368	0.000	22050.000	
140	Waveform 1	1	326.784077832	327.059554757	0.000	22050.000	
140	Spectrogram 1	1	326.784077832	327.059554757	0.000	22050.000	
141	Waveform 1	1	330.628672467	330.916231713	0.000	22050.000	
141	Spectrogram 1	1	330.628672467	330.916231713	0.000	22050.000	
142	Waveform 1	1	332.549761552	332.844570191	0.000	22050.000	
142	Spectrogram 1	1	332.549761552	332.844570191	0.000	22050.000	
143	Waveform 1	1	355.682573896	355.885556894	0.000	22050.000	
143	Spectrogram 1	1	355.682573896	355.885556894	0.000	22050.000	
144	Waveform 1	1	358.461507793	358.836059753	0.000	22050.000	
144	Spectrogram 1	1	358.461507793	358.836059753	0.000	22050.000	
145	Waveform 1	1	358.865057325	359.331434926	0.000	22050.000	
145	Spectrogram 1	1	358.865057325	359.331434926	0.000	22050.000	
146	Waveform 1	1	360.254524273	360.754732375	0.000	22050.000	
146	Spectrogram 1	1	360.254524273	360.754732375	0.000	22050.000	
147	Waveform 1	1	368.269936218	368.542996679	0.000	22050.000	
147	Spectrogram 1	1	368.269936218	368.542996679	0.000	22050.000	
148	Waveform 1	1	368.787059569	369.021456602	0.000	22050.000	
148	Spectrogram 1	1	368.787059569	369.021456602	0.000	22050.000	
149	Waveform 1	1	369.714981844	369.985625841	0.000	22050.000	
149	Spectrogram 1	1	369.714981844	369.985625841	0.000	22050.000	
150	Waveform 1	1	370.024289269	370.333596694	0.000	22050.000	
150	Spectrogram 1	1	370.024289269	370.333596694	0.000	22050.000	
151	Waveform 1	1	374.453668255	374.804055572	0.000	22050.000	
151	Spectrogram 1	1	374.453668255	374.804055572	0.000	22050.000	
152	Waveform 1	1	374.912796464	375.253517924	0.000	22050.000	
152	Spectrogram 1	1	374.912796464	375.253517924	0.000	22050.000	
153	Waveform 1	1	375.338094173	375.512079600	0.000	22050.000	
153	Spectrogram 1	1	375.338094173	375.512079600	0.000	22050.000	
154	Waveform 1	1	375.625653420	375.845551667	0.000	22050.000	
154	Spectrogram 1	1	375.625653420	375.845551667	0.000	22050.000	
155	Waveform 1	1	375.876965703	376.067866379	0.000	22050.000	
155	Spectrogram 1	1	375.876965703	376.067866379	0.000	22050.000	
156	Waveform 1	1	376.237018877	376.488331160	0.000	22050.000	
156	Spectrogram 1	1	376.237018877	376.488331160	0.000	22050.000	
157	Waveform 1	1	376.526994588	376.814553835	0.000	22050.000	
157	Spectrogram 1	1	376.526994588	376.814553835	0.000	22050.000	
158	Waveform 1	1	377.943042644	378.104945749	0.000	22050.000	
158	Spectrogram 1	1	377.943042644	378.104945749	0.000	22050.000	
159	Waveform 1	1	378.165357355	378.440834281	0.000	22050.000	
159	Spectrogram 1	1	378.165357355	378.440834281	0.000	22050.000	
160	Waveform 1	1	390.960535603	391.238428993	0.000	22050.000	
160	Spectrogram 1	1	390.960535603	391.238428993	0.000	22050.000	
161	Waveform 1	1	392.809130761	393.072525365	0.000	22050.000	
161	Spectrogram 1	1	392.809130761	393.072525365	0.000	22050.000	
162	Waveform 1	1	409.999857494	410.152094742	0.000	22050.000	
162	Spectrogram 1	1	409.999857494	410.152094742	0.000	22050.000	
163	Waveform 1	1	410.224588670	410.478317417	0.000	22050.000	
163	Spectrogram 1	1	410.224588670	410.478317417	0.000	22050.000	
164	Waveform 1	1	410.516980845	410.753794342	0.000	22050.000	
164	Spectrogram 1	1	410.516980845	410.753794342	0.000	22050.000	
165	Waveform 1	1	410.765876664	411.053435911	0.000	22050.000	
165	Spectrogram 1	1	410.765876664	411.053435911	0.000	22050.000	
166	Waveform 1	1	411.350661014	411.657551975	0.000	22050.000	
166	Spectrogram 1	1	411.350661014	411.657551975	0.000	22050.000	
167	Waveform 1	1	411.713130653	412.082849685	0.000	22050.000	
167	Spectrogram 1	1	411.713130653	412.082849685	0.000	22050.000	
168	Waveform 1	1	412.157760077	412.438069930	0.000	22050.000	
168	Spectrogram 1	1	412.157760077	412.438069930	0.000	22050.000	
169	Waveform 1	1	412.522646180	412.846452390	0.000	22050.000	
169	Spectrogram 1	1	412.522646180	412.846452390	0.000	22050.000	
170	Waveform 1	1	413.001106103	413.233086671	0.000	22050.000	
170	Spectrogram 1	1	413.001106103	413.233086671	0.000	22050.000	
171	Waveform 1	1	414.489648086	414.644301798	0.000	22050.000	
171	Spectrogram 1	1	414.489648086	414.644301798	0.000	22050.000	
172	Waveform 1	1	414.666049977	414.784456725	0.000	22050.000	
172	Spectrogram 1	1	414.666049977	414.784456725	0.000	22050.000	
173	Waveform 1	1	414.943943366	415.110679400	0.000	22050.000	
173	Spectrogram 1	1	414.943943366	415.110679400	0.000	22050.000	
174	Waveform 1	1	415.125178186	415.284664827	0.000	22050.000	
174	Spectrogram 1	1	415.125178186	415.284664827	0.000	22050.000	
175	Waveform 1	1	415.330577648	415.521478324	0.000	22050.000	
175	Spectrogram 1	1	415.330577648	415.521478324	0.000	22050.000	
176	Waveform 1	1	415.526311253	415.702713143	0.000	22050.000	
176	Spectrogram 1	1	415.526311253	415.702713143	0.000	22050.000	
177	Waveform 1	1	416.176340138	416.388988993	0.000	22050.000	
177	Spectrogram 1	1	416.176340138	416.388988993	0.000	22050.000	
178	Waveform 1	1	419.010852713	419.298411960	0.000	22050.000	
178	Spectrogram 1	1	419.010852713	419.298411960	0.000	22050.000	
179	Waveform 1	1	419.351574173	419.648799277	0.000	22050.000	
179	Spectrogram 1	1	419.351574173	419.648799277	0.000	22050.000	
180	Waveform 1	1	422.906193097	423.077762060	0.000	22050.000	
180	Spectrogram 1	1	422.906193097	423.077762060	0.000	22050.000	
181	Waveform 1	1	423.179253559	423.457146948	0.000	22050.000	
181	Spectrogram 1	1	423.179253559	423.457146948	0.000	22050.000	
182	Waveform 1	1	423.505476233	423.715708624	0.000	22050.000	
182	Spectrogram 1	1	423.505476233	423.715708624	0.000	22050.000	
183	Waveform 1	1	424.505892436	424.670212006	0.000	22050.000	
183	Spectrogram 1	1	424.505892436	424.670212006	0.000	22050.000	
184	Waveform 1	1	425.989601491	426.228831452	0.000	22050.000	
184	Spectrogram 1	1	425.989601491	426.228831452	0.000	22050.000	
185	Waveform 1	1	426.250579631	426.451146164	0.000	22050.000	
185	Spectrogram 1	1	426.250579631	426.451146164	0.000	22050.000	
186	Waveform 1	1	426.463228486	426.639630376	0.000	22050.000	
186	Spectrogram 1	1	426.463228486	426.639630376	0.000	22050.000	
187	Waveform 1	1	426.646879769	426.808782874	0.000	22050.000	
187	Spectrogram 1	1	426.646879769	426.808782874	0.000	22050.000	
188	Waveform 1	1	426.813615803	427.023848193	0.000	22050.000	
188	Spectrogram 1	1	426.813615803	427.023848193	0.000	22050.000	
189	Waveform 1	1	427.867194220	428.106424181	0.000	22050.000	
189	Spectrogram 1	1	427.867194220	428.106424181	0.000	22050.000	
190	Waveform 1	1	429.365402060	429.565968593	0.000	22050.000	
190	Spectrogram 1	1	429.365402060	429.565968593	0.000	22050.000	
191	Waveform 1	1	429.590133236	429.812447947	0.000	22050.000	
191	Spectrogram 1	1	429.590133236	429.812447947	0.000	22050.000	
192	Waveform 1	1	429.846278447	430.100007194	0.000	22050.000	
192	Spectrogram 1	1	429.846278447	430.100007194	0.000	22050.000	
193	Waveform 1	1	430.124171837	430.295740799	0.000	22050.000	
193	Spectrogram 1	1	430.124171837	430.295740799	0.000	22050.000	
194	Waveform 1	1	430.315072513	430.520471975	0.000	22050.000	
194	Spectrogram 1	1	430.315072513	430.520471975	0.000	22050.000	
195	Waveform 1	1	430.527721368	430.675125688	0.000	22050.000	
195	Spectrogram 1	1	430.527721368	430.675125688	0.000	22050.000	
196	Waveform 1	1	436.259574589	436.481889300	0.000	22050.000	
196	Spectrogram 1	1	436.259574589	436.481889300	0.000	22050.000	
197	Waveform 1	1	436.513303336	436.694538155	0.000	22050.000	
197	Spectrogram 1	1	436.513303336	436.694538155	0.000	22050.000	
198	Waveform 1	1	436.866107117	437.069090115	0.000	22050.000	
198	Spectrogram 1	1	436.866107117	437.069090115	0.000	22050.000	
199	Waveform 1	1	437.545133574	437.716702536	0.000	22050.000	
199	Spectrogram 1	1	437.545133574	437.716702536	0.000	22050.000	
200	Waveform 1	1	437.740867179	437.955932498	0.000	22050.000	
200	Spectrogram 1	1	437.740867179	437.955932498	0.000	22050.000	
201	Waveform 1	1	438.006678247	438.308736280	0.000	22050.000	
201	Spectrogram 1	1	438.006678247	438.308736280	0.000	22050.000	
202	Waveform 1	1	440.773529823	441.227825104	0.000	22050.000	
202	Spectrogram 1	1	440.773529823	441.227825104	0.000	22050.000	
203	Waveform 1	1	442.465054804	442.800943336	0.000	22050.000	
203	Spectrogram 1	1	442.465054804	442.800943336	0.000	22050.000	
204	Waveform 1	1	442.890352513	443.247989223	0.000	22050.000	
204	Spectrogram 1	1	442.890352513	443.247989223	0.000	22050.000	
205	Waveform 1	1	445.057920953	445.248821629	0.000	22050.000	
205	Spectrogram 1	1	445.057920953	445.248821629	0.000	22050.000	
206	Waveform 1	1	445.275402736	445.570211376	0.000	22050.000	
206	Spectrogram 1	1	445.275402736	445.570211376	0.000	22050.000	
207	Waveform 1	1	447.360811391	447.616956602	0.000	22050.000	
207	Spectrogram 1	1	447.360811391	447.616956602	0.000	22050.000	
208	Waveform 1	1	447.629038924	447.996341491	0.000	22050.000	
208	Spectrogram 1	1	447.629038924	447.996341491	0.000	22050.000	
209	Waveform 1	1	456.132576649	456.490213359	0.000	22050.000	
209	Spectrogram 1	1	456.132576649	456.490213359	0.000	22050.000	
210	Waveform 1	1	458.536958586	458.839016618	0.000	22050.000	
210	Spectrogram 1	1	458.536958586	458.839016618	0.000	22050.000	
211	Waveform 1	1	458.851098939	459.010585580	0.000	22050.000	
211	Spectrogram 1	1	458.851098939	459.010585580	0.000	22050.000	
212	Waveform 1	1	459.466982363	459.714312694	0.000	22050.000	
212	Spectrogram 1	1	459.466982363	459.714312694	0.000	22050.000	
213	Waveform 1	1	459.811423989	460.102757875	0.000	22050.000	
213	Spectrogram 1	1	459.811423989	460.102757875	0.000	22050.000	
214	Waveform 1	1	460.124000971	460.336431929	0.000	22050.000	
214	Spectrogram 1	1	460.124000971	460.336431929	0.000	22050.000	
215	Waveform 1	1	460.359192389	460.633835271	0.000	22050.000	
215	Spectrogram 1	1	460.359192389	460.633835271	0.000	22050.000	
216	Waveform 1	1	462.632203644	462.896224978	0.000	22050.000	
216	Spectrogram 1	1	462.632203644	462.896224978	0.000	22050.000	
217	Waveform 1	1	463.034305101	463.324121623	0.000	22050.000	
217	Spectrogram 1	1	463.034305101	463.324121623	0.000	22050.000	
218	Waveform 1	1	463.339295262	463.594212413	0.000	22050.000	
218	Spectrogram 1	1	463.339295262	463.594212413	0.000	22050.000	
219	Waveform 1	1	464.081286253	464.204192736	0.000	22050.000	
219	Spectrogram 1	1	464.081286253	464.204192736	0.000	22050.000	
220	Waveform 1	1	466.443821983	466.686600221	0.000	22050.000	
220	Spectrogram 1	1	466.443821983	466.686600221	0.000	22050.000	
221	Waveform 1	1	468.516541192	468.791184074	0.000	22050.000	
221	Spectrogram 1	1	468.516541192	468.791184074	0.000	22050.000	
222	Waveform 1	1	468.810909806	469.111347875	0.000	22050.000	
222	Spectrogram 1	1	468.810909806	469.111347875	0.000	22050.000	
223	Waveform 1	1	471.540647621	471.737904940	0.000	22050.000	
223	Spectrogram 1	1	471.540647621	471.737904940	0.000	22050.000	
224	Waveform 1	1	474.581445054	474.827258020	0.000	22050.000	
224	Spectrogram 1	1	474.581445054	474.827258020	0.000	22050.000	
225	Waveform 1	1	474.840914296	475.239981025	0.000	22050.000	
225	Spectrogram 1	1	474.840914296	475.239981025	0.000	22050.000	
226	Waveform 1	1	475.365922236	475.805957793	0.000	22050.000	
226	Spectrogram 1	1	475.365922236	475.805957793	0.000	22050.000	
227	Waveform 1	1	475.828718253	476.013836660	0.000	22050.000	
227	Spectrogram 1	1	475.828718253	476.013836660	0.000	22050.000	
228	Waveform 1	1	477.464436633	477.748183699	0.000	22050.000	
228	Spectrogram 1	1	477.464436633	477.748183699	0.000	22050.000	
229	Waveform 1	1	478.927175518	479.232165679	0.000	22050.000	
229	Spectrogram 1	1	478.927175518	479.232165679	0.000	22050.000	
230	Waveform 1	1	479.277686599	479.553846845	0.000	22050.000	
230	Spectrogram 1	1	479.277686599	479.553846845	0.000	22050.000	
231	Waveform 1	1	481.989216047	482.398904324	0.000	22050.000	
231	Spectrogram 1	1	481.989216047	482.398904324	0.000	22050.000	
232	Waveform 1	1	489.978137447	490.219398321	0.000	22050.000	
232	Spectrogram 1	1	489.978137447	490.219398321	0.000	22050.000	
233	Waveform 1	1	490.623017142	490.767166721	0.000	22050.000	
233	Spectrogram 1	1	490.623017142	490.767166721	0.000	22050.000	
234	Waveform 1	1	490.779305633	490.994771319	0.000	22050.000	
234	Spectrogram 1	1	490.779305633	490.994771319	0.000	22050.000	
235	Waveform 1	1	496.220572896	496.498250506	0.000	22050.000	
235	Spectrogram 1	1	496.220572896	496.498250506	0.000	22050.000	
236	Waveform 1	1	496.575636070	496.854831044	0.000	22050.000	
236	Spectrogram 1	1	496.575636070	496.854831044	0.000	22050.000	
237	Waveform 1	1	496.874556775	497.103678738	0.000	22050.000	
237	Spectrogram 1	1	496.874556775	497.103678738	0.000	22050.000	
238	Waveform 1	1	499.402485180	499.696853794	0.000	22050.000	
238	Spectrogram 1	1	499.402485180	499.696853794	0.000	22050.000	
239	Waveform 1	1	499.702923250	500.027639144	0.000	22050.000	
239	Spectrogram 1	1	499.702923250	500.027639144	0.000	22050.000	
240	Waveform 1	1	500.953231177	501.252151883	0.000	22050.000	
240	Spectrogram 1	1	500.953231177	501.252151883	0.000	22050.000	
241	Waveform 1	1	512.828121752	513.213532205	0.000	22050.000	
241	Spectrogram 1	1	512.828121752	513.213532205	0.000	22050.000	
242	Waveform 1	1	513.298504588	513.497279271	0.000	22050.000	
242	Spectrogram 1	1	513.298504588	513.497279271	0.000	22050.000	
243	Waveform 1	1	513.626255210	513.840203532	0.000	22050.000	
243	Spectrogram 1	1	513.626255210	513.840203532	0.000	22050.000	
244	Waveform 1	1	513.923658552	514.040495579	0.000	22050.000	
244	Spectrogram 1	1	513.923658552	514.040495579	0.000	22050.000	
245	Waveform 1	1	514.067808131	514.222579257	0.000	22050.000	
245	Spectrogram 1	1	514.067808131	514.222579257	0.000	22050.000	
246	Waveform 1	1	514.873528409	515.098098279	0.000	22050.000	
246	Spectrogram 1	1	514.873528409	515.098098279	0.000	22050.000	
247	Waveform 1	1	515.149688655	515.369706433	0.000	22050.000	
247	Spectrogram 1	1	515.149688655	515.369706433	0.000	22050.000	
248	Waveform 1	1	515.424331536	515.925061653	0.000	22050.000	
248	Spectrogram 1	1	515.424331536	515.925061653	0.000	22050.000	
249	Waveform 1	1	516.635187999	516.814236950	0.000	22050.000	
249	Spectrogram 1	1	516.635187999	516.814236950	0.000	22050.000	
250	Waveform 1	1	516.833962682	517.032737364	0.000	22050.000	
250	Spectrogram 1	1	516.833962682	517.032737364	0.000	22050.000	
251	Waveform 1	1	517.057015188	517.202682131	0.000	22050.000	
251	Spectrogram 1	1	517.057015188	517.202682131	0.000	22050.000	
252	Waveform 1	1	517.229994683	517.451529825	0.000	22050.000	
252	Spectrogram 1	1	517.229994683	517.451529825	0.000	22050.000	
253	Waveform 1	1	521.970239783	522.269160489	0.000	22050.000	
253	Spectrogram 1	1	521.970239783	522.269160489	0.000	22050.000	
254	Waveform 1	1	522.305577225	522.604497931	0.000	22050.000	
254	Spectrogram 1	1	522.305577225	522.604497931	0.000	22050.000	
255	Waveform 1	1	522.653053578	522.932248552	0.000	22050.000	
255	Spectrogram 1	1	522.653053578	522.932248552	0.000	22050.000	
256	Waveform 1	1	523.423874485	523.709138914	0.000	22050.000	
256	Spectrogram 1	1	523.423874485	523.709138914	0.000	22050.000	
257	Waveform 1	1	527.059478601	527.325017299	0.000	22050.000	
257	Spectrogram 1	1	527.059478601	527.325017299	0.000	22050.000	
258	Waveform 1	1	527.818160596	528.126185485	0.000	22050.000	
258	Spectrogram 1	1	527.818160596	528.126185485	0.000	22050.000	
259	Waveform 1	1	533.738914879	534.018109853	0.000	22050.000	
259	Spectrogram 1	1	533.738914879	534.018109853	0.000	22050.000	
260	Waveform 1	1	534.693336828	535.065091005	0.000	22050.000	
260	Spectrogram 1	1	534.693336828	535.065091005	0.000	22050.000	
261	Waveform 1	1	538.983036923	539.326377201	0.000	22050.000	
261	Spectrogram 1	1	538.983036923	539.326377201	0.000	22050.000	
262	Waveform 1	1	541.313446517	541.466027338	0.000	22050.000	
262	Spectrogram 1	1	541.313446517	541.466027338	0.000	22050.000	
263	Waveform 1	1	542.953690336	543.212532799	0.000	22050.000	
263	Spectrogram 1	1	542.953690336	543.212532799	0.000	22050.000	
264	Waveform 1	1	544.040300728	544.160641979	0.000	22050.000	
264	Spectrogram 1	1	544.040300728	544.160641979	0.000	22050.000	
265	Waveform 1	1	544.172676104	544.349176605	0.000	22050.000	
265	Spectrogram 1	1	544.172676104	544.349176605	0.000	22050.000	
266	Waveform 1	1	544.362547855	544.512974419	0.000	22050.000	
266	Spectrogram 1	1	544.362547855	544.512974419	0.000	22050.000	
267	Waveform 1	1	552.596924259	552.831405819	0.000	22050.000	
267	Spectrogram 1	1	552.596924259	552.831405819	0.000	22050.000	
268	Waveform 1	1	552.869225426	553.141526592	0.000	22050.000	
268	Spectrogram 1	1	552.869225426	553.141526592	0.000	22050.000	
269	Waveform 1	1	559.419581255	559.620025169	0.000	22050.000	
269	Spectrogram 1	1	559.419581255	559.620025169	0.000	22050.000	
270	Waveform 1	1	559.714574185	559.903672217	0.000	22050.000	
270	Spectrogram 1	1	559.714574185	559.903672217	0.000	22050.000	
271	Waveform 1	1	559.941491824	560.172191423	0.000	22050.000	
271	Spectrogram 1	1	559.941491824	560.172191423	0.000	22050.000	
272	Waveform 1	1	560.217574950	560.429364746	0.000	22050.000	
272	Spectrogram 1	1	560.217574950	560.429364746	0.000	22050.000	
273	Waveform 1	1	566.358709382	566.588186380	0.000	22050.000	
273	Spectrogram 1	1	566.358709382	566.588186380	0.000	22050.000	
274	Waveform 1	1	566.619377428	566.871133747	0.000	22050.000	
274	Spectrogram 1	1	566.619377428	566.871133747	0.000	22050.000	
275	Waveform 1	1	566.966934824	567.236514599	0.000	22050.000	
275	Spectrogram 1	1	566.966934824	567.236514599	0.000	22050.000	
276	Waveform 1	1	567.780130012	568.080900836	0.000	22050.000	
276	Spectrogram 1	1	567.780130012	568.080900836	0.000	22050.000	
277	Waveform 1	1	568.613376589	568.813890471	0.000	22050.000	
277	Spectrogram 1	1	568.613376589	568.813890471	0.000	22050.000	
278	Waveform 1	1	569.148080275	569.353050021	0.000	22050.000	
278	Spectrogram 1	1	569.148080275	569.353050021	0.000	22050.000	
279	Waveform 1	1	569.847650930	570.010289968	0.000	22050.000	
279	Spectrogram 1	1	569.847650930	570.010289968	0.000	22050.000	
280	Waveform 1	1	570.028113424	570.210803850	0.000	22050.000	
280	Spectrogram 1	1	570.028113424	570.210803850	0.000	22050.000	
281	Waveform 1	1	571.826054566	572.064443293	0.000	22050.000	
281	Spectrogram 1	1	571.826054566	572.064443293	0.000	22050.000	
282	Waveform 1	1	572.329567203	572.601374910	0.000	22050.000	
282	Spectrogram 1	1	572.329567203	572.601374910	0.000	22050.000	
283	Waveform 1	1	572.668212871	572.902145733	0.000	22050.000	
283	Spectrogram 1	1	572.668212871	572.902145733	0.000	22050.000	
284	Waveform 1	1	576.306425865	576.477976630	0.000	22050.000	
284	Spectrogram 1	1	576.306425865	576.477976630	0.000	22050.000	
285	Waveform 1	1	576.500255951	576.678490512	0.000	22050.000	
285	Spectrogram 1	1	576.500255951	576.678490512	0.000	22050.000	
286	Waveform 1	1	576.727505017	576.928018899	0.000	22050.000	
286	Spectrogram 1	1	576.727505017	576.928018899	0.000	22050.000	
287	Waveform 1	1	576.992628928	577.268892498	0.000	22050.000	
287	Spectrogram 1	1	576.992628928	577.268892498	0.000	22050.000	
288	Waveform 1	1	577.380289100	577.598626438	0.000	22050.000	
288	Spectrogram 1	1	577.380289100	577.598626438	0.000	22050.000	
289	Waveform 1	1	577.667692331	577.995198338	0.000	22050.000	
289	Spectrogram 1	1	577.667692331	577.995198338	0.000	22050.000	
290	Waveform 1	1	582.459974112	582.783024255	0.000	22050.000	
290	Spectrogram 1	1	582.459974112	582.783024255	0.000	22050.000	
291	Waveform 1	1	585.911040816	586.156113338	0.000	22050.000	
291	Spectrogram 1	1	585.911040816	586.156113338	0.000	22050.000	
292	Waveform 1	1	586.178392659	586.619523199	0.000	22050.000	
292	Spectrogram 1	1	586.178392659	586.619523199	0.000	22050.000	
293	Waveform 1	1	586.795529829	587.007183371	0.000	22050.000	
293	Spectrogram 1	1	586.795529829	587.007183371	0.000	22050.000	
294	Waveform 1	1	589.159365705	589.397754432	0.000	22050.000	
294	Spectrogram 1	1	589.159365705	589.397754432	0.000	22050.000	
295	Waveform 1	1	589.658422478	589.928002253	0.000	22050.000	
295	Spectrogram 1	1	589.658422478	589.928002253	0.000	22050.000	
296	Waveform 1	1	589.992612282	590.315662425	0.000	22050.000	
296	Spectrogram 1	1	589.992612282	590.315662425	0.000	22050.000	
297	Waveform 1	1	591.029786485	591.199701128	0.000	22050.000	
297	Spectrogram 1	1	591.029786485	591.199701128	0.000	22050.000	
298	Waveform 1	1	591.210782518	591.425022721	0.000	22050.000	
298	Spectrogram 1	1	591.210782518	591.425022721	0.000	22050.000	
299	Waveform 1	1	591.441644806	591.770392703	0.000	22050.000	
299	Spectrogram 1	1	591.441644806	591.770392703	0.000	22050.000	
300	Waveform 1	1	592.649516293	592.804655750	0.000	22050.000	
300	Spectrogram 1	1	592.649516293	592.804655750	0.000	22050.000	
301	Waveform 1	1	592.832359225	593.096465682	0.000	22050.000	
301	Spectrogram 1	1	592.832359225	593.096465682	0.000	22050.000	
302	Waveform 1	1	593.103853275	593.342103155	0.000	22050.000	
302	Spectrogram 1	1	593.103853275	593.342103155	0.000	22050.000	
303	Waveform 1	1	593.717023510	593.982976865	0.000	22050.000	
303	Spectrogram 1	1	593.717023510	593.982976865	0.000	22050.000	
305	Waveform 1	1	594.138116322	594.481639406	0.000	22050.000	
305	Spectrogram 1	1	594.138116322	594.481639406	0.000	22050.000	
306	Waveform 1	1	594.826753005	595.114062953	0.000	22050.000	
306	Spectrogram 1	1	594.826753005	595.114062953	0.000	22050.000	
307	Waveform 1	1	596.440912534	596.696879579	0.000	22050.000	
307	Spectrogram 1	1	596.440912534	596.696879579	0.000	22050.000	
308	Waveform 1	1	599.277445298	599.590874333	0.000	22050.000	
308	Spectrogram 1	1	599.277445298	599.590874333	0.000	22050.000	
309	Waveform 1	1	601.027846254	601.301224327	0.000	22050.000	
309	Spectrogram 1	1	601.027846254	601.301224327	0.000	22050.000	
310	Waveform 1	1	601.343828702	601.585253495	0.000	22050.000	
310	Spectrogram 1	1	601.343828702	601.585253495	0.000	22050.000	
311	Waveform 1	1	602.311303054	602.637936597	0.000	22050.000	
311	Spectrogram 1	1	602.311303054	602.637936597	0.000	22050.000	
312	Waveform 1	1	609.374753413	609.729789872	0.000	22050.000	
312	Spectrogram 1	1	609.374753413	609.729789872	0.000	22050.000	
313	Waveform 1	1	611.414437872	611.762373602	0.000	22050.000	
313	Spectrogram 1	1	611.414437872	611.762373602	0.000	22050.000	
314	Waveform 1	1	611.916814462	612.239897640	0.000	22050.000	
314	Spectrogram 1	1	611.916814462	612.239897640	0.000	22050.000	
315	Waveform 1	1	612.376586677	612.658840662	0.000	22050.000	
315	Spectrogram 1	1	612.376586677	612.658840662	0.000	22050.000	
316	Waveform 1	1	612.710320949	612.898490272	0.000	22050.000	
316	Spectrogram 1	1	612.710320949	612.898490272	0.000	22050.000	
317	Waveform 1	1	612.939319465	613.214472721	0.000	22050.000	
317	Spectrogram 1	1	612.939319465	613.214472721	0.000	22050.000	
318	Waveform 1	1	613.225123815	613.455897513	0.000	22050.000	
318	Spectrogram 1	1	613.225123815	613.455897513	0.000	22050.000	
319	Waveform 1	1	617.350647472	617.632901458	0.000	22050.000	
319	Spectrogram 1	1	617.350647472	617.632901458	0.000	22050.000	
320	Waveform 1	1	617.670180286	617.900953984	0.000	22050.000	
320	Spectrogram 1	1	617.670180286	617.900953984	0.000	22050.000	
321	Waveform 1	1	617.927581719	618.222261980	0.000	22050.000	
321	Spectrogram 1	1	617.927581719	618.222261980	0.000	22050.000	
322	Waveform 1	1	618.243564168	618.524042971	0.000	22050.000	
322	Spectrogram 1	1	618.243564168	618.524042971	0.000	22050.000	
323	Waveform 1	1	618.540019611	618.864877972	0.000	22050.000	
323	Spectrogram 1	1	618.540019611	618.864877972	0.000	22050.000	
324	Waveform 1	1	618.957187451	619.264293988	0.000	22050.000	
324	Spectrogram 1	1	618.957187451	619.264293988	0.000	22050.000	
325	Waveform 1	1	619.333526098	619.617555265	0.000	22050.000	
325	Spectrogram 1	1	619.333526098	619.617555265	0.000	22050.000	
326	Waveform 1	1	624.177998586	624.375043821	0.000	22050.000	
326	Spectrogram 1	1	624.177998586	624.375043821	0.000	22050.000	
327	Waveform 1	1	624.412322649	624.671499264	0.000	22050.000	
327	Spectrogram 1	1	624.412322649	624.671499264	0.000	22050.000	
328	Waveform 1	1	624.687475905	624.959078796	0.000	22050.000	
328	Spectrogram 1	1	624.687475905	624.959078796	0.000	22050.000	
329	Waveform 1	1	630.005922066	630.348532249	0.000	22050.000	
329	Spectrogram 1	1	630.005922066	630.348532249	0.000	22050.000	
330	Waveform 1	1	630.392911807	630.604158500	0.000	22050.000	
330	Spectrogram 1	1	630.392911807	630.604158500	0.000	22050.000	
331	Waveform 1	1	631.056829986	631.552105847	0.000	22050.000	
331	Spectrogram 1	1	631.056829986	631.552105847	0.000	22050.000	
332	Waveform 1	1	632.267504312	632.752129079	0.000	22050.000	
332	Spectrogram 1	1	632.267504312	632.752129079	0.000	22050.000	
333	Waveform 1	1	632.769880902	633.187048742	0.000	22050.000	
333	Spectrogram 1	1	632.769880902	633.187048742	0.000	22050.000	
334	Waveform 1	1	636.664630861	636.959311122	0.000	22050.000	
334	Spectrogram 1	1	636.664630861	636.959311122	0.000	22050.000	
335	Waveform 1	1	637.159906722	637.406657061	0.000	22050.000	
335	Spectrogram 1	1	637.159906722	637.406657061	0.000	22050.000	
336	Waveform 1	1	637.887731464	638.230341647	0.000	22050.000	
336	Spectrogram 1	1	637.887731464	638.230341647	0.000	22050.000	
337	Waveform 1	1	638.643959122	638.864081727	0.000	22050.000	
337	Spectrogram 1	1	638.643959122	638.864081727	0.000	22050.000	
338	Waveform 1	1	642.790784967	643.042860853	0.000	22050.000	
338	Spectrogram 1	1	642.790784967	643.042860853	0.000	22050.000	
339	Waveform 1	1	647.187911516	647.406258939	0.000	22050.000	
339	Spectrogram 1	1	647.187911516	647.406258939	0.000	22050.000	
340	Waveform 1	1	658.183390663	658.328955611	0.000	22050.000	
340	Spectrogram 1	1	658.183390663	658.328955611	0.000	22050.000	
341	Waveform 1	1	658.364459257	658.557954127	0.000	22050.000	
341	Spectrogram 1	1	658.364459257	658.557954127	0.000	22050.000	
342	Waveform 1	1	658.604108867	658.763875274	0.000	22050.000	
342	Spectrogram 1	1	658.604108867	658.763875274	0.000	22050.000	
343	Waveform 1	1	658.790503008	658.969796420	0.000	22050.000	
343	Spectrogram 1	1	658.790503008	658.969796420	0.000	22050.000	
344	Waveform 1	1	658.999974519	659.172167202	0.000	22050.000	
344	Spectrogram 1	1	658.999974519	659.172167202	0.000	22050.000	
345	Waveform 1	1	661.091139265	661.309486687	0.000	22050.000	
345	Spectrogram 1	1	661.091139265	661.309486687	0.000	22050.000	
346	Waveform 1	1	666.757521156	667.068178058	0.000	22050.000	
346	Spectrogram 1	1	666.757521156	667.068178058	0.000	22050.000	
347	Waveform 1	1	667.112557615	667.384160507	0.000	22050.000	
347	Spectrogram 1	1	667.112557615	667.384160507	0.000	22050.000	
348	Waveform 1	1	667.398361965	667.595407200	0.000	22050.000	
348	Spectrogram 1	1	667.398361965	667.595407200	0.000	22050.000	
349	Waveform 1	1	668.816732620	669.095436241	0.000	22050.000	
349	Spectrogram 1	1	668.816732620	669.095436241	0.000	22050.000	
350	Waveform 1	1	669.177094626	669.393666867	0.000	22050.000	
350	Spectrogram 1	1	669.177094626	669.393666867	0.000	22050.000	
351	Waveform 1	1	669.459348612	669.713199680	0.000	22050.000	
351	Spectrogram 1	1	669.459348612	669.713199680	0.000	22050.000	
352	Waveform 1	1	672.904977450	673.141076695	0.000	22050.000	
352	Spectrogram 1	1	672.904977450	673.141076695	0.000	22050.000	
353	Waveform 1	1	674.925134903	675.281946545	0.000	22050.000	
353	Spectrogram 1	1	674.925134903	675.281946545	0.000	22050.000	
354	Waveform 1	1	679.174921322	679.409245385	0.000	22050.000	
354	Spectrogram 1	1	679.174921322	679.409245385	0.000	22050.000	
355	Waveform 1	1	679.414570932	679.645344631	0.000	22050.000	
355	Spectrogram 1	1	679.414570932	679.645344631	0.000	22050.000	
356	Waveform 1	1	680.559563513	680.769035024	0.000	22050.000	
356	Spectrogram 1	1	680.559563513	680.769035024	0.000	22050.000	
357	Waveform 1	1	680.781461300	680.994483176	0.000	22050.000	
357	Spectrogram 1	1	680.781461300	680.994483176	0.000	22050.000	
358	Waveform 1	1	683.643055163	683.864952950	0.000	22050.000	
358	Spectrogram 1	1	683.643055163	683.864952950	0.000	22050.000	
359	Waveform 1	1	692.309495136	692.597074668	0.000	22050.000	
359	Spectrogram 1	1	692.309495136	692.597074668	0.000	22050.000	
360	Waveform 1	1	692.799445450	693.118978263	0.000	22050.000	
360	Spectrogram 1	1	692.799445450	693.118978263	0.000	22050.000	
361	Waveform 1	1	708.486731406	708.877271511	0.000	22050.000	
361	Spectrogram 1	1	708.486731406	708.877271511	0.000	22050.000	
362	Waveform 1	1	725.808723543	726.245548260	0.000	22050.000	
362	Spectrogram 1	1	725.808723543	726.245548260	0.000	22050.000	
363	Waveform 1	1	731.909377775	732.101807694	0.000	22050.000	
363	Spectrogram 1	1	731.909377775	732.101807694	0.000	22050.000	
364	Waveform 1	1	732.132314876	732.301277732	0.000	22050.000	
364	Spectrogram 1	1	732.132314876	732.301277732	0.000	22050.000	
365	Waveform 1	1	732.343518446	732.491360945	0.000	22050.000	
365	Spectrogram 1	1	732.343518446	732.491360945	0.000	22050.000	
366	Waveform 1	1	732.512481302	732.742458523	0.000	22050.000	
366	Spectrogram 1	1	732.512481302	732.742458523	0.000	22050.000	
367	Waveform 1	1	732.763578880	732.984169275	0.000	22050.000	
367	Spectrogram 1	1	732.763578880	732.984169275	0.000	22050.000	
368	Waveform 1	1	732.998249513	733.209453084	0.000	22050.000	
368	Spectrogram 1	1	732.998249513	733.209453084	0.000	22050.000	
369	Waveform 1	1	736.832767663	737.280988572	0.000	22050.000	
369	Spectrogram 1	1	736.832767663	737.280988572	0.000	22050.000	
370	Waveform 1	1	743.830645949	744.065316583	0.000	22050.000	
370	Spectrogram 1	1	743.830645949	744.065316583	0.000	22050.000	
371	Waveform 1	1	744.135717773	744.297640510	0.000	22050.000	
371	Spectrogram 1	1	744.135717773	744.297640510	0.000	22050.000	
372	Waveform 1	1	744.377428525	744.581591976	0.000	22050.000	
372	Spectrogram 1	1	744.377428525	744.581591976	0.000	22050.000	
373	Waveform 1	1	744.633219515	744.891357212	0.000	22050.000	
373	Spectrogram 1	1	744.633219515	744.891357212	0.000	22050.000	
374	Waveform 1	1	761.571745831	762.127915232	0.000	22050.000	
374	Spectrogram 1	1	761.571745831	762.127915232	0.000	22050.000	
375	Waveform 1	1	766.936316510	767.490139204	0.000	22050.000	
375	Spectrogram 1	1	766.936316510	767.490139204	0.000	22050.000	
376	Waveform 1	1	770.513955983	771.058229987	0.000	22050.000	
376	Spectrogram 1	1	770.513955983	771.058229987	0.000	22050.000	
377	Waveform 1	1	772.177393164	772.377357988	0.000	22050.000	
377	Spectrogram 1	1	772.177393164	772.377357988	0.000	22050.000	
378	Waveform 1	1	772.414274571	772.541944420	0.000	22050.000	
378	Spectrogram 1	1	772.414274571	772.541944420	0.000	22050.000	
379	Waveform 1	1	772.566555475	772.754214771	0.000	22050.000	
379	Spectrogram 1	1	772.566555475	772.754214771	0.000	22050.000	
380	Waveform 1	1	772.780364017	772.960332359	0.000	22050.000	
380	Spectrogram 1	1	772.780364017	772.960332359	0.000	22050.000	
381	Waveform 1	1	772.975714268	773.307963514	0.000	22050.000	
381	Spectrogram 1	1	772.975714268	773.307963514	0.000	22050.000	
382	Waveform 1	1	775.723747224	776.180566630	0.000	22050.000	
382	Spectrogram 1	1	775.723747224	776.180566630	0.000	22050.000	
383	Waveform 1	1	782.458570470	783.015455079	0.000	22050.000	
383	Spectrogram 1	1	782.458570470	783.015455079	0.000	22050.000	
384	Waveform 1	1	785.625851686	786.030463161	0.000	22050.000	
384	Spectrogram 1	1	785.625851686	786.030463161	0.000	22050.000	
385	Waveform 1	1	791.368724222	791.690673137	0.000	22050.000	
385	Spectrogram 1	1	791.368724222	791.690673137	0.000	22050.000	
386	Waveform 1	1	791.851647594	792.230155102	0.000	22050.000	
386	Spectrogram 1	1	791.851647594	792.230155102	0.000	22050.000	
387	Waveform 1	1	793.713730507	794.257563134	0.000	22050.000	
387	Spectrogram 1	1	793.713730507	794.257563134	0.000	22050.000	
388	Waveform 1	1	796.672179995	797.298675181	0.000	22050.000	
388	Spectrogram 1	1	796.672179995	797.298675181	0.000	22050.000	
389	Waveform 1	1	797.350883113	797.803351858	0.000	22050.000	
389	Spectrogram 1	1	797.350883113	797.803351858	0.000	22050.000	
390	Waveform 1	1	797.920819706	798.503808281	0.000	22050.000	
390	Spectrogram 1	1	797.920819706	798.503808281	0.000	22050.000	
391	Waveform 1	1	801.470959091	801.688492142	0.000	22050.000	
391	Spectrogram 1	1	801.470959091	801.688492142	0.000	22050.000	
392	Waveform 1	1	801.736349413	802.084402294	0.000	22050.000	
392	Spectrogram 1	1	801.736349413	802.084402294	0.000	22050.000	
393	Waveform 1	1	802.132259565	802.549923022	0.000	22050.000	
393	Spectrogram 1	1	802.132259565	802.549923022	0.000	22050.000	
394	Waveform 1	1	802.593429632	802.871871937	0.000	22050.000	
394	Spectrogram 1	1	802.593429632	802.871871937	0.000	22050.000	
395	Waveform 1	1	802.919729208	803.206872835	0.000	22050.000	
395	Spectrogram 1	1	802.919729208	803.206872835	0.000	22050.000	
396	Waveform 1	1	803.259080767	803.563627038	0.000	22050.000	
396	Spectrogram 1	1	803.259080767	803.563627038	0.000	22050.000	
397	Waveform 1	1	804.168368919	804.768760138	0.000	22050.000	
397	Spectrogram 1	1	804.168368919	804.768760138	0.000	22050.000	
398	Waveform 1	1	806.153439554	806.374776785	0.000	22050.000	
398	Spectrogram 1	1	806.153439554	806.374776785	0.000	22050.000	
399	Waveform 1	1	806.406396390	806.767386874	0.000	22050.000	
399	Spectrogram 1	1	806.406396390	806.767386874	0.000	22050.000	
400	Waveform 1	1	806.796371511	807.096757754	0.000	22050.000	
400	Spectrogram 1	1	806.796371511	807.096757754	0.000	22050.000	
401	Waveform 1	1	807.131012325	807.536797249	0.000	22050.000	
401	Spectrogram 1	1	807.131012325	807.536797249	0.000	22050.000	
402	Waveform 1	1	807.597401491	807.971566811	0.000	22050.000	
402	Spectrogram 1	1	807.597401491	807.971566811	0.000	22050.000	
403	Waveform 1	1	825.520447293	825.733879623	0.000	22050.000	
403	Spectrogram 1	1	825.520447293	825.733879623	0.000	22050.000	
404	Waveform 1	1	825.765499227	826.026360964	0.000	22050.000	
404	Spectrogram 1	1	825.765499227	826.026360964	0.000	22050.000	
405	Waveform 1	1	827.272700374	827.573086616	0.000	22050.000	
405	Spectrogram 1	1	827.272700374	827.573086616	0.000	22050.000	
406	Waveform 1	1	827.615246089	827.915632331	0.000	22050.000	
406	Spectrogram 1	1	827.615246089	827.915632331	0.000	22050.000	
407	Waveform 1	1	828.026300947	828.313512354	0.000	22050.000	
407	Spectrogram 1	1	828.026300947	828.313512354	0.000	22050.000	
408	Waveform 1	1	829.085557697	829.349054401	0.000	22050.000	
408	Spectrogram 1	1	829.085557697	829.349054401	0.000	22050.000	
409	Waveform 1	1	829.391213873	829.612551105	0.000	22050.000	
409	Spectrogram 1	1	829.391213873	829.612551105	0.000	22050.000	
410	Waveform 1	1	829.654710577	829.947191919	0.000	22050.000	
410	Spectrogram 1	1	829.654710577	829.947191919	0.000	22050.000	
411	Waveform 1	1	831.607221153	831.786398912	0.000	22050.000	
411	Spectrogram 1	1	831.607221153	831.786398912	0.000	22050.000	
412	Waveform 1	1	831.844368187	832.028815880	0.000	22050.000	
412	Spectrogram 1	1	831.844368187	832.028815880	0.000	22050.000	
413	Waveform 1	1	832.049895616	832.316027287	0.000	22050.000	
413	Spectrogram 1	1	832.049895616	832.316027287	0.000	22050.000	
414	Waveform 1	1	832.439870738	832.690192606	0.000	22050.000	
414	Spectrogram 1	1	832.439870738	832.690192606	0.000	22050.000	
415	Waveform 1	1	834.218473489	834.421365951	0.000	22050.000	
415	Spectrogram 1	1	834.218473489	834.421365951	0.000	22050.000	
416	Waveform 1	1	836.131459560	836.379146461	0.000	22050.000	
416	Spectrogram 1	1	836.131459560	836.379146461	0.000	22050.000	
417	Waveform 1	1	838.010191059	838.502929895	0.000	22050.000	
417	Spectrogram 1	1	838.010191059	838.502929895	0.000	22050.000	
418	Waveform 1	1	843.630575754	843.886167556	0.000	22050.000	
418	Spectrogram 1	1	843.630575754	843.886167556	0.000	22050.000	
419	Waveform 1	1	843.899342392	844.236618173	0.000	22050.000	
419	Spectrogram 1	1	843.899342392	844.236618173	0.000	22050.000	
420	Waveform 1	1	844.249793008	844.602878591	0.000	22050.000	
420	Spectrogram 1	1	844.249793008	844.602878591	0.000	22050.000	
421	Waveform 1	1	844.718817141	845.090347493	0.000	22050.000	
421	Spectrogram 1	1	844.718817141	845.090347493	0.000	22050.000	
422	Waveform 1	1	848.033605676	848.676537634	0.000	22050.000	
422	Spectrogram 1	1	848.033605676	848.676537634	0.000	22050.000	
424	Waveform 1	1	854.411812870	854.812401528	0.000	22050.000	
424	Spectrogram 1	1	854.411812870	854.812401528	0.000	22050.000	
425	Waveform 1	1	857.860601737	858.151261415	0.000	22050.000	
425	Spectrogram 1	1	857.860601737	858.151261415	0.000	22050.000	
426	Waveform 1	1	858.255600786	858.512722809	0.000	22050.000	
426	Spectrogram 1	1	858.255600786	858.512722809	0.000	22050.000	
427	Waveform 1	1	861.747243324	862.119883936	0.000	22050.000	
427	Spectrogram 1	1	861.747243324	862.119883936	0.000	22050.000	
428	Waveform 1	1	862.151558388	862.451534081	0.000	22050.000	
428	Spectrogram 1	1	862.151558388	862.451534081	0.000	22050.000	
429	Waveform 1	1	864.335232377	864.840160406	0.000	22050.000	
429	Spectrogram 1	1	864.335232377	864.840160406	0.000	22050.000	
430	Waveform 1	1	865.365583670	865.859332481	0.000	22050.000	
430	Spectrogram 1	1	865.365583670	865.859332481	0.000	22050.000	
431	Waveform 1	1	866.721995499	867.021971192	0.000	22050.000	
431	Spectrogram 1	1	866.721995499	867.021971192	0.000	22050.000	
432	Waveform 1	1	867.709493121	868.138029825	0.000	22050.000	
432	Spectrogram 1	1	867.709493121	868.138029825	0.000	22050.000	
433	Waveform 1	1	868.188336308	868.443595128	0.000	22050.000	
433	Spectrogram 1	1	868.188336308	868.443595128	0.000	22050.000	
434	Waveform 1	1	869.170244322	869.444135172	0.000	22050.000	
434	Spectrogram 1	1	869.170244322	869.444135172	0.000	22050.000	
435	Waveform 1	1	869.462767202	869.742247662	0.000	22050.000	
435	Spectrogram 1	1	869.462767202	869.742247662	0.000	22050.000	
436	Waveform 1	1	869.796280550	870.029180933	0.000	22050.000	
436	Spectrogram 1	1	869.796280550	870.029180933	0.000	22050.000	
437	Waveform 1	1	873.047569893	873.336366368	0.000	22050.000	
437	Spectrogram 1	1	873.047569893	873.336366368	0.000	22050.000	
438	Waveform 1	1	873.379220038	873.731365417	0.000	22050.000	
438	Spectrogram 1	1	873.379220038	873.731365417	0.000	22050.000	
439	Waveform 1	1	873.772355884	874.152449309	0.000	22050.000	
439	Spectrogram 1	1	873.772355884	874.152449309	0.000	22050.000	
440	Waveform 1	1	875.698729074	876.009342170	0.000	22050.000	
440	Spectrogram 1	1	875.698729074	876.009342170	0.000	22050.000	
441	Waveform 1	1	876.055514387	876.372423695	0.000	22050.000	
441	Spectrogram 1	1	876.055514387	876.372423695	0.000	22050.000	
442	Waveform 1	1	876.397608540	876.773282488	0.000	22050.000	
442	Spectrogram 1	1	876.397608540	876.773282488	0.000	22050.000	
443	Waveform 1	1	876.821553442	877.255992029	0.000	22050.000	
443	Spectrogram 1	1	876.821553442	877.255992029	0.000	22050.000	
444	Waveform 1	1	878.437581036	879.058807228	0.000	22050.000	
444	Spectrogram 1	1	878.437581036	879.058807228	0.000	22050.000	
445	Waveform 1	1	886.014022095	886.517719008	0.000	22050.000	
445	Spectrogram 1	1	886.014022095	886.517719008	0.000	22050.000	
446	Waveform 1	1	887.867291931	888.115892455	0.000	22050.000	
446	Spectrogram 1	1	887.867291931	888.115892455	0.000	22050.000	
447	Waveform 1	1	892.885831919	893.187609025	0.000	22050.000	
447	Spectrogram 1	1	892.885831919	893.187609025	0.000	22050.000	
448	Waveform 1	1	894.432036015	894.616283474	0.000	22050.000	
448	Spectrogram 1	1	894.432036015	894.616283474	0.000	22050.000	
449	Waveform 1	1	895.962417968	896.315872277	0.000	22050.000	
449	Spectrogram 1	1	895.962417968	896.315872277	0.000	22050.000	
450	Waveform 1	1	896.349713647	896.748289782	0.000	22050.000	
450	Spectrogram 1	1	896.349713647	896.748289782	0.000	22050.000	
451	Waveform 1	1	895.721768226	895.939857055	0.000	22050.000	
451	Spectrogram 1	1	895.721768226	895.939857055	0.000	22050.000	
452	Waveform 1	1	900.004581604	900.350515608	0.000	22050.000	
452	Spectrogram 1	1	900.004581604	900.350515608	0.000	22050.000	
453	Waveform 1	1	903.783534585	903.994103109	0.000	22050.000	
453	Spectrogram 1	1	903.783534585	903.994103109	0.000	22050.000	
454	Waveform 1	1	904.821336597	905.054466035	0.000	22050.000	
454	Spectrogram 1	1	904.821336597	905.054466035	0.000	22050.000	
455	Waveform 1	1	910.397642339	910.709734973	0.000	22050.000	
455	Spectrogram 1	1	910.397642339	910.709734973	0.000	22050.000	
456	Waveform 1	1	910.784938017	911.232396131	0.000	22050.000	
456	Spectrogram 1	1	910.784938017	911.232396131	0.000	22050.000	
457	Waveform 1	1	917.887865560	918.124755149	0.000	22050.000	
457	Spectrogram 1	1	917.887865560	918.124755149	0.000	22050.000	
458	Waveform 1	1	920.328204350	920.636536832	0.000	22050.000	
458	Spectrogram 1	1	920.328204350	920.636536832	0.000	22050.000	
459	Waveform 1	1	921.057673880	921.448729711	0.000	22050.000	
459	Spectrogram 1	1	921.057673880	921.448729711	0.000	22050.000	
462	Waveform 1	1	921.636737322	921.918748739	0.000	22050.000	
462	Spectrogram 1	1	921.636737322	921.918748739	0.000	22050.000	
463	Waveform 1	1	929.630820941	929.927872966	0.000	22050.000	
463	Spectrogram 1	1	929.630820941	929.927872966	0.000	22050.000	
464	Waveform 1	1	932.740466826	932.943515046	0.000	22050.000	
464	Spectrogram 1	1	932.740466826	932.943515046	0.000	22050.000	
465	Waveform 1	1	933.014957938	933.236806919	0.000	22050.000	
465	Spectrogram 1	1	933.014957938	933.236806919	0.000	22050.000	
466	Waveform 1	1	933.270648289	933.541379249	0.000	22050.000	
466	Spectrogram 1	1	933.270648289	933.541379249	0.000	22050.000	
467	Waveform 1	1	933.590261228	933.812110208	0.000	22050.000	
467	Spectrogram 1	1	933.590261228	933.812110208	0.000	22050.000	
468	Waveform 1	1	933.842191426	934.116682538	0.000	22050.000	
468	Spectrogram 1	1	933.842191426	934.116682538	0.000	22050.000	
469	Waveform 1	1	934.240767561	934.428775172	0.000	22050.000	
469	Spectrogram 1	1	934.240767561	934.428775172	0.000	22050.000	
470	Waveform 1	1	934.451336086	934.737107654	0.000	22050.000	
470	Spectrogram 1	1	934.451336086	934.737107654	0.000	22050.000	
471	Waveform 1	1	936.410375392	936.714947722	0.000	22050.000	
471	Spectrogram 1	1	936.410375392	936.714947722	0.000	22050.000	
472	Waveform 1	1	936.748789092	937.053361422	0.000	22050.000	
472	Spectrogram 1	1	936.748789092	937.053361422	0.000	22050.000	
473	Waveform 1	1	937.109763705	937.451937557	0.000	22050.000	
473	Spectrogram 1	1	937.109763705	937.451937557	0.000	22050.000	
474	Waveform 1	1	937.504579688	937.737709125	0.000	22050.000	
474	Spectrogram 1	1	937.504579688	937.737709125	0.000	22050.000	
475	Waveform 1	1	937.767790343	938.049801760	0.000	22050.000	
475	Spectrogram 1	1	937.767790343	938.049801760	0.000	22050.000	
476	Waveform 1	1	938.098683739	938.320532719	0.000	22050.000	
476	Spectrogram 1	1	938.098683739	938.320532719	0.000	22050.000	
477	Waveform 1	1	940.621745878	940.982720491	0.000	22050.000	
477	Spectrogram 1	1	940.621745878	940.982720491	0.000	22050.000	
478	Waveform 1	1	941.076724296	941.370016169	0.000	22050.000	
478	Spectrogram 1	1	941.076724296	941.370016169	0.000	22050.000	
479	Waveform 1	1	941.445219214	941.708429869	0.000	22050.000	
479	Spectrogram 1	1	941.445219214	941.708429869	0.000	22050.000	
480	Waveform 1	1	941.791153218	942.039323264	0.000	22050.000	
480	Spectrogram 1	1	941.791153218	942.039323264	0.000	22050.000	
481	Waveform 1	1	944.231492008	944.528544034	0.000	22050.000	
481	Spectrogram 1	1	944.231492008	944.528544034	0.000	22050.000	
482	Waveform 1	1	944.615027535	944.851917124	0.000	22050.000	
482	Spectrogram 1	1	944.615027535	944.851917124	0.000	22050.000	
483	Waveform 1	1	947.232093479	947.468983069	0.000	22050.000	
483	Spectrogram 1	1	947.232093479	947.468983069	0.000	22050.000	
484	Waveform 1	1	947.484023678	947.769795247	0.000	22050.000	
484	Spectrogram 1	1	947.484023678	947.769795247	0.000	22050.000	
485	Waveform 1	1	949.149771111	949.428022375	0.000	22050.000	
485	Spectrogram 1	1	949.149771111	949.428022375	0.000	22050.000	
486	Waveform 1	1	949.454343441	949.713793944	0.000	22050.000	
486	Spectrogram 1	1	949.454343441	949.713793944	0.000	22050.000	
487	Waveform 1	1	949.781476684	950.074768557	0.000	22050.000	
487	Spectrogram 1	1	949.781476684	950.074768557	0.000	22050.000	
488	Waveform 1	1	950.112370079	950.439503322	0.000	22050.000	
488	Spectrogram 1	1	950.112370079	950.439503322	0.000	22050.000	
489	Waveform 1	1	953.752197428	954.079330671	0.000	22050.000	
489	Spectrogram 1	1	953.752197428	954.079330671	0.000	22050.000	
490	Waveform 1	1	959.678197325	959.960208742	0.000	22050.000	
490	Spectrogram 1	1	959.678197325	959.960208742	0.000	22050.000	
491	Waveform 1	1	960.039171938	960.373825486	0.000	22050.000	
491	Spectrogram 1	1	960.039171938	960.373825486	0.000	22050.000	
492	Waveform 1	1	960.449028530	960.791202382	0.000	22050.000	
492	Spectrogram 1	1	960.449028530	960.791202382	0.000	22050.000	
493	Waveform 1	1	964.077575422	964.246782272	0.000	22050.000	
493	Spectrogram 1	1	964.077575422	964.246782272	0.000	22050.000	
494	Waveform 1	1	964.303184555	964.509992927	0.000	22050.000	
494	Spectrogram 1	1	964.303184555	964.509992927	0.000	22050.000	
495	Waveform 1	1	964.521273384	964.686720082	0.000	22050.000	
495	Spectrogram 1	1	964.521273384	964.686720082	0.000	22050.000	
496	Waveform 1	1	964.859687084	965.171779718	0.000	22050.000	
496	Spectrogram 1	1	964.859687084	965.171779718	0.000	22050.000	
497	Waveform 1	1	965.209381240	965.577876158	0.000	22050.000	
497	Spectrogram 1	1	965.209381240	965.577876158	0.000	22050.000	
498	Waveform 1	1	967.852768250	968.112218753	0.000	22050.000	
498	Spectrogram 1	1	967.852768250	968.112218753	0.000	22050.000	
499	Waveform 1	1	968.131019514	968.367909104	0.000	22050.000	
499	Spectrogram 1	1	968.131019514	968.367909104	0.000	22050.000	
500	Waveform 1	1	989.084571170	989.224740271	0.000	22050.000	
500	Spectrogram 1	1	989.084571170	989.224740271	0.000	22050.000	
501	Waveform 1	1	989.257721237	989.437055234	0.000	22050.000	
501	Spectrogram 1	1	989.257721237	989.437055234	0.000	22050.000	
502	Waveform 1	1	989.566917785	989.768926196	0.000	22050.000	
502	Spectrogram 1	1	989.566917785	989.768926196	0.000	22050.000	
503	Waveform 1	1	989.799845851	989.944137573	0.000	22050.000	
503	Spectrogram 1	1	989.799845851	989.944137573	0.000	22050.000	
504	Waveform 1	1	989.987425090	990.115226330	0.000	22050.000	
504	Spectrogram 1	1	989.987425090	990.115226330	0.000	22050.000	
505	Waveform 1	1	990.125532882	990.302805569	0.000	22050.000	
505	Spectrogram 1	1	990.125532882	990.302805569	0.000	22050.000	
506	Waveform 1	1	990.387319292	990.564591980	0.000	22050.000	
506	Spectrogram 1	1	990.387319292	990.564591980	0.000	22050.000	
507	Waveform 1	1	990.739803357	990.906769493	0.000	22050.000	
507	Spectrogram 1	1	990.739803357	990.906769493	0.000	22050.000	
508	Waveform 1	1	990.929443907	991.092287422	0.000	22050.000	
508	Spectrogram 1	1	990.929443907	991.092287422	0.000	22050.000	
509	Waveform 1	1	991.119084456	991.319031557	0.000	22050.000	
509	Spectrogram 1	1	991.119084456	991.319031557	0.000	22050.000	
511	Waveform 1	1	990.581082463	990.715067633	0.000	22050.000	
511	Spectrogram 1	1	990.581082463	990.715067633	0.000	22050.000	
512	Waveform 1	1	993.938956975	994.219295179	0.000	22050.000	
512	Spectrogram 1	1	993.938956975	994.219295179	0.000	22050.000	
513	Waveform 1	1	994.237846972	994.629495933	0.000	22050.000	
513	Spectrogram 1	1	994.237846972	994.629495933	0.000	22050.000	
514	Waveform 1	1	998.282137821	998.640805817	0.000	22050.000	
514	Spectrogram 1	1	998.282137821	998.640805817	0.000	22050.000	
515	Waveform 1	1	998.675848092	999.055129191	0.000	22050.000	
515	Spectrogram 1	1	998.675848092	999.055129191	0.000	22050.000	
516	Waveform 1	1	1013.622409229	1013.770823572	0.000	22050.000	
516	Spectrogram 1	1	1013.622409229	1013.770823572	0.000	22050.000	
517	Waveform 1	1	1013.842969433	1013.981077225	0.000	22050.000	
517	Spectrogram 1	1	1013.842969433	1013.981077225	0.000	22050.000	
518	Waveform 1	1	1014.067652258	1014.253170187	0.000	22050.000	
518	Spectrogram 1	1	1014.067652258	1014.253170187	0.000	22050.000	
519	Waveform 1	1	1014.756129905	1015.007609764	0.000	22050.000	
519	Spectrogram 1	1	1014.756129905	1015.007609764	0.000	22050.000	
520	Waveform 1	1	1015.063265143	1015.300315830	0.000	22050.000	
520	Spectrogram 1	1	1015.063265143	1015.300315830	0.000	22050.000	
521	Waveform 1	1	1017.963528764	1018.297461036	0.000	22050.000	
521	Spectrogram 1	1	1017.963528764	1018.297461036	0.000	22050.000	
522	Waveform 1	1	1018.485040276	1018.699416549	0.000	22050.000	
522	Spectrogram 1	1	1018.485040276	1018.699416549	0.000	22050.000	
523	Waveform 1	1	1018.713845721	1018.858137444	0.000	22050.000	
523	Spectrogram 1	1	1018.713845721	1018.858137444	0.000	22050.000	
524	Waveform 1	1	1018.891118409	1019.128169096	0.000	22050.000	
524	Spectrogram 1	1	1018.891118409	1019.128169096	0.000	22050.000	
525	Waveform 1	1	1019.152904820	1019.321932266	0.000	22050.000	
525	Spectrogram 1	1	1019.152904820	1019.321932266	0.000	22050.000	
526	Waveform 1	1	1019.342545369	1019.561044263	0.000	22050.000	
526	Spectrogram 1	1	1019.342545369	1019.561044263	0.000	22050.000	
527	Waveform 1	1	1019.587841297	1019.956815845	0.000	22050.000	
527	Spectrogram 1	1	1019.587841297	1019.956815845	0.000	22050.000	
528	Waveform 1	1	1019.985674189	1020.132027222	0.000	22050.000	
528	Spectrogram 1	1	1019.985674189	1020.132027222	0.000	22050.000	
529	Waveform 1	1	1020.204173083	1020.373200529	0.000	22050.000	
529	Spectrogram 1	1	1020.204173083	1020.373200529	0.000	22050.000	
530	Waveform 1	1	1020.420610667	1020.637048251	0.000	22050.000	
530	Spectrogram 1	1	1020.420610667	1020.637048251	0.000	22050.000	
531	Waveform 1	1	1020.663845285	1020.826688800	0.000	22050.000	
531	Spectrogram 1	1	1020.663845285	1020.826688800	0.000	22050.000	
532	Waveform 1	1	1020.863792386	1021.082291280	0.000	22050.000	
532	Spectrogram 1	1	1020.863792386	1021.082291280	0.000	22050.000	
533	Waveform 1	1	1022.259299473	1022.440694781	0.000	22050.000	
533	Spectrogram 1	1	1022.259299473	1022.440694781	0.000	22050.000	
534	Waveform 1	1	1022.483982298	1022.857079466	0.000	22050.000	
534	Spectrogram 1	1	1022.483982298	1022.857079466	0.000	22050.000	
535	Waveform 1	1	1023.590905940	1023.823834007	0.000	22050.000	
535	Spectrogram 1	1	1023.590905940	1023.823834007	0.000	22050.000	
536	Waveform 1	1	1023.838263179	1023.994922763	0.000	22050.000	
536	Spectrogram 1	1	1023.838263179	1023.994922763	0.000	22050.000	
537	Waveform 1	1	1024.007290625	1024.159827589	0.000	22050.000	
537	Spectrogram 1	1	1024.007290625	1024.159827589	0.000	22050.000	
538	Waveform 1	1	1024.182502002	1024.372142552	0.000	22050.000	
538	Spectrogram 1	1	1024.182502002	1024.372142552	0.000	22050.000	
539	Waveform 1	1	1024.458717585	1024.609193239	0.000	22050.000	
539	Spectrogram 1	1	1024.458717585	1024.609193239	0.000	22050.000	
540	Waveform 1	1	1024.666909928	1024.840059995	0.000	22050.000	
540	Spectrogram 1	1	1024.666909928	1024.840059995	0.000	22050.000	
541	Waveform 1	1	1024.858611788	1025.013210062	0.000	22050.000	
541	Spectrogram 1	1	1024.858611788	1025.013210062	0.000	22050.000	
542	Waveform 1	1	1025.097723785	1025.307977438	0.000	22050.000	
542	Spectrogram 1	1	1025.097723785	1025.307977438	0.000	22050.000	
543	Waveform 1	1	1029.752162489	1029.898515522	0.000	22050.000	
543	Spectrogram 1	1	1029.752162489	1029.898515522	0.000	22050.000	
544	Waveform 1	1	1029.923251246	1030.036623314	0.000	22050.000	
544	Spectrogram 1	1	1029.923251246	1030.036623314	0.000	22050.000	
545	Waveform 1	1	1030.065481658	1030.207712070	0.000	22050.000	
545	Spectrogram 1	1	1030.065481658	1030.207712070	0.000	22050.000	
546	Waveform 1	1	1030.250999587	1030.374678206	0.000	22050.000	
546	Spectrogram 1	1	1030.250999587	1030.374678206	0.000	22050.000	
547	Waveform 1	1	1030.393229999	1030.500418136	0.000	22050.000	
547	Spectrogram 1	1	1030.393229999	1030.500418136	0.000	22050.000	
548	Waveform 1	1	1030.514847308	1030.655016410	0.000	22050.000	
548	Spectrogram 1	1	1030.514847308	1030.655016410	0.000	22050.000	
549	Waveform 1	1	1030.661200341	1030.762204546	0.000	22050.000	
549	Spectrogram 1	1	1030.661200341	1030.762204546	0.000	22050.000	
550	Waveform 1	1	1030.768388477	1030.991009992	0.000	22050.000	
550	Spectrogram 1	1	1030.768388477	1030.991009992	0.000	22050.000	
551	Waveform 1	1	1031.036358819	1031.203324955	0.000	22050.000	
551	Spectrogram 1	1	1031.036358819	1031.203324955	0.000	22050.000	
552	Waveform 1	1	1031.250735092	1031.440375642	0.000	22050.000	
552	Spectrogram 1	1	1031.250735092	1031.440375642	0.000	22050.000	
553	Waveform 1	1	1031.586728675	1031.743388259	0.000	22050.000	
553	Spectrogram 1	1	1031.586728675	1031.743388259	0.000	22050.000	
554	Waveform 1	1	1031.759878742	1031.904170464	0.000	22050.000	
554	Spectrogram 1	1	1031.759878742	1031.904170464	0.000	22050.000	
555	Waveform 1	1	1031.957764533	1032.219550943	0.000	22050.000	
555	Spectrogram 1	1	1031.957764533	1032.219550943	0.000	22050.000	
556	Waveform 1	1	1032.924519073	1033.044075072	0.000	22050.000	
556	Spectrogram 1	1	1032.924519073	1033.044075072	0.000	22050.000	
557	Waveform 1	1	1033.110037002	1033.264635276	0.000	22050.000	
557	Spectrogram 1	1	1033.110037002	1033.264635276	0.000	22050.000	
558	Waveform 1	1	1033.423356171	1033.751104512	0.000	22050.000	
558	Spectrogram 1	1	1033.423356171	1033.751104512	0.000	22050.000	
559	Waveform 1	1	1033.938683751	1034.101527266	0.000	22050.000	
559	Spectrogram 1	1	1033.938683751	1034.101527266	0.000	22050.000	
560	Waveform 1	1	1034.130385611	1034.313842229	0.000	22050.000	
560	Spectrogram 1	1	1034.130385611	1034.313842229	0.000	22050.000	
561	Waveform 1	1	1034.400417263	1034.602425674	0.000	22050.000	
561	Spectrogram 1	1	1034.400417263	1034.602425674	0.000	22050.000	
562	Waveform 1	1	1034.664264984	1034.853905533	0.000	22050.000	
562	Spectrogram 1	1	1034.664264984	1034.853905533	0.000	22050.000	
563	Waveform 1	1	1035.049730014	1035.266167597	0.000	22050.000	
563	Spectrogram 1	1	1035.049730014	1035.266167597	0.000	22050.000	
564	Waveform 1	1	1035.290903321	1035.414581941	0.000	22050.000	
564	Spectrogram 1	1	1035.290903321	1035.414581941	0.000	22050.000	
565	Waveform 1	1	1035.445501595	1035.567118904	0.000	22050.000	
565	Spectrogram 1	1	1035.445501595	1035.567118904	0.000	22050.000	
566	Waveform 1	1	1035.587732008	1035.934032141	0.000	22050.000	
566	Spectrogram 1	1	1035.587732008	1035.934032141	0.000	22050.000	
567	Waveform 1	1	1038.331336045	1038.541589697	0.000	22050.000	
567	Spectrogram 1	1	1038.331336045	1038.541589697	0.000	22050.000	
568	Waveform 1	1	1038.626103420	1038.846663625	0.000	22050.000	
568	Spectrogram 1	1	1038.626103420	1038.846663625	0.000	22050.000	
569	Waveform 1	1	1038.871399349	1039.147614932	0.000	22050.000	
569	Spectrogram 1	1	1038.871399349	1039.147614932	0.000	22050.000	
570	Waveform 1	1	1042.521979927	1042.901261026	0.000	22050.000	
570	Spectrogram 1	1	1042.521979927	1042.901261026	0.000	22050.000	
571	Waveform 1	1	1042.967222956	1043.216641505	0.000	22050.000	
571	Spectrogram 1	1	1042.967222956	1043.216641505	0.000	22050.000	
572	Waveform 1	1	1043.231070677	1043.398036813	0.000	22050.000	
572	Spectrogram 1	1	1043.231070677	1043.398036813	0.000	22050.000	
573	Waveform 1	1	1043.408343365	1043.587677363	0.000	22050.000	
573	Spectrogram 1	1	1043.408343365	1043.587677363	0.000	22050.000	
574	Waveform 1	1	1043.593861294	1043.769072671	0.000	22050.000	
574	Spectrogram 1	1	1043.593861294	1043.769072671	0.000	22050.000	
575	Waveform 1	1	1045.795340716	1046.343649262	0.000	22050.000	
575	Spectrogram 1	1	1045.795340716	1046.343649262	0.000	22050.000	
576	Waveform 1	1	1047.252687113	1047.368120491	0.000	22050.000	
576	Spectrogram 1	1	1047.252687113	1047.368120491	0.000	22050.000	
577	Waveform 1	1	1047.382549663	1047.601048557	0.000	22050.000	
577	Spectrogram 1	1	1047.382549663	1047.601048557	0.000	22050.000	
578	Waveform 1	1	1048.543067374	1048.720340062	0.000	22050.000	
578	Spectrogram 1	1	1048.543067374	1048.720340062	0.000	22050.000	
579	Waveform 1	1	1048.844018681	1049.064578885	0.000	22050.000	
579	Spectrogram 1	1	1048.844018681	1049.064578885	0.000	22050.000	
580	Waveform 1	1	1060.111140894	1060.779005438	0.000	22050.000	
580	Spectrogram 1	1	1060.111140894	1060.779005438	0.000	22050.000	
581	Waveform 1	1	1060.902684058	1061.455115224	0.000	22050.000	
581	Spectrogram 1	1	1060.902684058	1061.455115224	0.000	22050.000	
582	Waveform 1	1	1061.661246256	1062.188941698	0.000	22050.000	
582	Spectrogram 1	1	1061.661246256	1062.188941698	0.000	22050.000	
583	Waveform 1	1	1062.312620317	1062.584713279	0.000	22050.000	
583	Spectrogram 1	1	1062.312620317	1062.584713279	0.000	22050.000	
584	Waveform 1	1	1062.625939486	1063.615368440	0.000	22050.000	
584	Spectrogram 1	1	1062.625939486	1063.615368440	0.000	22050.000	
585	Waveform 1	1	1066.286826616	1067.309236535	0.000	22050.000	
585	Spectrogram 1	1	1066.286826616	1067.309236535	0.000	22050.000	
586	Waveform 1	1	1068.743908518	1069.906487539	0.000	22050.000	
586	Spectrogram 1	1	1068.743908518	1069.906487539	0.000	22050.000	
587	Waveform 1	1	1071.448347659	1072.676888610	0.000	22050.000	
587	Spectrogram 1	1	1071.448347659	1072.676888610	0.000	22050.000	
588	Waveform 1	1	1074.095070111	1074.729953690	0.000	22050.000	
588	Spectrogram 1	1	1074.095070111	1074.729953690	0.000	22050.000	
589	Waveform 1	1	1075.950249400	1076.873716423	0.000	22050.000	
589	Spectrogram 1	1	1075.950249400	1076.873716423	0.000	22050.000	
590	Waveform 1	1	1077.815962044	1078.247291731	0.000	22050.000	
590	Spectrogram 1	1	1077.815962044	1078.247291731	0.000	22050.000	
591	Waveform 1	1	1078.424753088	1078.910307077	0.000	22050.000	
591	Spectrogram 1	1	1078.424753088	1078.910307077	0.000	22050.000	
592	Waveform 1	1	1078.942348711	1079.321918835	0.000	22050.000	
592	Spectrogram 1	1	1078.942348711	1079.321918835	0.000	22050.000	
593	Waveform 1	1	1079.366284174	1079.644799915	0.000	22050.000	
593	Spectrogram 1	1	1079.366284174	1079.644799915	0.000	22050.000	
594	Waveform 1	1	1079.738460075	1080.031764262	0.000	22050.000	
594	Spectrogram 1	1	1079.738460075	1080.031764262	0.000	22050.000	
595	Waveform 1	1	1080.041623226	1080.305350520	0.000	22050.000	
595	Spectrogram 1	1	1080.041623226	1080.305350520	0.000	22050.000	
596	Waveform 1	1	1084.483086626	1084.754208143	0.000	22050.000	
596	Spectrogram 1	1	1084.483086626	1084.754208143	0.000	22050.000	
597	Waveform 1	1	1084.838009339	1085.210185240	0.000	22050.000	
597	Spectrogram 1	1	1084.838009339	1085.210185240	0.000	22050.000	
598	Waveform 1	1	1087.075994226	1087.554153993	0.000	22050.000	
598	Spectrogram 1	1	1087.075994226	1087.554153993	0.000	22050.000	
599	Waveform 1	1	1098.891962893	1099.375052142	0.000	22050.000	
599	Spectrogram 1	1	1098.891962893	1099.375052142	0.000	22050.000	
600	Waveform 1	1	1101.712981208	1102.145204318	0.000	22050.000	
600	Spectrogram 1	1	1101.712981208	1102.145204318	0.000	22050.000	
601	Waveform 1	1	1108.639007979	1109.249000272	0.000	22050.000	
601	Spectrogram 1	1	1108.639007979	1109.249000272	0.000	22050.000	
602	Waveform 1	1	1111.486800567	1112.201362967	0.000	22050.000	
602	Spectrogram 1	1	1111.486800567	1112.201362967	0.000	22050.000	
603	Waveform 1	1	1112.305933074	1112.776498557	0.000	22050.000	
603	Spectrogram 1	1	1112.305933074	1112.776498557	0.000	22050.000	
604	Waveform 1	1	1115.206010716	1115.819488678	0.000	22050.000	
604	Spectrogram 1	1	1115.206010716	1115.819488678	0.000	22050.000	
605	Waveform 1	1	1117.405468639	1118.573168170	0.000	22050.000	
605	Spectrogram 1	1	1117.405468639	1118.573168170	0.000	22050.000	
606	Waveform 1	1	1130.957754540	1131.177351765	0.000	22050.000	
606	Spectrogram 1	1	1130.957754540	1131.177351765	0.000	22050.000	
607	Waveform 1	1	1131.992998602	1132.334594286	0.000	22050.000	
607	Spectrogram 1	1	1131.992998602	1132.334594286	0.000	22050.000	
608	Waveform 1	1	1132.731960693	1132.948072248	0.000	22050.000	
608	Spectrogram 1	1	1132.731960693	1132.948072248	0.000	22050.000	
609	Waveform 1	1	1132.968986270	1133.118870090	0.000	22050.000	
609	Spectrogram 1	1	1132.968986270	1133.118870090	0.000	22050.000	
610	Waveform 1	1	1133.153726793	1133.404695050	0.000	22050.000	
610	Spectrogram 1	1	1133.153726793	1133.404695050	0.000	22050.000	
611	Waveform 1	1	1133.802061458	1134.091372088	0.000	22050.000	
611	Spectrogram 1	1	1133.802061458	1134.091372088	0.000	22050.000	
612	Waveform 1	1	1134.143657141	1134.478281485	0.000	22050.000	
612	Spectrogram 1	1	1134.143657141	1134.478281485	0.000	22050.000	
613	Waveform 1	1	1134.673479018	1134.948846967	0.000	22050.000	
613	Spectrogram 1	1	1134.673479018	1134.948846967	0.000	22050.000	
614	Waveform 1	1	1135.077816766	1135.283471311	0.000	22050.000	
614	Spectrogram 1	1	1135.077816766	1135.283471311	0.000	22050.000	
615	Waveform 1	1	1135.304385332	1135.586724622	0.000	22050.000	
615	Spectrogram 1	1	1135.304385332	1135.586724622	0.000	22050.000	
616	Waveform 1	1	1141.268367116	1141.728475588	0.000	22050.000	
616	Spectrogram 1	1	1141.268367116	1141.728475588	0.000	22050.000	
617	Waveform 1	1	1148.401772600	1148.514074311	0.000	22050.000	
617	Spectrogram 1	1	1148.401772600	1148.514074311	0.000	22050.000	
618	Waveform 1	1	1148.552304680	1148.690889770	0.000	22050.000	
618	Spectrogram 1	1	1148.552304680	1148.690889770	0.000	22050.000	
619	Waveform 1	1	1148.719562547	1148.860537035	0.000	22050.000	
619	Spectrogram 1	1	1148.719562547	1148.860537035	0.000	22050.000	
620	Waveform 1	1	1148.936997775	1149.111423836	0.000	22050.000	
620	Spectrogram 1	1	1148.936997775	1149.111423836	0.000	22050.000	
621	Waveform 1	1	1149.116202632	1149.383815220	0.000	22050.000	
621	Spectrogram 1	1	1149.116202632	1149.383815220	0.000	22050.000	
622	Waveform 1	1	1149.443550172	1149.660985400	0.000	22050.000	
622	Spectrogram 1	1	1149.443550172	1149.660985400	0.000	22050.000	
623	Waveform 1	1	1149.768508314	1149.959660162	0.000	22050.000	
623	Spectrogram 1	1	1149.768508314	1149.959660162	0.000	22050.000	
624	Waveform 1	1	1180.558292253	1181.294226868	0.000	22050.000	
624	Spectrogram 1	1	1180.558292253	1181.294226868	0.000	22050.000	
