Selection	View	Channel	Begin Time (s)	End Time (s)	Low Freq (Hz)	High Freq (Hz)	Delta Time (s)	Delta Freq (Hz)	Avg Power Density (dB FS)	Annotation
1	Waveform 1	1	1.433306058	1.585380971	0.0	22050.0	0.152	22050.0		
1	Spectrogram 1	1	1.433306058	1.585380971	0.0	22050.0	0.152	22050.0	-37.1	
2	Waveform 1	1	1.623399700	1.836304578	0.0	22050.0	0.213	22050.0		
2	Spectrogram 1	1	1.623399700	1.836304578	0.0	22050.0	0.213	22050.0	-34.2	
3	Waveform 1	1	1.931351399	2.429396740	0.0	22050.0	0.498	22050.0		
3	Spectrogram 1	1	1.931351399	2.429396740	0.0	22050.0	0.498	22050.0	-33.0	
4	Waveform 1	1	2.653707238	2.900828972	0.0	22050.0	0.247	22050.0		
4	Spectrogram 1	1	2.653707238	2.900828972	0.0	22050.0	0.247	22050.0	-45.2	
5	Waveform 1	1	2.976866428	3.216384417	0.0	22050.0	0.240	22050.0		
5	Spectrogram 1	1	2.976866428	3.216384417	0.0	22050.0	0.240	22050.0	-43.6	
6	Waveform 1	1	11.235646458	11.410532608	0.0	22050.0	0.175	22050.0		
6	Spectrogram 1	1	11.235646458	11.410532608	0.0	22050.0	0.175	22050.0	-45.7	
7	Waveform 1	1	13.071951036	13.813316239	0.0	22050.0	0.741	22050.0		
7	Spectrogram 1	1	13.071951036	13.813316239	0.0	22050.0	0.741	22050.0	-46.8	
8	Waveform 1	1	13.893155568	14.528068331	0.0	22050.0	0.635	22050.0		
8	Spectrogram 1	1	13.893155568	14.528068331	0.0	22050.0	0.635	22050.0	-46.5	
9	Waveform 1	1	18.003158475	18.578461108	0.0	22050.0	0.575	22050.0		
9	Spectrogram 1	1	18.003158475	18.578461108	0.0	22050.0	0.575	22050.0	-48.9	
10	Waveform 1	1	18.739760911	18.949450656	0.0	22050.0	0.210	22050.0		
10	Spectrogram 1	1	18.739760911	18.949450656	0.0	22050.0	0.210	22050.0	-48.4	
11	Waveform 1	1	18.949450656	19.207530342	0.0	22050.0	0.258	22050.0		
11	Spectrogram 1	1	18.949450656	19.207530342	0.0	22050.0	0.258	22050.0	-49.4	
12	Waveform 1	1	19.218283662	19.922626138	0.0	22050.0	0.704	22050.0		
12	Spectrogram 1	1	19.218283662	19.922626138	0.0	22050.0	0.704	22050.0	-50.9	
13	Waveform 1	1	21.573260796	22.213083351	0.0	22050.0	0.640	22050.0		
13	Spectrogram 1	1	21.573260796	22.213083351	0.0	22050.0	0.640	22050.0	-50.8	
14	Waveform 1	1	22.331369874	23.008829049	0.0	22050.0	0.677	22050.0		
14	Spectrogram 1	1	22.331369874	23.008829049	0.0	22050.0	0.677	22050.0	-49.0	
15	Waveform 1	1	31.803222219	32.174211768	0.0	22050.0	0.371	22050.0		
15	Spectrogram 1	1	31.803222219	32.174211768	0.0	22050.0	0.371	22050.0	-45.4	
16	Waveform 1	1	32.324758251	32.518318015	0.0	22050.0	0.194	22050.0		
16	Spectrogram 1	1	32.324758251	32.518318015	0.0	22050.0	0.194	22050.0	-45.2	
17	Waveform 1	1	32.609721237	32.808657662	0.0	22050.0	0.199	22050.0		
17	Spectrogram 1	1	32.609721237	32.808657662	0.0	22050.0	0.199	22050.0	-46.6	
18	Waveform 1	1	32.808657662	33.276427093	0.0	22050.0	0.468	22050.0		
18	Spectrogram 1	1	32.808657662	33.276427093	0.0	22050.0	0.468	22050.0	-47.9	
21	Waveform 1	1	36.222836840	36.400266624	0.0	22050.0	0.177	22050.0		
21	Spectrogram 1	1	36.222836840	36.400266624	0.0	22050.0	0.177	22050.0	-46.9	
22	Waveform 1	1	36.421773265	36.599203049	0.0	22050.0	0.177	22050.0		
22	Spectrogram 1	1	36.421773265	36.599203049	0.0	22050.0	0.177	22050.0	-44.2	
23	Waveform 1	1	36.647592990	36.846529414	0.0	22050.0	0.199	22050.0		
23	Spectrogram 1	1	36.647592990	36.846529414	0.0	22050.0	0.199	22050.0	-45.8	
24	Waveform 1	1	51.545510995	51.981020465	0.0	22050.0	0.436	22050.0		
24	Spectrogram 1	1	51.545510995	51.981020465	0.0	22050.0	0.436	22050.0	-44.8	
25	Waveform 1	1	52.083177008	52.298243413	0.0	22050.0	0.215	22050.0		
25	Spectrogram 1	1	52.083177008	52.298243413	0.0	22050.0	0.215	22050.0	-44.0	
26	Waveform 1	1	52.298243413	52.540193118	0.0	22050.0	0.242	22050.0		
26	Spectrogram 1	1	52.298243413	52.540193118	0.0	22050.0	0.242	22050.0	-42.6	
27	Waveform 1	1	52.540193118	52.814402784	0.0	22050.0	0.274	22050.0		
27	Spectrogram 1	1	52.540193118	52.814402784	0.0	22050.0	0.274	22050.0	-43.3	
28	Waveform 1	1	52.814402784	53.233782274	0.0	22050.0	0.419	22050.0		
28	Spectrogram 1	1	52.814402784	53.233782274	0.0	22050.0	0.419	22050.0	-44.8	
29	Waveform 1	1	53.620901803	54.083294573	0.0	22050.0	0.462	22050.0		
29	Spectrogram 1	1	53.620901803	54.083294573	0.0	22050.0	0.462	22050.0	-45.1	
30	Waveform 1	1	64.391436387	64.853829158	0.0	22050.0	0.462	22050.0		
30	Spectrogram 1	1	64.391436387	64.853829158	0.0	22050.0	0.462	22050.0	-49.9	
31	Waveform 1	1	100.295159155	100.504848900	0.0	22050.0	0.210	22050.0		
31	Spectrogram 1	1	100.295159155	100.504848900	0.0	22050.0	0.210	22050.0	-50.4	
32	Waveform 1	1	100.504848900	100.698408664	0.0	22050.0	0.194	22050.0		
32	Spectrogram 1	1	100.504848900	100.698408664	0.0	22050.0	0.194	22050.0	-51.6	
33	Waveform 1	1	100.698408664	100.961865010	0.0	22050.0	0.263	22050.0		
33	Spectrogram 1	1	100.698408664	100.961865010	0.0	22050.0	0.263	22050.0	-49.4	
34	Waveform 1	1	100.961865010	101.144671455	0.0	22050.0	0.183	22050.0		
34	Spectrogram 1	1	100.961865010	101.144671455	0.0	22050.0	0.183	22050.0	-51.7	
35	Waveform 1	1	101.144671455	101.381244500	0.0	22050.0	0.237	22050.0		
35	Spectrogram 1	1	101.144671455	101.381244500	0.0	22050.0	0.237	22050.0	-50.8	
36	Waveform 1	1	101.381244500	101.671584147	0.0	22050.0	0.290	22050.0		
36	Spectrogram 1	1	101.381244500	101.671584147	0.0	22050.0	0.290	22050.0	-52.2	
37	Waveform 1	1	101.671584147	101.935040493	0.0	22050.0	0.263	22050.0		
37	Spectrogram 1	1	101.671584147	101.935040493	0.0	22050.0	0.263	22050.0	-50.0	
38	Waveform 1	1	101.935040493	102.203873499	0.0	22050.0	0.269	22050.0		
38	Spectrogram 1	1	101.935040493	102.203873499	0.0	22050.0	0.269	22050.0	-49.1	
39	Waveform 1	1	102.203873499	102.467329845	0.0	22050.0	0.263	22050.0		
39	Spectrogram 1	1	102.203873499	102.467329845	0.0	22050.0	0.263	22050.0	-49.5	
40	Waveform 1	1	102.467329845	102.763046152	0.0	22050.0	0.296	22050.0		
40	Spectrogram 1	1	102.467329845	102.763046152	0.0	22050.0	0.296	22050.0	-47.1	
41	Waveform 1	1	102.763046152	103.031879158	0.0	22050.0	0.269	22050.0		
41	Spectrogram 1	1	102.763046152	103.031879158	0.0	22050.0	0.269	22050.0	-48.0	
42	Waveform 1	1	103.031879158	103.316842144	0.0	22050.0	0.285	22050.0		
42	Spectrogram 1	1	103.031879158	103.316842144	0.0	22050.0	0.285	22050.0	-47.6	
43	Waveform 1	1	103.316842144	103.617935111	0.0	22050.0	0.301	22050.0		
43	Spectrogram 1	1	103.316842144	103.617935111	0.0	22050.0	0.301	22050.0	-46.7	
44	Waveform 1	1	103.531908549	103.881391457	0.0	22050.0	0.349	22050.0		
44	Spectrogram 1	1	103.531908549	103.881391457	0.0	22050.0	0.349	22050.0	-46.5	
45	Waveform 1	1	103.881391457	104.203991065	0.0	22050.0	0.323	22050.0		
45	Spectrogram 1	1	103.881391457	104.203991065	0.0	22050.0	0.323	22050.0	-44.4	
46	Waveform 1	1	104.203991065	104.456694090	0.0	22050.0	0.253	22050.0		
46	Spectrogram 1	1	104.203991065	104.456694090	0.0	22050.0	0.253	22050.0	-46.8	
47	Waveform 1	1	104.440564110	104.736280417	0.0	22050.0	0.296	22050.0		
47	Spectrogram 1	1	104.440564110	104.736280417	0.0	22050.0	0.296	22050.0	-44.9	
48	Waveform 1	1	104.725527097	105.010490083	0.0	22050.0	0.285	22050.0		
48	Spectrogram 1	1	104.725527097	105.010490083	0.0	22050.0	0.285	22050.0	-43.1	
49	Waveform 1	1	105.010490083	105.300829730	0.0	22050.0	0.290	22050.0		
49	Spectrogram 1	1	105.010490083	105.300829730	0.0	22050.0	0.290	22050.0	-44.2	
50	Waveform 1	1	105.284699749	105.580416056	0.0	22050.0	0.296	22050.0		
50	Spectrogram 1	1	105.284699749	105.580416056	0.0	22050.0	0.296	22050.0	-43.1	
51	Waveform 1	1	105.580416056	105.870755703	0.0	22050.0	0.290	22050.0		
51	Spectrogram 1	1	105.580416056	105.870755703	0.0	22050.0	0.290	22050.0	-46.1	
52	Waveform 1	1	105.854187211	106.160656838	0.0	22050.0	0.306	22050.0		
52	Spectrogram 1	1	105.854187211	106.160656838	0.0	22050.0	0.306	22050.0	-42.5	
53	Waveform 1	1	106.160656838	106.467126466	0.0	22050.0	0.306	22050.0		
53	Spectrogram 1	1	106.160656838	106.467126466	0.0	22050.0	0.306	22050.0	-47.3	
54	Waveform 1	1	106.445619825	106.757466112	0.0	22050.0	0.312	22050.0		
54	Spectrogram 1	1	106.445619825	106.757466112	0.0	22050.0	0.312	22050.0	-43.1	
55	Waveform 1	1	106.746712792	107.069312399	0.0	22050.0	0.323	22050.0		
55	Spectrogram 1	1	106.746712792	107.069312399	0.0	22050.0	0.323	22050.0	-48.3	
56	Waveform 1	1	107.069312399	107.354275386	0.0	22050.0	0.285	22050.0		
56	Spectrogram 1	1	107.069312399	107.354275386	0.0	22050.0	0.285	22050.0	-41.5	
57	Waveform 1	1	107.359652046	107.660745013	0.0	22050.0	0.301	22050.0		
57	Spectrogram 1	1	107.359652046	107.660745013	0.0	22050.0	0.301	22050.0	-50.0	
58	Waveform 1	1	107.660745013	107.956461320	0.0	22050.0	0.296	22050.0		
58	Spectrogram 1	1	107.660745013	107.956461320	0.0	22050.0	0.296	22050.0	-42.1	
59	Waveform 1	1	107.956461320	108.225294326	0.0	22050.0	0.269	22050.0		
59	Spectrogram 1	1	107.956461320	108.225294326	0.0	22050.0	0.269	22050.0	-48.9	
60	Waveform 1	1	108.225294326	108.537140613	0.0	22050.0	0.312	22050.0		
60	Spectrogram 1	1	108.225294326	108.537140613	0.0	22050.0	0.312	22050.0	-44.3	
61	Waveform 1	1	108.537140613	108.854363560	0.0	22050.0	0.317	22050.0		
61	Spectrogram 1	1	108.537140613	108.854363560	0.0	22050.0	0.317	22050.0	-45.3	
62	Waveform 1	1	108.854363560	109.133949887	0.0	22050.0	0.280	22050.0		
62	Spectrogram 1	1	108.854363560	109.133949887	0.0	22050.0	0.280	22050.0	-46.5	
63	Waveform 1	1	109.133949887	109.526446076	0.0	22050.0	0.392	22050.0		
63	Spectrogram 1	1	109.133949887	109.526446076	0.0	22050.0	0.392	22050.0	-40.7	
64	Waveform 1	1	112.163986305	112.427442651	0.0	22050.0	0.263	22050.0		
64	Spectrogram 1	1	112.163986305	112.427442651	0.0	22050.0	0.263	22050.0	-49.0	
65	Waveform 1	1	111.841386697	112.137103004	0.0	22050.0	0.296	22050.0		
65	Spectrogram 1	1	111.841386697	112.137103004	0.0	22050.0	0.296	22050.0	-52.4	
66	Waveform 1	1	112.486585912	112.798432199	0.0	22050.0	0.312	22050.0		
66	Spectrogram 1	1	112.486585912	112.798432199	0.0	22050.0	0.312	22050.0	-51.4	
67	Waveform 1	1	112.798432199	113.083395186	0.0	22050.0	0.285	22050.0		
67	Spectrogram 1	1	112.798432199	113.083395186	0.0	22050.0	0.285	22050.0	-47.0	
68	Waveform 1	1	113.083395186	113.384488153	0.0	22050.0	0.301	22050.0		
68	Spectrogram 1	1	113.083395186	113.384488153	0.0	22050.0	0.301	22050.0	-47.8	
69	Waveform 1	1	113.384488153	113.680204460	0.0	22050.0	0.296	22050.0		
69	Spectrogram 1	1	113.384488153	113.680204460	0.0	22050.0	0.296	22050.0	-48.7	
70	Waveform 1	1	113.680204460	113.992050747	0.0	22050.0	0.312	22050.0		
70	Spectrogram 1	1	113.680204460	113.992050747	0.0	22050.0	0.312	22050.0	-47.0	
71	Waveform 1	1	113.992050747	114.293143714	0.0	22050.0	0.301	22050.0		
71	Spectrogram 1	1	113.992050747	114.293143714	0.0	22050.0	0.301	22050.0	-47.2	
72	Waveform 1	1	114.346910315	114.578106700	0.0	22050.0	0.231	22050.0		
72	Spectrogram 1	1	114.346910315	114.578106700	0.0	22050.0	0.231	22050.0	-48.4	
73	Waveform 1	1	114.578106700	114.932966268	0.0	22050.0	0.355	22050.0		
73	Spectrogram 1	1	114.578106700	114.932966268	0.0	22050.0	0.355	22050.0	-49.0	
74	Waveform 1	1	114.932966268	115.250189215	0.0	22050.0	0.317	22050.0		
74	Spectrogram 1	1	114.932966268	115.250189215	0.0	22050.0	0.317	22050.0	-48.2	
75	Waveform 1	1	116.301614709	116.989827204	0.0	22050.0	0.688	22050.0		
75	Spectrogram 1	1	116.301614709	116.989827204	0.0	22050.0	0.688	22050.0	-50.4	
76	Waveform 1	1	117.070477106	117.618896439	0.0	22050.0	0.548	22050.0		
76	Spectrogram 1	1	117.070477106	117.618896439	0.0	22050.0	0.548	22050.0	-51.5	
77	Waveform 1	1	117.618896439	118.237212353	0.0	22050.0	0.618	22050.0		
77	Spectrogram 1	1	117.618896439	118.237212353	0.0	22050.0	0.618	22050.0	-53.9	
78	Waveform 1	1	115.849975258	116.280108068	0.0	22050.0	0.430	22050.0		
78	Spectrogram 1	1	115.849975258	116.280108068	0.0	22050.0	0.430	22050.0	-49.5	
79	Waveform 1	1	119.215764495	119.420077580	0.0	22050.0	0.204	22050.0		
79	Spectrogram 1	1	119.215764495	119.420077580	0.0	22050.0	0.204	22050.0	-50.2	
80	Waveform 1	1	223.079135704	223.304955429	0.0	22050.0	0.226	22050.0		
80	Spectrogram 1	1	223.079135704	223.304955429	0.0	22050.0	0.226	22050.0	-49.4	
81	Waveform 1	1	227.446507022	227.790613270	0.0	22050.0	0.344	22050.0		
81	Spectrogram 1	1	227.446507022	227.790613270	0.0	22050.0	0.344	22050.0	-53.0	
82	Waveform 1	1	231.306948990	231.484378774	0.0	22050.0	0.177	22050.0		
82	Spectrogram 1	1	231.306948990	231.484378774	0.0	22050.0	0.177	22050.0	-57.5	
83	Waveform 1	1	231.532768715	231.758588441	0.0	22050.0	0.226	22050.0		
83	Spectrogram 1	1	231.532768715	231.758588441	0.0	22050.0	0.226	22050.0	-55.0	
84	Waveform 1	1	231.758588441	232.016668126	0.0	22050.0	0.258	22050.0		
84	Spectrogram 1	1	231.758588441	232.016668126	0.0	22050.0	0.258	22050.0	-50.6	
85	Waveform 1	1	285.924564979	286.161138025	0.0	22050.0	0.237	22050.0		
85	Spectrogram 1	1	285.924564979	286.161138025	0.0	22050.0	0.237	22050.0	-47.3	
86	Waveform 1	1	788.065185343	788.468434853	0.0	22050.0	0.403	22050.0		
86	Spectrogram 1	1	788.065185343	788.468434853	0.0	22050.0	0.403	22050.0	-43.3	
87	Waveform 1	1	787.635052533	787.973782121	0.0	22050.0	0.339	22050.0		
87	Spectrogram 1	1	787.635052533	787.973782121	0.0	22050.0	0.339	22050.0	-42.1	
88	Waveform 1	1	787.339336227	787.661935834	0.0	22050.0	0.323	22050.0		
88	Spectrogram 1	1	787.339336227	787.661935834	0.0	22050.0	0.323	22050.0	-40.5	
89	Waveform 1	1	788.506071473	788.844801061	0.0	22050.0	0.339	22050.0		
89	Spectrogram 1	1	788.506071473	788.844801061	0.0	22050.0	0.339	22050.0	-44.2	
90	Waveform 1	1	788.898567662	789.328700472	0.0	22050.0	0.430	22050.0		
90	Spectrogram 1	1	788.898567662	789.328700472	0.0	22050.0	0.430	22050.0	-46.1	
91	Waveform 1	1	789.425480354	789.941639726	0.0	22050.0	0.516	22050.0		
91	Spectrogram 1	1	789.425480354	789.941639726	0.0	22050.0	0.516	22050.0	-48.1	
92	Waveform 1	1	789.995406327	790.452422438	0.0	22050.0	0.457	22050.0		
92	Spectrogram 1	1	789.995406327	790.452422438	0.0	22050.0	0.457	22050.0	-49.2	
93	Waveform 1	1	790.516942359	790.801905346	0.0	22050.0	0.285	22050.0		
93	Spectrogram 1	1	790.516942359	790.801905346	0.0	22050.0	0.285	22050.0	-49.6	
94	Waveform 1	1	792.051759015	792.573295047	0.0	22050.0	0.522	22050.0		
94	Spectrogram 1	1	792.051759015	792.573295047	0.0	22050.0	0.522	22050.0	-49.7	
95	Waveform 1	1	862.494478442	862.865467990	0.0	22050.0	0.371	22050.0		
95	Spectrogram 1	1	862.494478442	862.865467990	0.0	22050.0	0.371	22050.0	-42.2	
96	Waveform 1	1	863.118171016	863.505290545	0.0	22050.0	0.387	22050.0		
96	Spectrogram 1	1	863.118171016	863.505290545	0.0	22050.0	0.387	22050.0	-44.4	
97	Waveform 1	1	863.505290545	863.795630192	0.0	22050.0	0.290	22050.0		
97	Spectrogram 1	1	863.505290545	863.795630192	0.0	22050.0	0.290	22050.0	-46.7	
98	Waveform 1	1	866.345182479	866.710795367	0.0	22050.0	0.366	22050.0		
98	Spectrogram 1	1	866.345182479	866.710795367	0.0	22050.0	0.366	22050.0	-50.7	
99	Waveform 1	1	866.834458550	867.092538236	0.0	22050.0	0.258	22050.0		
99	Spectrogram 1	1	866.834458550	867.092538236	0.0	22050.0	0.258	22050.0	-44.7	
100	Waveform 1	1	867.157058157	867.409761183	0.0	22050.0	0.253	22050.0		
100	Spectrogram 1	1	867.157058157	867.409761183	0.0	22050.0	0.253	22050.0	-49.4	
101	Waveform 1	1	867.409761183	867.700100830	0.0	22050.0	0.290	22050.0		
101	Spectrogram 1	1	867.409761183	867.700100830	0.0	22050.0	0.290	22050.0	-45.3	
102	Waveform 1	1	867.700100830	868.146363620	0.0	22050.0	0.446	22050.0		
102	Spectrogram 1	1	867.700100830	868.146363620	0.0	22050.0	0.446	22050.0	-50.2	
103	Waveform 1	1	883.244164470	883.695803920	0.0	22050.0	0.452	22050.0		sqs.01_NA_NA
103	Spectrogram 1	1	883.244164470	883.695803920	0.0	22050.0	0.452	22050.0	-49.1	sqs.01_NA_NA
104	Waveform 1	1	883.695803920	884.152820031	0.0	22050.0	0.457	22050.0		sqs.01_NA_NA
104	Spectrogram 1	1	883.695803920	884.152820031	0.0	22050.0	0.457	22050.0	-47.8	sqs.01_NA_NA
105	Waveform 1	1	890.888391117	891.167977443	0.0	22050.0	0.280	22050.0		sqs.01_NA_NA
105	Spectrogram 1	1	890.888391117	891.167977443	0.0	22050.0	0.280	22050.0	-45.5	sqs.01_NA_NA
106	Waveform 1	1	891.167977443	891.479823730	0.0	22050.0	0.312	22050.0		sqs.01_NA_NA
106	Spectrogram 1	1	891.167977443	891.479823730	0.0	22050.0	0.312	22050.0	-41.6	sqs.01_NA_NA
107	Waveform 1	1	891.469070410	891.883073239	0.0	22050.0	0.414	22050.0		sqs.01_NA_NA
107	Spectrogram 1	1	891.469070410	891.883073239	0.0	22050.0	0.414	22050.0	-43.1	sqs.01_NA_NA
108	Waveform 1	1	892.518026614	893.163225829	0.0	22050.0	0.645	22050.0		sqs.01_NA_NA
108	Spectrogram 1	1	892.518026614	893.163225829	0.0	22050.0	0.645	22050.0	-46.7	sqs.01_NA_NA
109	Waveform 1	1	893.227745750	893.813801704	0.0	22050.0	0.586	22050.0		sqs.01_NA_NA
109	Spectrogram 1	1	893.227745750	893.813801704	0.0	22050.0	0.586	22050.0	-48.3	sqs.01_NA_NA
110	Waveform 1	1	894.114894671	894.555780801	0.0	22050.0	0.441	22050.0		sqs.01_NA_NA
110	Spectrogram 1	1	894.114894671	894.555780801	0.0	22050.0	0.441	22050.0	-50.0	sqs.01_NA_NA
111	Waveform 1	1	894.620300722	894.932147009	0.0	22050.0	0.312	22050.0		sqs.01_NA_NA
111	Spectrogram 1	1	894.620300722	894.932147009	0.0	22050.0	0.312	22050.0	-44.2	sqs.01_NA_NA
