Selection	View	Channel	Begin Time (s)	End Time (s)	Low Freq (Hz)	High Freq (Hz)	Annotation
1	Waveform 1	1	3.477384507	4.056948591	0.000	22050.000	SAT.NA_NA_16
1	Spectrogram 1	1	3.477384507	4.056948591	0.000	22050.000	SAT.NA_NA_16
2	Waveform 1	1	6.870736860	6.987691291	0.000	22050.000	SAT.NA_NA_16
2	Spectrogram 1	1	6.870736860	6.987691291	0.000	22050.000	SAT.NA_NA_16
3	Waveform 1	1	7.095033029	7.229610730	0.000	22050.000	SAT.NA_NA_16
3	Spectrogram 1	1	7.095033029	7.229610730	0.000	22050.000	SAT.NA_NA_16
4	Waveform 1	1	7.296899581	7.433079398	0.000	22050.000	SAT.NA_NA_16
4	Spectrogram 1	1	7.296899581	7.433079398	0.000	22050.000	SAT.NA_NA_16
5	Waveform 1	1	7.823995579	8.053098094	0.000	22050.000	SAT.NA_NA_16
5	Spectrogram 1	1	7.823995579	8.053098094	0.000	22050.000	SAT.NA_NA_16
6	Waveform 1	1	10.861606556	11.132364074	0.000	22050.000	SAT.NA_NA_16
6	Spectrogram 1	1	10.861606556	11.132364074	0.000	22050.000	SAT.NA_NA_16
7	Waveform 1	1	11.148385229	11.665868534	0.000	22050.000	SAT.NA_NA_16
7	Spectrogram 1	1	11.148385229	11.665868534	0.000	22050.000	SAT.NA_NA_16
8	Waveform 1	1	22.369602151	22.682014672	0.000	22050.000	
8	Spectrogram 1	1	22.369602151	22.682014672	0.000	22050.000	
9	Waveform 1	1	28.911508317	29.323871807	0.000	22050.000	
9	Spectrogram 1	1	28.911508317	29.323871807	0.000	22050.000	
10	Waveform 1	1	30.324633260	30.695269308	0.000	22050.000	SAT.01_NA_NA
10	Spectrogram 1	1	30.324633260	30.695269308	0.000	22050.000	SAT.01_NA_NA
11	Waveform 1	1	30.720750537	31.042740603	0.000	22050.000	SAT.01_NA_NA
11	Spectrogram 1	1	30.720750537	31.042740603	0.000	22050.000	SAT.01_NA_NA
12	Waveform 1	1	31.072854782	31.450440256	0.000	22050.000	SAT.01_NA_NA
12	Spectrogram 1	1	31.072854782	31.450440256	0.000	22050.000	SAT.01_NA_NA
13	Waveform 1	1	31.510668614	31.918368267	0.000	22050.000	SAT.01_NA_NA
13	Spectrogram 1	1	31.510668614	31.918368267	0.000	22050.000	SAT.01_NA_NA
14	Waveform 1	1	32.168547599	32.555398974	0.000	22050.000	SAT.01_NA_NA
14	Spectrogram 1	1	32.168547599	32.555398974	0.000	22050.000	SAT.01_NA_NA
15	Waveform 1	1	33.671940069	34.380781511	0.000	22050.000	
15	Spectrogram 1	1	33.671940069	34.380781511	0.000	22050.000	
16	Waveform 1	1	37.484858413	37.911089869	0.000	22050.000	
16	Spectrogram 1	1	37.484858413	37.911089869	0.000	22050.000	
17	Waveform 1	1	39.226847839	39.588217986	0.000	22050.000	
17	Spectrogram 1	1	39.226847839	39.588217986	0.000	22050.000	
18	Waveform 1	1	39.759637158	40.111741404	0.000	22050.000	
18	Spectrogram 1	1	39.759637158	40.111741404	0.000	22050.000	
19	Waveform 1	1	40.171969762	40.533339909	0.000	22050.000	
19	Spectrogram 1	1	40.171969762	40.533339909	0.000	22050.000	
20	Waveform 1	1	40.561137612	40.996634969	0.000	22050.000	
20	Spectrogram 1	1	40.561137612	40.996634969	0.000	22050.000	
21	Waveform 1	1	41.608184448	42.099277212	0.000	22050.000	
21	Spectrogram 1	1	41.608184448	42.099277212	0.000	22050.000	
22	Waveform 1	1	42.173404421	42.696927839	0.000	22050.000	
22	Spectrogram 1	1	42.173404421	42.696927839	0.000	22050.000	
23	Waveform 1	1	44.295295796	44.828085115	0.000	22050.000	
23	Spectrogram 1	1	44.295295796	44.828085115	0.000	22050.000	
24	Waveform 1	1	45.045833794	45.476698199	0.000	22050.000	
24	Spectrogram 1	1	45.045833794	45.476698199	0.000	22050.000	
25	Waveform 1	1	45.523027705	45.824169494	0.000	22050.000	
25	Spectrogram 1	1	45.523027705	45.824169494	0.000	22050.000	
26	Waveform 1	1	45.861233099	46.092880629	0.000	22050.000	
26	Spectrogram 1	1	45.861233099	46.092880629	0.000	22050.000	
27	Waveform 1	1	49.257185890	49.521264074	0.000	22050.000	
27	Spectrogram 1	1	49.257185890	49.521264074	0.000	22050.000	
28	Waveform 1	1	50.336663379	50.572943860	0.000	22050.000	
28	Spectrogram 1	1	50.336663379	50.572943860	0.000	22050.000	
29	Waveform 1	1	50.596108613	50.837022044	0.000	22050.000	
29	Spectrogram 1	1	50.596108613	50.837022044	0.000	22050.000	
30	Waveform 1	1	50.846287946	51.119632031	0.000	22050.000	
30	Spectrogram 1	1	50.846287946	51.119632031	0.000	22050.000	
31	Waveform 1	1	51.397609067	51.504166931	0.000	22050.000	
31	Spectrogram 1	1	51.397609067	51.504166931	0.000	22050.000	
32	Waveform 1	1	51.541230536	51.754346263	0.000	22050.000	
32	Spectrogram 1	1	51.541230536	51.754346263	0.000	22050.000	
33	Waveform 1	1	51.791409868	51.953563139	0.000	22050.000	
33	Spectrogram 1	1	51.791409868	51.953563139	0.000	22050.000	
34	Waveform 1	1	51.962829040	52.166678867	0.000	22050.000	
34	Spectrogram 1	1	51.962829040	52.166678867	0.000	22050.000	
35	Waveform 1	1	53.454639134	53.774312725	0.000	22050.000	
35	Spectrogram 1	1	53.454639134	53.774312725	0.000	22050.000	
36	Waveform 1	1	54.455356463	55.293920522	0.000	22050.000	
36	Spectrogram 1	1	54.455356463	55.293920522	0.000	22050.000	
37	Waveform 1	1	62.206282818	62.451829200	0.000	22050.000	
37	Spectrogram 1	1	62.206282818	62.451829200	0.000	22050.000	
38	Waveform 1	1	69.822853606	70.045235234	0.000	22050.000	
38	Spectrogram 1	1	69.822853606	70.045235234	0.000	22050.000	
39	Waveform 1	1	80.399879827	80.826111282	0.000	22050.000	
39	Spectrogram 1	1	80.399879827	80.826111282	0.000	22050.000	
40	Waveform 1	1	80.946567998	81.400597156	0.000	22050.000	
40	Spectrogram 1	1	80.946567998	81.400597156	0.000	22050.000	
41	Waveform 1	1	82.086273845	82.429112190	0.000	22050.000	
41	Spectrogram 1	1	82.086273845	82.429112190	0.000	22050.000	
42	Waveform 1	1	82.549568905	83.022129867	0.000	22050.000	
42	Spectrogram 1	1	82.549568905	83.022129867	0.000	22050.000	
43	Waveform 1	1	84.073516428	84.444621636	0.000	22050.000	
43	Spectrogram 1	1	84.073516428	84.444621636	0.000	22050.000	
44	Waveform 1	1	84.451189870	84.773033324	0.000	22050.000	
44	Spectrogram 1	1	84.451189870	84.773033324	0.000	22050.000	
45	Waveform 1	1	84.815726843	85.186832051	0.000	22050.000	
45	Spectrogram 1	1	84.815726843	85.186832051	0.000	22050.000	
46	Waveform 1	1	86.326420609	86.599002310	0.000	22050.000	
46	Spectrogram 1	1	86.326420609	86.599002310	0.000	22050.000	
47	Waveform 1	1	146.145841809	146.647441614	0.000	22050.000	
47	Spectrogram 1	1	146.145841809	146.647441614	0.000	22050.000	
48	Waveform 1	1	146.731041581	147.427707976	0.000	22050.000	
48	Spectrogram 1	1	146.731041581	147.427707976	0.000	22050.000	
49	Waveform 1	1	147.985041092	148.495929782	0.000	22050.000	
49	Spectrogram 1	1	147.985041092	148.495929782	0.000	22050.000	
50	Waveform 1	1	151.812061823	152.192906119	0.000	22050.000	
50	Spectrogram 1	1	151.812061823	152.192906119	0.000	22050.000	
51	Waveform 1	1	152.880283629	153.484061171	0.000	22050.000	
51	Spectrogram 1	1	152.880283629	153.484061171	0.000	22050.000	
52	Waveform 1	1	156.473246158	156.903049301	0.000	22050.000	
52	Spectrogram 1	1	156.473246158	156.903049301	0.000	22050.000	
53	Waveform 1	1	157.071786831	157.457017796	0.000	22050.000	
53	Spectrogram 1	1	157.071786831	157.457017796	0.000	22050.000	
54	Waveform 1	1	157.603469237	157.861351123	0.000	22050.000	
54	Spectrogram 1	1	157.603469237	157.861351123	0.000	22050.000	
55	Waveform 1	1	159.456398343	159.825710674	0.000	22050.000	
55	Spectrogram 1	1	159.456398343	159.825710674	0.000	22050.000	
56	Waveform 1	1	158.975655568	159.150760553	0.000	22050.000	
56	Spectrogram 1	1	158.975655568	159.150760553	0.000	22050.000	
57	Waveform 1	1	163.346912720	163.799001952	0.000	22050.000	
57	Spectrogram 1	1	163.346912720	163.799001952	0.000	22050.000	
58	Waveform 1	1	166.600220902	167.176537047	0.000	22050.000	
58	Spectrogram 1	1	166.600220902	167.176537047	0.000	22050.000	
59	Waveform 1	1	168.635337289	169.130608976	0.000	22050.000	
59	Spectrogram 1	1	168.635337289	169.130608976	0.000	22050.000	
60	Waveform 1	1	170.400305482	170.994631507	0.000	22050.000	
60	Spectrogram 1	1	170.400305482	170.994631507	0.000	22050.000	
61	Waveform 1	1	172.705570062	173.092782472	0.000	22050.000	
61	Spectrogram 1	1	172.705570062	173.092782472	0.000	22050.000	
62	Waveform 1	1	173.128802231	173.516014641	0.000	22050.000	
62	Spectrogram 1	1	173.128802231	173.516014641	0.000	22050.000	
63	Waveform 1	1	174.101335726	174.524567895	0.000	22050.000	
63	Spectrogram 1	1	174.101335726	174.524567895	0.000	22050.000	
64	Waveform 1	1	174.902775365	175.353022353	0.000	22050.000	
64	Spectrogram 1	1	174.902775365	175.353022353	0.000	22050.000	
65	Waveform 1	1	175.497101389	175.821279221	0.000	22050.000	
65	Spectrogram 1	1	175.497101389	175.821279221	0.000	22050.000	
66	Waveform 1	1	175.839289100	176.163466932	0.000	22050.000	
66	Spectrogram 1	1	175.839289100	176.163466932	0.000	22050.000	
67	Waveform 1	1	176.253516329	176.577694161	0.000	22050.000	
67	Spectrogram 1	1	176.253516329	176.577694161	0.000	22050.000	
68	Waveform 1	1	176.622718860	177.045951029	0.000	22050.000	
68	Spectrogram 1	1	176.622718860	177.045951029	0.000	22050.000	
69	Waveform 1	1	178.360672234	178.873953801	0.000	22050.000	
69	Spectrogram 1	1	178.360672234	178.873953801	0.000	22050.000	
70	Waveform 1	1	179.783452717	180.197679946	0.000	22050.000	
70	Spectrogram 1	1	179.783452717	180.197679946	0.000	22050.000	
71	Waveform 1	1	182.304835851	182.926176695	0.000	22050.000	
71	Spectrogram 1	1	182.304835851	182.926176695	0.000	22050.000	
72	Waveform 1	1	193.606035255	193.885188388	0.000	22050.000	
72	Spectrogram 1	1	193.606035255	193.885188388	0.000	22050.000	
73	Waveform 1	1	193.912203207	194.281405738	0.000	22050.000	
73	Spectrogram 1	1	193.912203207	194.281405738	0.000	22050.000	
74	Waveform 1	1	229.739552919	229.905306942	0.000	22050.000	
74	Spectrogram 1	1	229.739552919	229.905306942	0.000	22050.000	
75	Waveform 1	1	229.941870329	230.100311675	0.000	22050.000	
75	Spectrogram 1	1	229.941870329	230.100311675	0.000	22050.000	
76	Waveform 1	1	230.110061911	230.246565224	0.000	22050.000	
76	Spectrogram 1	1	230.110061911	230.246565224	0.000	22050.000	
77	Waveform 1	1	230.273378375	230.439132398	0.000	22050.000	
77	Spectrogram 1	1	230.273378375	230.439132398	0.000	22050.000	
78	Waveform 1	1	239.175274709	239.410505306	0.000	22050.000	
78	Spectrogram 1	1	239.175274709	239.410505306	0.000	22050.000	
79	Waveform 1	1	239.417366199	239.643775649	0.000	22050.000	
79	Spectrogram 1	1	239.417366199	239.643775649	0.000	22050.000	
80	Waveform 1	1	244.189606947	244.958026899	0.000	22050.000	
80	Spectrogram 1	1	244.189606947	244.958026899	0.000	22050.000	
81	Waveform 1	1	270.817710590	271.617494622	0.000	22050.000	
81	Spectrogram 1	1	270.817710590	271.617494622	0.000	22050.000	
82	Waveform 1	1	450.473724282	450.887763727	0.000	22050.000	
82	Spectrogram 1	1	450.473724282	450.887763727	0.000	22050.000	
83	Waveform 1	1	450.925403676	451.181355333	0.000	22050.000	
83	Spectrogram 1	1	450.925403676	451.181355333	0.000	22050.000	
84	Waveform 1	1	451.226523273	451.663146688	0.000	22050.000	
84	Spectrogram 1	1	451.226523273	451.663146688	0.000	22050.000	
85	Waveform 1	1	451.941682314	452.431001659	0.000	22050.000	
85	Spectrogram 1	1	451.941682314	452.431001659	0.000	22050.000	
86	Waveform 1	1	457.105883394	457.489810880	0.000	22050.000	
86	Spectrogram 1	1	457.105883394	457.489810880	0.000	22050.000	
87	Waveform 1	1	531.408741412	532.123900454	0.000	22050.000	
87	Spectrogram 1	1	531.408741412	532.123900454	0.000	22050.000	
88	Waveform 1	1	550.704974235	551.337325387	0.000	22050.000	
88	Spectrogram 1	1	550.704974235	551.337325387	0.000	22050.000	
89	Waveform 1	1	577.190213380	577.443540869	0.000	22050.000	
89	Spectrogram 1	1	577.190213380	577.443540869	0.000	22050.000	
90	Waveform 1	1	577.471688368	577.696868358	0.000	22050.000	
90	Spectrogram 1	1	577.471688368	577.696868358	0.000	22050.000	
91	Waveform 1	1	613.574504431	613.822202420	0.000	22050.000	
91	Spectrogram 1	1	613.574504431	613.822202420	0.000	22050.000	
92	Waveform 1	1	620.501603884	620.723969125	0.000	22050.000	SAT.NA_NA_50
92	Spectrogram 1	1	620.501603884	620.723969125	0.000	22050.000	SAT.NA_NA_50
93	Waveform 1	1	620.760560873	621.067368610	0.000	22050.000	SAT.NA_NA_50
93	Spectrogram 1	1	620.760560873	621.067368610	0.000	22050.000	SAT.NA_NA_50
94	Waveform 1	1	621.464248343	621.818906828	0.000	22050.000	SAT.NA_NA_50
94	Spectrogram 1	1	621.464248343	621.818906828	0.000	22050.000	SAT.NA_NA_50
95	Waveform 1	1	622.550741796	622.871623283	0.000	22050.000	SAT.NA_NA_50
95	Spectrogram 1	1	622.550741796	622.871623283	0.000	22050.000	SAT.NA_NA_50
96	Waveform 1	1	622.933547780	623.203763768	0.000	22050.000	SAT.NA_NA_50
96	Spectrogram 1	1	622.933547780	623.203763768	0.000	22050.000	SAT.NA_NA_50
97	Waveform 1	1	623.231911267	623.521830505	0.000	22050.000	SAT.NA_NA_50
97	Spectrogram 1	1	623.231911267	623.521830505	0.000	22050.000	SAT.NA_NA_50
98	Waveform 1	1	623.524645255	623.732936746	0.000	22050.000	SAT.NA_NA_50
98	Spectrogram 1	1	623.524645255	623.732936746	0.000	22050.000	SAT.NA_NA_50
99	Waveform 1	1	623.882118489	624.146704978	0.000	22050.000	SAT.NA_NA_50
99	Spectrogram 1	1	623.882118489	624.146704978	0.000	22050.000	SAT.NA_NA_50
100	Waveform 1	1	624.191740976	624.498548713	0.000	22050.000	SAT.NA_NA_50
100	Spectrogram 1	1	624.191740976	624.498548713	0.000	22050.000	SAT.NA_NA_50
101	Waveform 1	1	626.418208131	626.772866616	0.000	22050.000	
101	Spectrogram 1	1	626.418208131	626.772866616	0.000	22050.000	
102	Waveform 1	1	641.586722705	641.865382943	0.000	22050.000	
102	Spectrogram 1	1	641.586722705	641.865382943	0.000	22050.000	
103	Waveform 1	1	641.932936941	642.245374177	0.000	22050.000	
103	Spectrogram 1	1	641.932936941	642.245374177	0.000	22050.000	
104	Waveform 1	1	13.862246682	14.242538405	0.000	22050.000	SAT.NA_NA_16
104	Spectrogram 1	1	13.862246682	14.242538405	0.000	22050.000	SAT.NA_NA_16
