Selection	View	Channel	Begin Time (s)	End Time (s)	Low Freq (Hz)	High Freq (Hz)	Annotation
1	Waveform 1	1	12.969829171	13.395386578	0.0	22050.0	SAT.01_perched_NA
1	Spectrogram 1	1	12.969829171	13.395386578	0.0	22050.0	SAT.01_perched_NA
2	Waveform 1	1	42.938190966	43.182684021	0.0	22050.0	SAT.01_perched_NA
2	Spectrogram 1	1	42.938190966	43.182684021	0.0	22050.0	SAT.01_perched_NA
3	Waveform 1	1	45.213857089	45.434413761	0.0	22050.0	
3	Spectrogram 1	1	45.213857089	45.434413761	0.0	22050.0	
4	Waveform 1	1	45.453220919	45.692584749	0.0	22050.0	
4	Spectrogram 1	1	45.453220919	45.692584749	0.0	22050.0	
5	Waveform 1	1	47.180059975	47.469006313	0.0	22050.0	
5	Spectrogram 1	1	47.180059975	47.469006313	0.0	22050.0	
6	Waveform 1	1	48.932545157	49.248847360	0.0	22050.0	
6	Spectrogram 1	1	48.932545157	49.248847360	0.0	22050.0	
7	Waveform 1	1	49.530954731	49.778867268	0.0	22050.0	
7	Spectrogram 1	1	49.530954731	49.778867268	0.0	22050.0	
8	Waveform 1	1	51.273181462	51.591193407	0.0	22050.0	
8	Spectrogram 1	1	51.273181462	51.591193407	0.0	22050.0	
9	Waveform 1	1	53.169284941	53.471909211	0.0	22050.0	
9	Spectrogram 1	1	53.169284941	53.471909211	0.0	22050.0	
10	Waveform 1	1	55.542406337	55.838191641	0.0	22050.0	
10	Spectrogram 1	1	55.542406337	55.838191641	0.0	22050.0	
11	Waveform 1	1	58.019821974	58.342963144	0.0	22050.0	
11	Spectrogram 1	1	58.019821974	58.342963144	0.0	22050.0	
12	Waveform 1	1	60.856283355	61.153778400	0.0	22050.0	
12	Spectrogram 1	1	60.856283355	61.153778400	0.0	22050.0	
13	Waveform 1	1	62.615607502	62.928490223	0.0	22050.0	
13	Spectrogram 1	1	62.615607502	62.928490223	0.0	22050.0	
14	Waveform 1	1	65.925667318	66.224872105	0.0	22050.0	
14	Spectrogram 1	1	65.925667318	66.224872105	0.0	22050.0	
15	Waveform 1	1	66.334295570	66.568530174	0.0	22050.0	
15	Spectrogram 1	1	66.334295570	66.568530174	0.0	22050.0	
16	Waveform 1	1	70.901015490	71.266900201	0.0	22050.0	
16	Spectrogram 1	1	70.901015490	71.266900201	0.0	22050.0	
17	Waveform 1	1	75.209564424	75.524156885	0.0	22050.0	
17	Spectrogram 1	1	75.209564424	75.524156885	0.0	22050.0	
18	Waveform 1	1	77.962248464	78.295648084	0.0	22050.0	
18	Spectrogram 1	1	77.962248464	78.295648084	0.0	22050.0	
19	Waveform 1	1	80.552507049	80.879067702	0.0	22050.0	
19	Spectrogram 1	1	80.552507049	80.879067702	0.0	22050.0	
20	Waveform 1	1	86.435728033	86.712706178	0.0	22050.0	
20	Spectrogram 1	1	86.435728033	86.712706178	0.0	22050.0	
21	Waveform 1	1	92.630121995	92.960102131	0.0	22050.0	SAT.01_perched_NA
21	Spectrogram 1	1	92.630121995	92.960102131	0.0	22050.0	SAT.01_perched_NA
22	Waveform 1	1	95.762368679	96.107736491	0.0	22050.0	SAT.01_perched_NA
22	Spectrogram 1	1	95.762368679	96.107736491	0.0	22050.0	SAT.01_perched_NA
23	Waveform 1	1	98.815967249	99.106623328	0.0	22050.0	SAT.01_perched_NA
23	Spectrogram 1	1	98.815967249	99.106623328	0.0	22050.0	SAT.01_perched_NA
24	Waveform 1	1	103.570758750	103.849446637	0.0	22050.0	SAT.01_perched_NA
24	Spectrogram 1	1	103.570758750	103.849446637	0.0	22050.0	SAT.01_perched_NA
25	Waveform 1	1	123.402052034	123.687578887	0.0	22050.0	
25	Spectrogram 1	1	123.402052034	123.687578887	0.0	22050.0	
26	Waveform 1	1	136.312311158	136.623484137	0.0	22050.0	SAT.01_perched_NA
26	Spectrogram 1	1	136.312311158	136.623484137	0.0	22050.0	SAT.01_perched_NA
27	Waveform 1	1	143.077758828	143.359866199	0.0	22050.0	
27	Spectrogram 1	1	143.077758828	143.359866199	0.0	22050.0	
28	Waveform 1	1	168.392193552	168.662332731	0.0	22050.0	
28	Spectrogram 1	1	168.392193552	168.662332731	0.0	22050.0	
29	Waveform 1	1	207.155456016	207.398239329	0.0	22050.0	
29	Spectrogram 1	1	207.155456016	207.398239329	0.0	22050.0	
30	Waveform 1	1	207.784640940	207.998358645	0.0	22050.0	
30	Spectrogram 1	1	207.784640940	207.998358645	0.0	22050.0	
31	Waveform 1	1	208.000068387	208.201817900	0.0	22050.0	
31	Spectrogram 1	1	208.000068387	208.201817900	0.0	22050.0	
32	Waveform 1	1	214.815098564	215.066430585	0.0	22050.0	SAT.01_perched_NA
32	Spectrogram 1	1	214.815098564	215.066430585	0.0	22050.0	SAT.01_perched_NA
33	Waveform 1	1	232.999910648	233.282018019	0.0	22050.0	
33	Spectrogram 1	1	232.999910648	233.282018019	0.0	22050.0	
34	Waveform 1	1	335.510890165	335.801546244	0.0	22050.0	
34	Spectrogram 1	1	335.510890165	335.801546244	0.0	22050.0	
35	Waveform 1	1	339.354389372	339.576655785	0.0	22050.0	
35	Spectrogram 1	1	339.354389372	339.576655785	0.0	22050.0	
36	Waveform 1	1	339.595462943	339.858763156	0.0	22050.0	
36	Spectrogram 1	1	339.595462943	339.858763156	0.0	22050.0	
37	Waveform 1	1	339.951089204	340.212679675	0.0	22050.0	
37	Spectrogram 1	1	339.951089204	340.212679675	0.0	22050.0	
38	Waveform 1	1	340.351168748	340.568305936	0.0	22050.0	
38	Spectrogram 1	1	340.351168748	340.568305936	0.0	22050.0	
39	Waveform 1	1	342.062620130	342.375502850	0.0	22050.0	
39	Spectrogram 1	1	342.062620130	342.375502850	0.0	22050.0	
