Selection	View	Channel	Begin Time (s)	End Time (s)	Low Freq (Hz)	High Freq (Hz)	Annotation
1	Waveform 1	1	2.182340381	2.378617945	0.000	22050.000	
1	Spectrogram 1	1	2.182340381	2.378617945	0.000	22050.000	
2	Waveform 1	1	2.401905114	2.574895510	0.000	22050.000	
2	Spectrogram 1	1	2.401905114	2.574895510	0.000	22050.000	
3	Waveform 1	1	4.447849221	4.757235891	0.000	22050.000	
3	Spectrogram 1	1	4.447849221	4.757235891	0.000	22050.000	
4	Waveform 1	1	6.300842501	6.663456985	0.000	22050.000	
4	Spectrogram 1	1	6.300842501	6.663456985	0.000	22050.000	
5	Waveform 1	1	8.782589336	9.105282960	0.000	22050.000	
5	Spectrogram 1	1	8.782589336	9.105282960	0.000	22050.000	
6	Waveform 1	1	10.412691145	10.732058030	0.000	22050.000	
6	Spectrogram 1	1	10.412691145	10.732058030	0.000	22050.000	
7	Waveform 1	1	11.577049580	11.896416465	0.000	22050.000	
7	Spectrogram 1	1	11.577049580	11.896416465	0.000	22050.000	
8	Waveform 1	1	12.006198831	12.322238978	0.000	22050.000	
8	Spectrogram 1	1	12.006198831	12.322238978	0.000	22050.000	
9	Waveform 1	1	14.221806596	14.564460649	0.000	22050.000	
9	Spectrogram 1	1	14.221806596	14.564460649	0.000	22050.000	
10	Waveform 1	1	22.591880372	22.907920519	0.000	22050.000	
10	Spectrogram 1	1	22.591880372	22.907920519	0.000	22050.000	
11	Waveform 1	1	29.301911695	29.637912272	0.000	22050.000	
11	Spectrogram 1	1	29.301911695	29.637912272	0.000	22050.000	
12	Waveform 1	1	34.983980857	35.286714050	0.000	22050.000	
12	Spectrogram 1	1	34.983980857	35.286714050	0.000	22050.000	
13	Waveform 1	1	40.586208297	40.849020629	0.000	22050.000	
13	Spectrogram 1	1	40.586208297	40.849020629	0.000	22050.000	
14	Waveform 1	1	40.862327583	41.138446869	0.000	22050.000	
14	Spectrogram 1	1	40.862327583	41.138446869	0.000	22050.000	
15	Waveform 1	1	41.481100922	41.770527162	0.000	22050.000	
15	Spectrogram 1	1	41.481100922	41.770527162	0.000	22050.000	
16	Waveform 1	1	41.870329313	42.179715983	0.000	22050.000	
16	Spectrogram 1	1	41.870329313	42.179715983	0.000	22050.000	
17	Waveform 1	1	50.869156645	51.112008547	0.000	22050.000	
17	Spectrogram 1	1	50.869156645	51.112008547	0.000	22050.000	
18	Waveform 1	1	53.377517387	53.557161260	0.000	22050.000	
18	Spectrogram 1	1	53.377517387	53.557161260	0.000	22050.000	
19	Waveform 1	1	53.597082121	53.750112086	0.000	22050.000	
19	Spectrogram 1	1	53.597082121	53.750112086	0.000	22050.000	
20	Waveform 1	1	53.756765563	53.939736174	0.000	22050.000	
20	Spectrogram 1	1	53.756765563	53.939736174	0.000	22050.000	
21	Waveform 1	1	54.002944204	54.225835675	0.000	22050.000	
21	Spectrogram 1	1	54.002944204	54.225835675	0.000	22050.000	
22	Waveform 1	1	54.322311089	54.591776898	0.000	22050.000	
22	Spectrogram 1	1	54.322311089	54.591776898	0.000	22050.000	
23	Waveform 1	1	54.721519695	55.020926149	0.000	22050.000	
23	Spectrogram 1	1	54.721519695	55.020926149	0.000	22050.000	
24	Waveform 1	1	57.722237718	58.124773063	0.000	22050.000	
24	Spectrogram 1	1	57.722237718	58.124773063	0.000	22050.000	
25	Waveform 1	1	59.056259810	59.415547556	0.000	22050.000	
25	Spectrogram 1	1	59.056259810	59.415547556	0.000	22050.000	
26	Waveform 1	1	64.179436923	64.395674918	0.000	22050.000	
26	Spectrogram 1	1	64.179436923	64.395674918	0.000	22050.000	
27	Waveform 1	1	71.488281155	71.777707395	0.000	22050.000	
27	Spectrogram 1	1	71.488281155	71.777707395	0.000	22050.000	
28	Waveform 1	1	73.657314582	73.940087345	0.000	22050.000	
28	Spectrogram 1	1	73.657314582	73.940087345	0.000	22050.000	
29	Waveform 1	1	75.320683775	75.626743706	0.000	22050.000	
29	Spectrogram 1	1	75.320683775	75.626743706	0.000	22050.000	
30	Waveform 1	1	80.046961194	80.251616450	0.000	22050.000	
30	Spectrogram 1	1	80.046961194	80.251616450	0.000	22050.000	
31	Waveform 1	1	80.257497349	80.468033503	0.000	22050.000	
31	Spectrogram 1	1	80.257497349	80.468033503	0.000	22050.000	
32	Waveform 1	1	80.482147659	80.733850101	0.000	22050.000	
32	Spectrogram 1	1	80.482147659	80.733850101	0.000	22050.000	
33	Waveform 1	1	81.697141223	81.941786587	0.000	22050.000	
33	Spectrogram 1	1	81.697141223	81.941786587	0.000	22050.000	
34	Waveform 1	1	89.782200038	90.083302025	0.000	22050.000	
34	Spectrogram 1	1	89.782200038	90.083302025	0.000	22050.000	
35	Waveform 1	1	91.155977852	91.420618270	0.000	22050.000	
35	Spectrogram 1	1	91.155977852	91.420618270	0.000	22050.000	
36	Waveform 1	1	95.086770195	95.467852397	0.000	22050.000	
36	Spectrogram 1	1	95.086770195	95.467852397	0.000	22050.000	
37	Waveform 1	1	103.235342710	103.545854134	0.000	22050.000	
37	Spectrogram 1	1	103.235342710	103.545854134	0.000	22050.000	
38	Waveform 1	1	104.425636501	104.867880044	0.000	22050.000	
38	Spectrogram 1	1	104.425636501	104.867880044	0.000	22050.000	
39	Waveform 1	1	108.415237826	108.909233273	0.000	22050.000	
39	Spectrogram 1	1	108.415237826	108.909233273	0.000	22050.000	
40	Waveform 1	1	110.844156816	111.096988933	0.000	22050.000	
40	Spectrogram 1	1	110.844156816	111.096988933	0.000	22050.000	
41	Waveform 1	1	111.604316537	111.832198116	0.000	22050.000	
41	Spectrogram 1	1	111.604316537	111.832198116	0.000	22050.000	
42	Waveform 1	1	112.599011314	112.915051461	0.000	22050.000	
42	Spectrogram 1	1	112.599011314	112.915051461	0.000	22050.000	
43	Waveform 1	1	113.417388957	113.621983368	0.000	22050.000	
43	Spectrogram 1	1	113.417388957	113.621983368	0.000	22050.000	
44	Waveform 1	1	114.209152693	114.476955133	0.000	22050.000	SAT.NA_u.flight_NA
44	Spectrogram 1	1	114.209152693	114.476955133	0.000	22050.000	SAT.NA_u.flight_NA
45	Waveform 1	1	118.204565493	118.485674886	0.000	22050.000	
45	Spectrogram 1	1	118.204565493	118.485674886	0.000	22050.000	
46	Waveform 1	1	118.535575962	118.864923062	0.000	22050.000	
46	Spectrogram 1	1	118.535575962	118.864923062	0.000	22050.000	
47	Waveform 1	1	118.923140984	119.177636471	0.000	22050.000	
47	Spectrogram 1	1	118.923140984	119.177636471	0.000	22050.000	
48	Waveform 1	1	119.686627443	119.914509023	0.000	22050.000	
48	Spectrogram 1	1	119.686627443	119.914509023	0.000	22050.000	
49	Waveform 1	1	124.761566850	125.085923842	0.000	22050.000	
49	Spectrogram 1	1	124.761566850	125.085923842	0.000	22050.000	
50	Waveform 1	1	125.099230796	125.340419329	0.000	22050.000	
50	Spectrogram 1	1	125.099230796	125.340419329	0.000	22050.000	
51	Waveform 1	1	125.358716390	125.659786214	0.000	22050.000	
51	Spectrogram 1	1	125.358716390	125.659786214	0.000	22050.000	
52	Waveform 1	1	133.003561199	133.292987438	0.000	22050.000	
52	Spectrogram 1	1	133.003561199	133.292987438	0.000	22050.000	
53	Waveform 1	1	136.593111916	136.872557940	0.000	22050.000	
53	Spectrogram 1	1	136.593111916	136.872557940	0.000	22050.000	
54	Waveform 1	1	136.890855001	137.256796224	0.000	22050.000	
54	Spectrogram 1	1	136.890855001	137.256796224	0.000	22050.000	
55	Waveform 1	1	137.757470351	138.056876805	0.000	22050.000	
55	Spectrogram 1	1	137.757470351	138.056876805	0.000	22050.000	
56	Waveform 1	1	141.739576198	142.029002437	0.000	22050.000	
56	Spectrogram 1	1	141.739576198	142.029002437	0.000	22050.000	
57	Waveform 1	1	144.941561893	145.240968348	0.000	22050.000	
57	Spectrogram 1	1	144.941561893	145.240968348	0.000	22050.000	
58	Waveform 1	1	149.046757060	149.337846669	0.000	22050.000	
58	Spectrogram 1	1	149.046757060	149.337846669	0.000	22050.000	
59	Waveform 1	1	150.199471911	150.440660444	0.000	22050.000	
59	Spectrogram 1	1	150.199471911	150.440660444	0.000	22050.000	
60	Waveform 1	1	151.323909485	151.638286262	0.000	22050.000	
60	Spectrogram 1	1	151.323909485	151.638286262	0.000	22050.000	
61	Waveform 1	1	152.934050863	153.201853303	0.000	22050.000	
61	Spectrogram 1	1	152.934050863	153.201853303	0.000	22050.000	
62	Waveform 1	1	153.472982481	153.817299904	0.000	22050.000	
62	Spectrogram 1	1	153.472982481	153.817299904	0.000	22050.000	
63	Waveform 1	1	154.961697909	155.330965869	0.000	22050.000	
63	Spectrogram 1	1	154.961697909	155.330965869	0.000	22050.000	
64	Waveform 1	1	155.810016197	156.139363297	0.000	22050.000	
64	Spectrogram 1	1	155.810016197	156.139363297	0.000	22050.000	
65	Waveform 1	1	157.717900661	158.025623961	0.000	22050.000	
65	Spectrogram 1	1	157.717900661	158.025623961	0.000	22050.000	
66	Waveform 1	1	158.033940807	158.198614357	0.000	22050.000	
66	Spectrogram 1	1	158.033940807	158.198614357	0.000	22050.000	
67	Waveform 1	1	158.464753428	158.787447051	0.000	22050.000	
67	Spectrogram 1	1	158.464753428	158.787447051	0.000	22050.000	
68	Waveform 1	1	158.908873003	159.186655658	0.000	22050.000	
68	Spectrogram 1	1	158.908873003	159.186655658	0.000	22050.000	
69	Waveform 1	1	159.268160748	159.457784836	0.000	22050.000	
69	Spectrogram 1	1	159.268160748	159.457784836	0.000	22050.000	
70	Waveform 1	1	159.797112151	160.034973946	0.000	22050.000	
70	Spectrogram 1	1	159.797112151	160.034973946	0.000	22050.000	
71	Waveform 1	1	160.053271007	160.249548572	0.000	22050.000	
71	Spectrogram 1	1	160.053271007	160.249548572	0.000	22050.000	
72	Waveform 1	1	162.055967515	162.337076908	0.000	22050.000	
72	Spectrogram 1	1	162.055967515	162.337076908	0.000	22050.000	
73	Waveform 1	1	162.358700708	162.491770243	0.000	22050.000	
73	Spectrogram 1	1	162.358700708	162.491770243	0.000	22050.000	
74	Waveform 1	1	162.566621857	162.890978849	0.000	22050.000	
74	Spectrogram 1	1	162.566621857	162.890978849	0.000	22050.000	
75	Waveform 1	1	163.682742585	163.892327103	0.000	22050.000	
75	Spectrogram 1	1	163.682742585	163.892327103	0.000	22050.000	
76	Waveform 1	1	179.747562246	180.028671640	0.000	22050.000	
76	Spectrogram 1	1	179.747562246	180.028671640	0.000	22050.000	
77	Waveform 1	1	181.628832803	181.911605566	0.000	22050.000	
77	Spectrogram 1	1	181.628832803	181.911605566	0.000	22050.000	
78	Waveform 1	1	182.072952377	182.309150803	0.000	22050.000	
78	Spectrogram 1	1	182.072952377	182.309150803	0.000	22050.000	
79	Waveform 1	1	182.440556969	182.630181057	0.000	22050.000	
79	Spectrogram 1	1	182.440556969	182.630181057	0.000	22050.000	
80	Waveform 1	1	182.645151379	182.864716113	0.000	22050.000	
80	Spectrogram 1	1	182.645151379	182.864716113	0.000	22050.000	
81	Waveform 1	1	184.263609604	184.554699212	0.000	22050.000	
81	Spectrogram 1	1	184.263609604	184.554699212	0.000	22050.000	
82	Waveform 1	1	189.998906579	190.328253680	0.000	22050.000	
82	Spectrogram 1	1	189.998906579	190.328253680	0.000	22050.000	
83	Waveform 1	1	191.915107889	192.259425312	0.000	22050.000	
83	Spectrogram 1	1	191.915107889	192.259425312	0.000	22050.000	
84	Waveform 1	1	198.337376341	198.585218351	0.000	22050.000	SAT.01_perched_NA
84	Spectrogram 1	1	198.337376341	198.585218351	0.000	22050.000	SAT.01_perched_NA
85	Waveform 1	1	202.015085626	202.279561328	0.000	22050.000	SAT.01_perched_NA
85	Spectrogram 1	1	202.015085626	202.279561328	0.000	22050.000	SAT.01_perched_NA
86	Waveform 1	1	204.619921781	204.957585728	0.000	22050.000	
86	Spectrogram 1	1	204.619921781	204.957585728	0.000	22050.000	
87	Waveform 1	1	205.014140280	205.238695121	0.000	22050.000	SAT.01_perched_NA
87	Spectrogram 1	1	205.014140280	205.238695121	0.000	22050.000	SAT.01_perched_NA
88	Waveform 1	1	206.830539438	207.133272631	0.000	22050.000	SAT.01_perched_NA
88	Spectrogram 1	1	206.830539438	207.133272631	0.000	22050.000	SAT.01_perched_NA
89	Waveform 1	1	207.154896431	207.377787903	0.000	22050.000	
89	Spectrogram 1	1	207.154896431	207.377787903	0.000	22050.000	
90	Waveform 1	1	208.214712950	208.520519655	0.000	22050.000	
90	Spectrogram 1	1	208.214712950	208.520519655	0.000	22050.000	
91	Waveform 1	1	208.548747966	208.849849953	0.000	22050.000	SAT.01_perched_NA
91	Spectrogram 1	1	208.548747966	208.849849953	0.000	22050.000	SAT.01_perched_NA
92	Waveform 1	1	209.221522718	209.489691675	0.000	22050.000	
92	Spectrogram 1	1	209.221522718	209.489691675	0.000	22050.000	
93	Waveform 1	1	209.569671890	210.002505996	0.000	22050.000	
93	Spectrogram 1	1	209.569671890	210.002505996	0.000	22050.000	
94	Waveform 1	1	211.188095069	211.526834804	0.000	22050.000	
94	Spectrogram 1	1	211.188095069	211.526834804	0.000	22050.000	
95	Waveform 1	1	211.771480168	212.044353843	0.000	22050.000	
95	Spectrogram 1	1	211.771480168	212.044353843	0.000	22050.000	
96	Waveform 1	1	212.105515185	212.439550201	0.000	22050.000	
96	Spectrogram 1	1	212.105515185	212.439550201	0.000	22050.000	
97	Waveform 1	1	212.500711542	212.782994655	0.000	22050.000	
97	Spectrogram 1	1	212.500711542	212.782994655	0.000	22050.000	
98	Waveform 1	1	212.848860714	213.164076857	0.000	22050.000	
98	Spectrogram 1	1	212.848860714	213.164076857	0.000	22050.000	
99	Waveform 1	1	213.211124042	213.493407155	0.000	22050.000	
99	Spectrogram 1	1	213.211124042	213.493407155	0.000	22050.000	
100	Waveform 1	1	213.526340184	213.869784638	0.000	22050.000	
100	Spectrogram 1	1	213.526340184	213.869784638	0.000	22050.000	
101	Waveform 1	1	213.926241260	214.302618744	0.000	22050.000	
101	Spectrogram 1	1	213.926241260	214.302618744	0.000	22050.000	
102	Waveform 1	1	214.354370648	214.697815101	0.000	22050.000	
102	Spectrogram 1	1	214.354370648	214.697815101	0.000	22050.000	
103	Waveform 1	1	216.956080002	217.365390515	0.000	22050.000	
103	Spectrogram 1	1	216.956080002	217.365390515	0.000	22050.000	
104	Waveform 1	1	217.553579257	217.864090681	0.000	22050.000	
104	Spectrogram 1	1	217.553579257	217.864090681	0.000	22050.000	
105	Waveform 1	1	223.622666177	223.928472882	0.000	22050.000	
105	Spectrogram 1	1	223.622666177	223.928472882	0.000	22050.000	
106	Waveform 1	1	226.690142666	226.981835216	0.000	22050.000	
106	Spectrogram 1	1	226.690142666	226.981835216	0.000	22050.000	
107	Waveform 1	1	227.075929587	227.362917418	0.000	22050.000	
107	Spectrogram 1	1	227.075929587	227.362917418	0.000	22050.000	
108	Waveform 1	1	228.675533891	228.915474537	0.000	22050.000	
108	Spectrogram 1	1	228.675533891	228.915474537	0.000	22050.000	
109	Waveform 1	1	229.193052931	229.517678510	0.000	22050.000	
109	Spectrogram 1	1	229.193052931	229.517678510	0.000	22050.000	
110	Waveform 1	1	233.220292003	233.549622301	0.000	22050.000	
110	Spectrogram 1	1	233.220292003	233.549622301	0.000	22050.000	
111	Waveform 1	1	234.057731904	234.354129172	0.000	22050.000	
111	Spectrogram 1	1	234.057731904	234.354129172	0.000	22050.000	
112	Waveform 1	1	246.087697217	246.435846389	0.000	22050.000	
112	Spectrogram 1	1	246.087697217	246.435846389	0.000	22050.000	
113	Waveform 1	1	251.182907399	251.427552763	0.000	22050.000	
113	Spectrogram 1	1	251.182907399	251.427552763	0.000	22050.000	
114	Waveform 1	1	252.283811538	252.528456902	0.000	22050.000	
114	Spectrogram 1	1	252.283811538	252.528456902	0.000	22050.000	
115	Waveform 1	1	252.561389932	252.904834385	0.000	22050.000	
115	Spectrogram 1	1	252.561389932	252.904834385	0.000	22050.000	
116	Waveform 1	1	254.283316918	254.683217994	0.000	22050.000	
116	Spectrogram 1	1	254.283316918	254.683217994	0.000	22050.000	
117	Waveform 1	1	259.420869567	259.703152679	0.000	22050.000	
117	Spectrogram 1	1	259.420869567	259.703152679	0.000	22050.000	
118	Waveform 1	1	261.759114682	262.069626106	0.000	22050.000	
118	Spectrogram 1	1	261.759114682	262.069626106	0.000	22050.000	
119	Waveform 1	1	262.093149699	262.441298871	0.000	22050.000	
119	Spectrogram 1	1	262.093149699	262.441298871	0.000	22050.000	
120	Waveform 1	1	263.289813019	263.527674814	0.000	22050.000	
120	Spectrogram 1	1	263.289813019	263.527674814	0.000	22050.000	
121	Waveform 1	1	264.547320129	264.850053322	0.000	22050.000	
121	Spectrogram 1	1	264.547320129	264.850053322	0.000	22050.000	
122	Waveform 1	1	264.934885151	265.129499346	0.000	22050.000	
122	Spectrogram 1	1	264.934885151	265.129499346	0.000	22050.000	
123	Waveform 1	1	265.186053899	265.465499923	0.000	22050.000	
123	Spectrogram 1	1	265.186053899	265.465499923	0.000	22050.000	
124	Waveform 1	1	265.520391106	265.739955840	0.000	22050.000	
124	Spectrogram 1	1	265.520391106	265.739955840	0.000	22050.000	
125	Waveform 1	1	266.200709106	266.448551116	0.000	22050.000	
125	Spectrogram 1	1	266.200709106	266.448551116	0.000	22050.000	
126	Waveform 1	1	266.501778930	266.766254632	0.000	22050.000	
126	Spectrogram 1	1	266.501778930	266.766254632	0.000	22050.000	
127	Waveform 1	1	266.807838861	267.085621516	0.000	22050.000	
127	Spectrogram 1	1	266.807838861	267.085621516	0.000	22050.000	
128	Waveform 1	1	267.120552270	267.429938939	0.000	22050.000	
128	Spectrogram 1	1	267.120552270	267.429938939	0.000	22050.000	
129	Waveform 1	1	267.609582812	268.042058802	0.000	22050.000	
129	Spectrogram 1	1	267.609582812	268.042058802	0.000	22050.000	
130	Waveform 1	1	275.360883249	275.633675797	0.000	22050.000	
130	Spectrogram 1	1	275.360883249	275.633675797	0.000	22050.000	
131	Waveform 1	1	287.706409396	288.042409973	0.000	22050.000	
131	Spectrogram 1	1	287.706409396	288.042409973	0.000	22050.000	
132	Waveform 1	1	288.385064026	288.667836789	0.000	22050.000	
132	Spectrogram 1	1	288.385064026	288.667836789	0.000	22050.000	
133	Waveform 1	1	295.437749403	295.860245177	0.000	22050.000	
133	Spectrogram 1	1	295.437749403	295.860245177	0.000	22050.000	
134	Waveform 1	1	299.250191592	299.463102848	0.000	22050.000	
134	Spectrogram 1	1	299.250191592	299.463102848	0.000	22050.000	
135	Waveform 1	1	300.214945723	300.547619562	0.000	22050.000	
135	Spectrogram 1	1	300.214945723	300.547619562	0.000	22050.000	
136	Waveform 1	1	303.036019874	303.315465898	0.000	22050.000	
136	Spectrogram 1	1	303.036019874	303.315465898	0.000	22050.000	
137	Waveform 1	1	303.362040236	303.731308196	0.000	22050.000	
137	Spectrogram 1	1	303.362040236	303.731308196	0.000	22050.000	
138	Waveform 1	1	306.472540626	306.795234249	0.000	22050.000	SAT.NA_nest_NA
138	Spectrogram 1	1	306.472540626	306.795234249	0.000	22050.000	SAT.NA_nest_NA
139	Waveform 1	1	318.804759819	319.144087134	0.000	22050.000	SAT.NA_nest_NA
139	Spectrogram 1	1	318.804759819	319.144087134	0.000	22050.000	SAT.NA_nest_NA
140	Waveform 1	1	321.429556405	321.745596551	0.000	22050.000	SAT.NA_nest_NA
140	Spectrogram 1	1	321.429556405	321.745596551	0.000	22050.000	SAT.NA_nest_NA
141	Waveform 1	1	326.612614808	326.988536246	0.000	22050.000	SAT.NA_nest_NA
141	Spectrogram 1	1	326.612614808	326.988536246	0.000	22050.000	SAT.NA_nest_NA
142	Waveform 1	1	327.640576969	328.009844930	0.000	22050.000	SAT.NA_nest_NA
142	Spectrogram 1	1	327.640576969	328.009844930	0.000	22050.000	SAT.NA_nest_NA
143	Waveform 1	1	328.059746006	328.282637478	0.000	22050.000	SAT.NA_nest_NA
143	Spectrogram 1	1	328.059746006	328.282637478	0.000	22050.000	SAT.NA_nest_NA
144	Waveform 1	1	339.803132505	340.192360896	0.000	22050.000	
144	Spectrogram 1	1	339.803132505	340.192360896	0.000	22050.000	
145	Waveform 1	1	340.218974803	340.495094089	0.000	22050.000	
145	Spectrogram 1	1	340.218974803	340.495094089	0.000	22050.000	
146	Waveform 1	1	346.855817881	347.278313656	0.000	22050.000	
146	Spectrogram 1	1	346.855817881	347.278313656	0.000	22050.000	
147	Waveform 1	1	348.781999406	349.244416041	0.000	22050.000	
147	Spectrogram 1	1	348.781999406	349.244416041	0.000	22050.000	
148	Waveform 1	1	356.732904146	357.025657124	0.000	22050.000	
148	Spectrogram 1	1	356.732904146	357.025657124	0.000	22050.000	
149	Waveform 1	1	357.624470033	358.020351901	0.000	22050.000	
149	Spectrogram 1	1	357.624470033	358.020351901	0.000	22050.000	
150	Waveform 1	1	364.274620065	364.560719566	0.000	22050.000	
150	Spectrogram 1	1	364.274620065	364.560719566	0.000	22050.000	
151	Waveform 1	1	366.636604318	366.969278157	0.000	22050.000	
151	Spectrogram 1	1	366.636604318	366.969278157	0.000	22050.000	
152	Waveform 1	1	368.203498098	368.551142259	0.000	22050.000	
152	Spectrogram 1	1	368.203498098	368.551142259	0.000	22050.000	
153	Waveform 1	1	368.657597887	368.930390435	0.000	22050.000	
153	Spectrogram 1	1	368.657597887	368.930390435	0.000	22050.000	
154	Waveform 1	1	369.963342703	370.256095681	0.000	22050.000	
154	Spectrogram 1	1	369.963342703	370.256095681	0.000	22050.000	
155	Waveform 1	1	411.188284770	411.687295528	0.000	22050.000	
155	Spectrogram 1	1	411.188284770	411.687295528	0.000	22050.000	
156	Waveform 1	1	414.248884084	414.727934412	0.000	22050.000	
156	Spectrogram 1	1	414.248884084	414.727934412	0.000	22050.000	
157	Waveform 1	1	416.165085394	416.664096152	0.000	22050.000	
157	Spectrogram 1	1	416.165085394	416.664096152	0.000	22050.000	
158	Waveform 1	1	418.952892161	419.285565999	0.000	22050.000	
158	Spectrogram 1	1	418.952892161	419.285565999	0.000	22050.000	
159	Waveform 1	1	419.338793813	419.664814175	0.000	22050.000	
159	Spectrogram 1	1	419.338793813	419.664814175	0.000	22050.000	
160	Waveform 1	1	424.987595591	425.346883337	0.000	22050.000	
160	Spectrogram 1	1	424.987595591	425.346883337	0.000	22050.000	
161	Waveform 1	1	437.642508408	438.028410060	0.000	22050.000	SAT.NA_U.nest_NA
161	Spectrogram 1	1	437.642508408	438.028410060	0.000	22050.000	SAT.NA_U.nest_NA
162	Waveform 1	1	438.074984398	438.307856085	0.000	22050.000	SAT.NA_U.nest_NA
162	Spectrogram 1	1	438.074984398	438.307856085	0.000	22050.000	SAT.NA_U.nest_NA
163	Waveform 1	1	439.345798461	439.691779253	0.000	22050.000	SAT.NA_U.nest_NA
163	Spectrogram 1	1	439.345798461	439.691779253	0.000	22050.000	SAT.NA_U.nest_NA
164	Waveform 1	1	440.949286362	441.168851096	0.000	22050.000	SAT.NA_U.nest_NA
164	Spectrogram 1	1	440.949286362	441.168851096	0.000	22050.000	SAT.NA_U.nest_NA
165	Waveform 1	1	441.508178411	441.820891819	0.000	22050.000	SAT.NA_U.nest_NA
165	Spectrogram 1	1	441.508178411	441.820891819	0.000	22050.000	SAT.NA_U.nest_NA
166	Waveform 1	1	441.847505726	442.053763506	0.000	22050.000	SAT.NA_U.nest_NA
166	Spectrogram 1	1	441.847505726	442.053763506	0.000	22050.000	SAT.NA_U.nest_NA
167	Waveform 1	1	444.422401236	444.755075075	0.000	22050.000	SAT.NA_U.nest_NA
167	Spectrogram 1	1	444.422401236	444.755075075	0.000	22050.000	SAT.NA_U.nest_NA
168	Waveform 1	1	447.868902203	448.174962134	0.000	22050.000	
168	Spectrogram 1	1	447.868902203	448.174962134	0.000	22050.000	
169	Waveform 1	1	458.454583744	458.627574140	0.000	22050.000	
169	Spectrogram 1	1	458.454583744	458.627574140	0.000	22050.000	
170	Waveform 1	1	474.441225053	474.617542188	0.000	22050.000	
170	Spectrogram 1	1	474.441225053	474.617542188	0.000	22050.000	
171	Waveform 1	1	467.027659579	467.488721996	0.000	22050.000	
171	Spectrogram 1	1	467.027659579	467.488721996	0.000	22050.000	
172	Waveform 1	1	474.649303618	474.922177293	0.000	22050.000	
172	Spectrogram 1	1	474.649303618	474.922177293	0.000	22050.000	
173	Waveform 1	1	475.091547161	475.632589793	0.000	22050.000	
173	Spectrogram 1	1	475.091547161	475.632589793	0.000	22050.000	
174	Waveform 1	1	493.364673980	493.802212805	0.000	22050.000	
174	Spectrogram 1	1	493.364673980	493.802212805	0.000	22050.000	
175	Waveform 1	1	495.720297105	496.047980836	0.000	22050.000	SAT.NA_nest_NA
175	Spectrogram 1	1	495.720297105	496.047980836	0.000	22050.000	SAT.NA_nest_NA
176	Waveform 1	1	496.939546724	497.085923213	0.000	22050.000	SAT.NA_nest_NA
176	Spectrogram 1	1	496.939546724	497.085923213	0.000	22050.000	SAT.NA_nest_NA
177	Waveform 1	1	497.129170812	497.396973252	0.000	22050.000	SAT.NA_nest_NA
177	Spectrogram 1	1	497.129170812	497.396973252	0.000	22050.000	SAT.NA_nest_NA
178	Waveform 1	1	497.433567374	497.639825154	0.000	22050.000	SAT.NA_nest_NA
178	Spectrogram 1	1	497.433567374	497.639825154	0.000	22050.000	SAT.NA_nest_NA
179	Waveform 1	1	497.704696552	497.954201931	0.000	22050.000	SAT.NA_nest_NA
179	Spectrogram 1	1	497.704696552	497.954201931	0.000	22050.000	SAT.NA_nest_NA
180	Waveform 1	1	498.148816127	498.311826307	0.000	22050.000	SAT.NA_nest_NA
180	Spectrogram 1	1	498.148816127	498.311826307	0.000	22050.000	SAT.NA_nest_NA
181	Waveform 1	1	498.343430322	498.632856562	0.000	22050.000	SAT.NA_nest_NA
181	Spectrogram 1	1	498.343430322	498.632856562	0.000	22050.000	SAT.NA_nest_NA
182	Waveform 1	1	498.701054698	498.864064879	0.000	22050.000	SAT.NA_nest_NA
182	Spectrogram 1	1	498.701054698	498.864064879	0.000	22050.000	SAT.NA_nest_NA
183	Waveform 1	1	498.923946170	499.195075349	0.000	22050.000	SAT.NA_nest_NA
183	Spectrogram 1	1	498.923946170	499.195075349	0.000	22050.000	SAT.NA_nest_NA
184	Waveform 1	1	499.617571123	499.916977578	0.000	22050.000	SAT.NA_nest_NA
184	Spectrogram 1	1	499.617571123	499.916977578	0.000	22050.000	SAT.NA_nest_NA
185	Waveform 1	1	499.953571700	500.267948478	0.000	22050.000	SAT.NA_nest_NA
185	Spectrogram 1	1	499.953571700	500.267948478	0.000	22050.000	SAT.NA_nest_NA
186	Waveform 1	1	500.692107622	501.036425045	0.000	22050.000	SAT.NA_nest_NA
186	Spectrogram 1	1	500.692107622	501.036425045	0.000	22050.000	SAT.NA_nest_NA
187	Waveform 1	1	501.064702321	501.332504761	0.000	22050.000	SAT.NA_nest_NA
187	Spectrogram 1	1	501.064702321	501.332504761	0.000	22050.000	SAT.NA_nest_NA
188	Waveform 1	1	521.695470416	522.106322606	0.000	22050.000	
188	Spectrogram 1	1	521.695470416	522.106322606	0.000	22050.000	
189	Waveform 1	1	544.299864911	544.680947113	0.000	22050.000	
189	Spectrogram 1	1	544.299864911	544.680947113	0.000	22050.000	
190	Waveform 1	1	544.840907543	545.264332212	0.000	22050.000	
190	Spectrogram 1	1	544.840907543	545.264332212	0.000	22050.000	
191	Waveform 1	1	556.629756031	556.926153299	0.000	22050.000	
191	Spectrogram 1	1	556.629756031	556.926153299	0.000	22050.000	
192	Waveform 1	1	557.735364889	558.266998084	0.000	22050.000	
192	Spectrogram 1	1	557.735364889	558.266998084	0.000	22050.000	
193	Waveform 1	1	564.590139805	564.891241792	0.000	22050.000	
193	Spectrogram 1	1	564.590139805	564.891241792	0.000	22050.000	
194	Waveform 1	1	580.746143280	581.334233098	0.000	22050.000	
194	Spectrogram 1	1	580.746143280	581.334233098	0.000	22050.000	
195	Waveform 1	1	590.099123743	590.470796508	0.000	22050.000	
195	Spectrogram 1	1	590.099123743	590.470796508	0.000	22050.000	
196	Waveform 1	1	613.989684502	614.304900644	0.000	22050.000	
196	Spectrogram 1	1	613.989684502	614.304900644	0.000	22050.000	
197	Waveform 1	1	614.380176141	614.813010247	0.000	22050.000	
197	Spectrogram 1	1	614.380176141	614.813010247	0.000	22050.000	
198	Waveform 1	1	617.325329948	617.758164054	0.000	22050.000	
198	Spectrogram 1	1	617.325329948	617.758164054	0.000	22050.000	
199	Waveform 1	1	630.305648407	630.564407927	0.000	22050.000	
199	Spectrogram 1	1	630.305648407	630.564407927	0.000	22050.000	
200	Waveform 1	1	728.229660151	728.566047527	0.000	22050.000	
200	Spectrogram 1	1	728.229660151	728.566047527	0.000	22050.000	
201	Waveform 1	1	729.648132792	729.951587138	0.000	22050.000	
201	Spectrogram 1	1	729.648132792	729.951587138	0.000	22050.000	
202	Waveform 1	1	730.958396906	731.170109241	0.000	22050.000	
202	Spectrogram 1	1	730.958396906	731.170109241	0.000	22050.000	
203	Waveform 1	1	731.245384737	731.532372568	0.000	22050.000	
203	Spectrogram 1	1	731.245384737	731.532372568	0.000	22050.000	
204	Waveform 1	1	731.762903777	732.096938793	0.000	22050.000	
204	Spectrogram 1	1	731.762903777	732.096938793	0.000	22050.000	
205	Waveform 1	1	735.018569008	735.314966276	0.000	22050.000	
205	Spectrogram 1	1	735.018569008	735.314966276	0.000	22050.000	
206	Waveform 1	1	735.456107833	735.881884861	0.000	22050.000	
206	Spectrogram 1	1	735.456107833	735.881884861	0.000	22050.000	
207	Waveform 1	1	735.928932046	736.201805722	0.000	22050.000	
207	Spectrogram 1	1	735.928932046	736.201805722	0.000	22050.000	
208	Waveform 1	1	740.038503693	740.351367476	0.000	22050.000	
208	Spectrogram 1	1	740.038503693	740.351367476	0.000	22050.000	
209	Waveform 1	1	742.929553238	743.230655224	0.000	22050.000	
209	Spectrogram 1	1	742.929553238	743.230655224	0.000	22050.000	
210	Waveform 1	1	744.743222236	744.952582211	0.000	22050.000	
210	Spectrogram 1	1	744.743222236	744.952582211	0.000	22050.000	
211	Waveform 1	1	746.380464289	746.610995497	0.000	22050.000	
211	Spectrogram 1	1	746.380464289	746.610995497	0.000	22050.000	
212	Waveform 1	1	747.391978775	747.657795373	0.000	22050.000	
212	Spectrogram 1	1	747.391978775	747.657795373	0.000	22050.000	
213	Waveform 1	1	747.700137840	747.973011515	0.000	22050.000	
213	Spectrogram 1	1	747.700137840	747.973011515	0.000	22050.000	
214	Waveform 1	1	748.067105886	748.299989454	0.000	22050.000	
214	Spectrogram 1	1	748.067105886	748.299989454	0.000	22050.000	
215	Waveform 1	1	759.405477573	759.685408327	0.000	22050.000	
215	Spectrogram 1	1	759.405477573	759.685408327	0.000	22050.000	
216	Waveform 1	1	785.175573390	785.476675377	0.000	22050.000	
216	Spectrogram 1	1	785.175573390	785.476675377	0.000	22050.000	
217	Waveform 1	1	786.932785766	787.156259897	0.000	22050.000	
217	Spectrogram 1	1	786.932785766	787.156259897	0.000	22050.000	
218	Waveform 1	1	787.210364160	787.542046817	0.000	22050.000	
218	Spectrogram 1	1	787.210364160	787.542046817	0.000	22050.000	
219	Waveform 1	1	790.522486014	790.821235641	0.000	22050.000	
219	Spectrogram 1	1	790.522486014	790.821235641	0.000	22050.000	
220	Waveform 1	1	791.065881005	791.345811759	0.000	22050.000	
220	Spectrogram 1	1	791.065881005	791.345811759	0.000	22050.000	
221	Waveform 1	1	792.192661096	792.477296568	0.000	22050.000	
221	Spectrogram 1	1	792.192661096	792.477296568	0.000	22050.000	
222	Waveform 1	1	794.250975459	794.378002859	0.000	22050.000	
222	Spectrogram 1	1	794.250975459	794.378002859	0.000	22050.000	
223	Waveform 1	1	794.413288248	794.690866642	0.000	22050.000	
223	Spectrogram 1	1	794.413288248	794.690866642	0.000	22050.000	
224	Waveform 1	1	802.027875210	802.371319663	0.000	22050.000	
224	Spectrogram 1	1	802.027875210	802.371319663	0.000	22050.000	
225	Waveform 1	1	809.442511633	809.771841931	0.000	22050.000	
225	Spectrogram 1	1	809.442511633	809.771841931	0.000	22050.000	
226	Waveform 1	1	811.216190523	811.533759025	0.000	22050.000	
226	Spectrogram 1	1	811.216190523	811.533759025	0.000	22050.000	
227	Waveform 1	1	811.611386881	811.931307742	0.000	22050.000	
227	Spectrogram 1	1	811.611386881	811.931307742	0.000	22050.000	
228	Waveform 1	1	813.559140357	813.848480548	0.000	22050.000	
228	Spectrogram 1	1	813.559140357	813.848480548	0.000	22050.000	
229	Waveform 1	1	827.645067674	827.908531912	0.000	22050.000	
229	Spectrogram 1	1	827.645067674	827.908531912	0.000	22050.000	
230	Waveform 1	1	827.939112582	828.080254139	0.000	22050.000	
230	Spectrogram 1	1	827.939112582	828.080254139	0.000	22050.000	
231	Waveform 1	1	828.117891887	828.289614114	0.000	22050.000	
231	Spectrogram 1	1	828.117891887	828.289614114	0.000	22050.000	
232	Waveform 1	1	828.301375910	828.466041059	0.000	22050.000	
232	Spectrogram 1	1	828.301375910	828.466041059	0.000	22050.000	
233	Waveform 1	1	828.515440604	828.687162831	0.000	22050.000	
233	Spectrogram 1	1	828.515440604	828.687162831	0.000	22050.000	
234	Waveform 1	1	828.727152938	828.922398758	0.000	22050.000	
234	Spectrogram 1	1	828.727152938	828.922398758	0.000	22050.000	
235	Waveform 1	1	831.008941431	831.350033526	0.000	22050.000	
235	Spectrogram 1	1	831.008941431	831.350033526	0.000	22050.000	
236	Waveform 1	1	832.041627152	832.319205546	0.000	22050.000	
236	Spectrogram 1	1	832.041627152	832.319205546	0.000	22050.000	
237	Waveform 1	1	833.309548799	833.556546522	0.000	22050.000	
237	Spectrogram 1	1	833.309548799	833.556546522	0.000	22050.000	
238	Waveform 1	1	835.424319784	835.683079303	0.000	22050.000	
238	Spectrogram 1	1	835.424319784	835.683079303	0.000	22050.000	
239	Waveform 1	1	840.745356455	841.027639568	0.000	22050.000	
239	Spectrogram 1	1	840.745356455	841.027639568	0.000	22050.000	
240	Waveform 1	1	841.091153268	841.408721770	0.000	22050.000	
240	Spectrogram 1	1	841.091153268	841.408721770	0.000	22050.000	
241	Waveform 1	1	841.486349626	841.836851157	0.000	22050.000	
241	Spectrogram 1	1	841.486349626	841.836851157	0.000	22050.000	
242	Waveform 1	1	844.525597804	844.742014857	0.000	22050.000	
242	Spectrogram 1	1	844.525597804	844.742014857	0.000	22050.000	
243	Waveform 1	1	844.807880917	844.972546066	0.000	22050.000	
243	Spectrogram 1	1	844.807880917	844.972546066	0.000	22050.000	
244	Waveform 1	1	847.317848259	847.602483731	0.000	22050.000	
244	Spectrogram 1	1	847.317848259	847.602483731	0.000	22050.000	
245	Waveform 1	1	847.863595610	848.167049956	0.000	22050.000	
245	Spectrogram 1	1	847.863595610	848.167049956	0.000	22050.000	
246	Waveform 1	1	848.272906123	848.538722721	0.000	22050.000	
246	Spectrogram 1	1	848.272906123	848.538722721	0.000	22050.000	
247	Waveform 1	1	851.500343043	851.813206827	0.000	22050.000	
247	Spectrogram 1	1	851.500343043	851.813206827	0.000	22050.000	
248	Waveform 1	1	851.881425245	852.144889484	0.000	22050.000	
248	Spectrogram 1	1	851.881425245	852.144889484	0.000	22050.000	
249	Waveform 1	1	852.234279136	852.521266967	0.000	22050.000	
249	Spectrogram 1	1	852.234279136	852.521266967	0.000	22050.000	
250	Waveform 1	1	852.563609434	852.827073672	0.000	22050.000	
250	Spectrogram 1	1	852.563609434	852.827073672	0.000	22050.000	
251	Waveform 1	1	852.855301984	853.203451156	0.000	22050.000	
251	Spectrogram 1	1	852.855301984	853.203451156	0.000	22050.000	
252	Waveform 1	1	853.309307323	853.556305047	0.000	22050.000	
252	Spectrogram 1	1	853.309307323	853.556305047	0.000	22050.000	
253	Waveform 1	1	858.879694077	859.058473382	0.000	22050.000	
253	Spectrogram 1	1	858.879694077	859.058473382	0.000	22050.000	
254	Waveform 1	1	860.465184226	860.716886668	0.000	22050.000	
254	Spectrogram 1	1	860.465184226	860.716886668	0.000	22050.000	
255	Waveform 1	1	866.618956080	866.924762785	0.000	22050.000	
255	Spectrogram 1	1	866.618956080	866.924762785	0.000	22050.000	
256	Waveform 1	1	867.508147884	867.764555045	0.000	22050.000	
256	Spectrogram 1	1	867.508147884	867.764555045	0.000	22050.000	
257	Waveform 1	1	867.797488075	868.077418828	0.000	22050.000	
257	Spectrogram 1	1	867.797488075	868.077418828	0.000	22050.000	
258	Waveform 1	1	868.147989606	868.385577893	0.000	22050.000	
258	Spectrogram 1	1	868.147989606	868.385577893	0.000	22050.000	
259	Waveform 1	1	868.413806204	868.698441676	0.000	22050.000	
259	Spectrogram 1	1	868.413806204	868.698441676	0.000	22050.000	
260	Waveform 1	1	869.237131949	869.533529217	0.000	22050.000	
260	Spectrogram 1	1	869.237131949	869.533529217	0.000	22050.000	
261	Waveform 1	1	869.559405169	869.787584018	0.000	22050.000	
261	Spectrogram 1	1	869.559405169	869.787584018	0.000	22050.000	
262	Waveform 1	1	869.794641096	870.025172305	0.000	22050.000	
262	Spectrogram 1	1	869.794641096	870.025172305	0.000	22050.000	
263	Waveform 1	1	878.700673297	879.013537080	0.000	22050.000	
263	Spectrogram 1	1	878.700673297	879.013537080	0.000	22050.000	
264	Waveform 1	1	889.961417129	890.215471930	0.000	22050.000	
264	Spectrogram 1	1	889.961417129	890.215471930	0.000	22050.000	
265	Waveform 1	1	890.236643163	890.502459761	0.000	22050.000	
265	Spectrogram 1	1	890.236643163	890.502459761	0.000	22050.000	
266	Waveform 1	1	898.625156325	898.954486623	0.000	22050.000	
266	Spectrogram 1	1	898.625156325	898.954486623	0.000	22050.000	
267	Waveform 1	1	902.694737864	902.993487491	0.000	22050.000	
267	Spectrogram 1	1	902.694737864	902.993487491	0.000	22050.000	
268	Waveform 1	1	903.186380952	903.463959346	0.000	22050.000	
268	Spectrogram 1	1	903.186380952	903.463959346	0.000	22050.000	
269	Waveform 1	1	904.811861208	905.150600943	0.000	22050.000	
269	Spectrogram 1	1	904.811861208	905.150600943	0.000	22050.000	
270	Waveform 1	1	907.886394776	908.112221266	0.000	22050.000	
270	Spectrogram 1	1	907.886394776	908.112221266	0.000	22050.000	
271	Waveform 1	1	908.163973170	908.467427516	0.000	22050.000	
271	Spectrogram 1	1	908.163973170	908.467427516	0.000	22050.000	
272	Waveform 1	1	908.646206820	909.001413070	0.000	22050.000	
272	Spectrogram 1	1	908.646206820	909.001413070	0.000	22050.000	
273	Waveform 1	1	909.022584304	909.239001357	0.000	22050.000	
273	Spectrogram 1	1	909.022584304	909.239001357	0.000	22050.000	
274	Waveform 1	1	910.643359842	910.859776895	0.000	22050.000	
274	Spectrogram 1	1	910.643359842	910.859776895	0.000	22050.000	
275	Waveform 1	1	910.878595769	911.146764726	0.000	22050.000	
275	Spectrogram 1	1	910.878595769	911.146764726	0.000	22050.000	
276	Waveform 1	1	911.170288318	911.379648293	0.000	22050.000	
276	Spectrogram 1	1	911.170288318	911.379648293	0.000	22050.000	
277	Waveform 1	1	914.181308186	914.491819609	0.000	22050.000	
277	Spectrogram 1	1	914.181308186	914.491819609	0.000	22050.000	
278	Waveform 1	1	914.529457358	914.823502267	0.000	22050.000	
278	Spectrogram 1	1	914.529457358	914.823502267	0.000	22050.000	
279	Waveform 1	1	914.882311248	915.246926935	0.000	22050.000	
279	Spectrogram 1	1	914.882311248	915.246926935	0.000	22050.000	
280	Waveform 1	1	916.695980247	916.910044940	0.000	22050.000	
280	Spectrogram 1	1	916.695980247	916.910044940	0.000	22050.000	
281	Waveform 1	1	918.589629460	918.806046513	0.000	22050.000	
281	Spectrogram 1	1	918.589629460	918.806046513	0.000	22050.000	
282	Waveform 1	1	919.488230702	919.725818988	0.000	22050.000	
282	Spectrogram 1	1	919.488230702	919.725818988	0.000	22050.000	
283	Waveform 1	1	936.448741047	936.785128423	0.000	22050.000	
283	Spectrogram 1	1	936.448741047	936.785128423	0.000	22050.000	
284	Waveform 1	1	937.843690095	938.121268489	0.000	22050.000	
284	Spectrogram 1	1	937.843690095	938.121268489	0.000	22050.000	
285	Waveform 1	1	938.158906238	938.455303506	0.000	22050.000	
285	Spectrogram 1	1	938.158906238	938.455303506	0.000	22050.000	
286	Waveform 1	1	987.379671629	987.709001927	0.000	22050.000	
286	Spectrogram 1	1	987.379671629	987.709001927	0.000	22050.000	
287	Waveform 1	1	989.068665586	989.329777465	0.000	22050.000	
287	Spectrogram 1	1	989.068665586	989.329777465	0.000	22050.000	
288	Waveform 1	1	1052.608241862	1052.824658915	0.000	22050.000	
288	Spectrogram 1	1	1052.608241862	1052.824658915	0.000	22050.000	
289	Waveform 1	1	1052.838773071	1053.029314172	0.000	22050.000	
289	Spectrogram 1	1	1052.838773071	1053.029314172	0.000	22050.000	
290	Waveform 1	1	1058.787889668	1059.058410984	0.000	22050.000	
290	Spectrogram 1	1	1058.787889668	1059.058410984	0.000	22050.000	
291	Waveform 1	1	1066.738864005	1066.976452291	0.000	22050.000	
291	Spectrogram 1	1	1066.738864005	1066.976452291	0.000	22050.000	
292	Waveform 1	1	1067.308134948	1067.656284121	0.000	22050.000	
292	Spectrogram 1	1	1067.308134948	1067.656284121	0.000	22050.000	
293	Waveform 1	1	1071.217756057	1071.509448607	0.000	22050.000	
293	Spectrogram 1	1	1071.217756057	1071.509448607	0.000	22050.000	
294	Waveform 1	1	1071.986977539	1072.229270544	0.000	22050.000	
294	Spectrogram 1	1	1071.986977539	1072.229270544	0.000	22050.000	
295	Waveform 1	1	1074.026473027	1074.332279732	0.000	22050.000	
295	Spectrogram 1	1	1074.026473027	1074.332279732	0.000	22050.000	
296	Waveform 1	1	1080.596612472	1080.805972447	0.000	22050.000	
296	Spectrogram 1	1	1080.596612472	1080.805972447	0.000	22050.000	
297	Waveform 1	1	1080.881247944	1081.234101834	0.000	22050.000	
297	Spectrogram 1	1	1080.881247944	1081.234101834	0.000	22050.000	
298	Waveform 1	1	1087.620757256	1087.855993183	0.000	22050.000	
298	Spectrogram 1	1	1087.620757256	1087.855993183	0.000	22050.000	
299	Waveform 1	1	1088.241780103	1088.448787719	0.000	22050.000	
299	Spectrogram 1	1	1088.241780103	1088.448787719	0.000	22050.000	
300	Waveform 1	1	1105.802142063	1106.067958661	0.000	22050.000	
300	Spectrogram 1	1	1105.802142063	1106.067958661	0.000	22050.000	
301	Waveform 1	1	1106.578420623	1106.853646658	0.000	22050.000	
301	Spectrogram 1	1	1106.578420623	1106.853646658	0.000	22050.000	
302	Waveform 1	1	1106.877170250	1107.135929770	0.000	22050.000	
302	Spectrogram 1	1	1106.877170250	1107.135929770	0.000	22050.000	
303	Waveform 1	1	1107.676972403	1107.973369671	0.000	22050.000	
303	Spectrogram 1	1	1107.676972403	1107.973369671	0.000	22050.000	
304	Waveform 1	1	1108.182729646	1108.420317932	0.000	22050.000	
304	Spectrogram 1	1	1108.182729646	1108.420317932	0.000	22050.000	
305	Waveform 1	1	1111.868876624	1112.080588958	0.000	22050.000	
305	Spectrogram 1	1	1111.868876624	1112.080588958	0.000	22050.000	
306	Waveform 1	1	1112.224082874	1112.449909364	0.000	22050.000	
306	Spectrogram 1	1	1112.224082874	1112.449909364	0.000	22050.000	
307	Waveform 1	1	1112.464023520	1112.668678776	0.000	22050.000	
307	Spectrogram 1	1	1112.464023520	1112.668678776	0.000	22050.000	
308	Waveform 1	1	1114.964581425	1115.246864537	0.000	22050.000	
308	Spectrogram 1	1	1114.964581425	1115.246864537	0.000	22050.000	
309	Waveform 1	1	1117.455729893	1117.707432335	0.000	22050.000	
309	Spectrogram 1	1	1117.455729893	1117.707432335	0.000	22050.000	
310	Waveform 1	1	1120.306789330	1120.605538957	0.000	22050.000	
310	Spectrogram 1	1	1120.306789330	1120.605538957	0.000	22050.000	
311	Waveform 1	1	1123.969412715	1124.256400546	0.000	22050.000	
311	Spectrogram 1	1	1123.969412715	1124.256400546	0.000	22050.000	
312	Waveform 1	1	1125.206753692	1125.359657045	0.000	22050.000	
312	Spectrogram 1	1	1125.206753692	1125.359657045	0.000	22050.000	
313	Waveform 1	1	1142.129626290	1142.418966480	0.000	22050.000	
313	Spectrogram 1	1	1142.129626290	1142.418966480	0.000	22050.000	
314	Waveform 1	1	1142.858857664	1143.122321902	0.000	22050.000	
314	Spectrogram 1	1	1142.858857664	1143.122321902	0.000	22050.000	
315	Waveform 1	1	1143.912714617	1144.289092101	0.000	22050.000	
315	Spectrogram 1	1	1143.912714617	1144.289092101	0.000	22050.000	
316	Waveform 1	1	1148.321035891	1148.603319004	0.000	22050.000	
316	Spectrogram 1	1	1148.321035891	1148.603319004	0.000	22050.000	
317	Waveform 1	1	1148.683299219	1148.951468176	0.000	22050.000	
317	Spectrogram 1	1	1148.683299219	1148.951468176	0.000	22050.000	
318	Waveform 1	1	1150.894516934	1151.113286346	0.000	22050.000	
318	Spectrogram 1	1	1150.894516934	1151.113286346	0.000	22050.000	
319	Waveform 1	1	1151.176800047	1151.494368548	0.000	22050.000	
319	Spectrogram 1	1	1151.176800047	1151.494368548	0.000	22050.000	
320	Waveform 1	1	1151.644919542	1151.927202654	0.000	22050.000	
320	Spectrogram 1	1	1151.644919542	1151.927202654	0.000	22050.000	
321	Waveform 1	1	1151.950726247	1152.230657000	0.000	22050.000	
321	Spectrogram 1	1	1151.950726247	1152.230657000	0.000	22050.000	
322	Waveform 1	1	1153.093972853	1153.385665403	0.000	22050.000	
322	Spectrogram 1	1	1153.093972853	1153.385665403	0.000	22050.000	
323	Waveform 1	1	1157.542284235	1157.782224881	0.000	22050.000	
323	Spectrogram 1	1	1157.542284235	1157.782224881	0.000	22050.000	
324	Waveform 1	1	1179.293617433	1179.599424138	0.000	22050.000	
324	Spectrogram 1	1	1179.293617433	1179.599424138	0.000	22050.000	
325	Waveform 1	1	1193.701817969	1194.035852986	0.000	22050.000	
325	Spectrogram 1	1	1193.701817969	1194.035852986	0.000	22050.000	
326	Waveform 1	1	1198.063092058	1198.300680345	0.000	22050.000	
326	Spectrogram 1	1	1198.063092058	1198.300680345	0.000	22050.000	
327	Waveform 1	1	1198.484164368	1198.717047936	0.000	22050.000	
327	Spectrogram 1	1	1198.484164368	1198.717047936	0.000	22050.000	
328	Waveform 1	1	1201.873914078	1202.097388208	0.000	22050.000	
328	Spectrogram 1	1	1201.873914078	1202.097388208	0.000	22050.000	
329	Waveform 1	1	1212.043163207	1212.304275086	0.000	22050.000	
329	Spectrogram 1	1	1212.043163207	1212.304275086	0.000	22050.000	
330	Waveform 1	1	1222.360610971	1222.614665772	0.000	22050.000	
330	Spectrogram 1	1	1222.360610971	1222.614665772	0.000	22050.000	
331	Waveform 1	1	1227.651066972	1228.003920863	0.000	22050.000	SAT.NA_take.off_02
331	Spectrogram 1	1	1227.651066972	1228.003920863	0.000	22050.000	SAT.NA_take.off_02
332	Waveform 1	1	1228.154471856	1228.486154513	0.000	22050.000	SAT.NA_take.off_02
332	Spectrogram 1	1	1228.154471856	1228.486154513	0.000	22050.000	SAT.NA_take.off_02
