Selection	View	Channel	Begin Time (s)	End Time (s)	Low Freq (Hz)	High Freq (Hz)	Annotation
1	Waveform 1	1	230.625381915	230.951465783	0.000	22050.000	SAT.NA_flight_03
1	Spectrogram 1	1	230.625381915	230.951465783	0.000	22050.000	SAT.NA_flight_03
2	Waveform 1	1	231.014289280	231.241650509	0.000	22050.000	SAT.NA_flight_03
2	Spectrogram 1	1	231.014289280	231.241650509	0.000	22050.000	SAT.NA_flight_03
3	Waveform 1	1	231.819028366	232.040406405	0.000	22050.000	SAT.NA_flight_03
3	Spectrogram 1	1	231.819028366	232.040406405	0.000	22050.000	SAT.NA_flight_03
4	Waveform 1	1	232.052372785	232.423330580	0.000	22050.000	SAT.NA_flight_03
4	Spectrogram 1	1	232.052372785	232.423330580	0.000	22050.000	SAT.NA_flight_03
5	Waveform 1	1	372.353913455	372.605207445	0.000	22050.000	SAT.01_perched_NA
5	Spectrogram 1	1	372.353913455	372.605207445	0.000	22050.000	SAT.01_perched_NA
6	Waveform 1	1	375.166012864	375.465172376	0.000	22050.000	SAT.01_perched_NA
6	Spectrogram 1	1	375.166012864	375.465172376	0.000	22050.000	SAT.01_perched_NA
7	Waveform 1	1	378.277271785	378.546515345	0.000	22050.000	SAT.01_perched_NA
7	Spectrogram 1	1	378.277271785	378.546515345	0.000	22050.000	SAT.01_perched_NA
8	Waveform 1	1	381.669740646	381.921034636	0.000	22050.000	SAT.01_perched_NA
8	Spectrogram 1	1	381.669740646	381.921034636	0.000	22050.000	SAT.01_perched_NA
9	Waveform 1	1	384.798949138	385.026310366	0.000	22050.000	SAT.01_perched_NA
9	Spectrogram 1	1	384.798949138	385.026310366	0.000	22050.000	SAT.01_perched_NA
10	Waveform 1	1	386.719553202	386.952897621	0.000	22050.000	SAT.01_perched_NA
10	Spectrogram 1	1	386.719553202	386.952897621	0.000	22050.000	SAT.01_perched_NA
11	Waveform 1	1	0.000000000	0.367101054	0.000	22050.000	
11	Spectrogram 1	1	0.000000000	0.367101054	0.000	22050.000	
12	Waveform 1	1	2.243853636	2.588268670	0.000	22050.000	
12	Spectrogram 1	1	2.243853636	2.588268670	0.000	22050.000	
13	Waveform 1	1	2.687262213	2.990429938	0.000	22050.000	
13	Spectrogram 1	1	2.687262213	2.990429938	0.000	22050.000	
14	Waveform 1	1	3.378154647	3.813313762	0.000	22050.000	
14	Spectrogram 1	1	3.378154647	3.813313762	0.000	22050.000	
15	Waveform 1	1	4.264971801	4.609386835	0.000	22050.000	
15	Spectrogram 1	1	4.264971801	4.609386835	0.000	22050.000	
16	Waveform 1	1	6.568634036	6.849115740	0.000	22050.000	
16	Spectrogram 1	1	6.568634036	6.849115740	0.000	22050.000	
17	Waveform 1	1	6.877988857	7.063601749	0.000	22050.000	
17	Spectrogram 1	1	6.877988857	7.063601749	0.000	22050.000	
18	Waveform 1	1	9.062033894	9.369326350	0.000	22050.000	
18	Spectrogram 1	1	9.062033894	9.369326350	0.000	22050.000	
19	Waveform 1	1	9.798298368	10.126214479	0.000	22050.000	
19	Spectrogram 1	1	9.798298368	10.126214479	0.000	22050.000	
20	Waveform 1	1	10.371635970	10.672741329	0.000	22050.000	
20	Spectrogram 1	1	10.371635970	10.672741329	0.000	22050.000	
21	Waveform 1	1	10.761423045	11.159459581	0.000	22050.000	
21	Spectrogram 1	1	10.761423045	11.159459581	0.000	22050.000	
22	Waveform 1	1	13.892093835	14.253007793	0.000	22050.000	
22	Spectrogram 1	1	13.892093835	14.253007793	0.000	22050.000	
23	Waveform 1	1	16.721659266	17.045450645	0.000	22050.000	
23	Spectrogram 1	1	16.721659266	17.045450645	0.000	22050.000	
24	Waveform 1	1	17.059887203	17.398115141	0.000	22050.000	
24	Spectrogram 1	1	17.059887203	17.398115141	0.000	22050.000	
25	Waveform 1	1	19.406859113	19.780147264	0.000	22050.000	
25	Spectrogram 1	1	19.406859113	19.780147264	0.000	22050.000	
26	Waveform 1	1	19.912138654	20.312237556	0.000	22050.000	
26	Spectrogram 1	1	19.912138654	20.312237556	0.000	22050.000	
27	Waveform 1	1	21.562031034	21.854886931	0.000	22050.000	
27	Spectrogram 1	1	21.562031034	21.854886931	0.000	22050.000	
28	Waveform 1	1	21.869323489	22.129181539	0.000	22050.000	
28	Spectrogram 1	1	21.869323489	22.129181539	0.000	22050.000	
29	Waveform 1	1	22.133306270	22.428224533	0.000	22050.000	
29	Spectrogram 1	1	22.133306270	22.428224533	0.000	22050.000	
30	Waveform 1	1	23.744013706	24.053368527	0.000	22050.000	
30	Spectrogram 1	1	23.744013706	24.053368527	0.000	22050.000	
31	Waveform 1	1	25.123736208	25.629015749	0.000	22050.000	
31	Spectrogram 1	1	25.123736208	25.629015749	0.000	22050.000	
32	Waveform 1	1	25.705323272	25.996116803	0.000	22050.000	
32	Spectrogram 1	1	25.705323272	25.996116803	0.000	22050.000	
33	Waveform 1	1	26.229164102	26.573579136	0.000	22050.000	
33	Spectrogram 1	1	26.229164102	26.573579136	0.000	22050.000	
34	Waveform 1	1	44.969879167	45.161679156	0.000	22050.000	
34	Spectrogram 1	1	44.969879167	45.161679156	0.000	22050.000	
35	Waveform 1	1	45.885569438	46.227922106	0.000	22050.000	
35	Spectrogram 1	1	45.885569438	46.227922106	0.000	22050.000	
36	Waveform 1	1	60.441744955	60.835656761	0.000	22050.000	
36	Spectrogram 1	1	60.441744955	60.835656761	0.000	22050.000	
37	Waveform 1	1	63.023826529	63.308432964	0.000	22050.000	
37	Spectrogram 1	1	63.023826529	63.308432964	0.000	22050.000	
38	Waveform 1	1	64.075632921	64.597411386	0.000	22050.000	
38	Spectrogram 1	1	64.075632921	64.597411386	0.000	22050.000	
39	Waveform 1	1	65.424419941	65.853391960	0.000	22050.000	
39	Spectrogram 1	1	65.424419941	65.853391960	0.000	22050.000	
40	Waveform 1	1	66.119437106	66.665963957	0.000	22050.000	
40	Spectrogram 1	1	66.119437106	66.665963957	0.000	22050.000	
41	Waveform 1	1	69.413034768	69.796634746	0.000	22050.000	
41	Spectrogram 1	1	69.413034768	69.796634746	0.000	22050.000	
42	Waveform 1	1	70.860815331	71.553770131	0.000	22050.000	
42	Spectrogram 1	1	70.860815331	71.553770131	0.000	22050.000	
43	Waveform 1	1	72.700445334	73.032486176	0.000	22050.000	
43	Spectrogram 1	1	72.700445334	73.032486176	0.000	22050.000	
44	Waveform 1	1	80.118773945	80.440502959	0.000	22050.000	
44	Spectrogram 1	1	80.118773945	80.440502959	0.000	22050.000	
45	Waveform 1	1	91.412287283	91.637085119	0.000	22050.000	
45	Spectrogram 1	1	91.412287283	91.637085119	0.000	22050.000	
46	Waveform 1	1	91.647396947	91.905192631	0.000	22050.000	
46	Spectrogram 1	1	91.647396947	91.905192631	0.000	22050.000	
47	Waveform 1	1	92.049558214	92.367162497	0.000	22050.000	
47	Spectrogram 1	1	92.049558214	92.367162497	0.000	22050.000	
48	Waveform 1	1	92.655893664	92.884816231	0.000	22050.000	
48	Spectrogram 1	1	92.655893664	92.884816231	0.000	22050.000	
49	Waveform 1	1	94.245977444	94.499648398	0.000	22050.000	
49	Spectrogram 1	1	94.245977444	94.499648398	0.000	22050.000	
50	Waveform 1	1	95.114233309	95.417401034	0.000	22050.000	
50	Spectrogram 1	1	95.114233309	95.417401034	0.000	22050.000	
51	Waveform 1	1	98.178908404	98.535697631	0.000	22050.000	
51	Spectrogram 1	1	98.178908404	98.535697631	0.000	22050.000	
52	Waveform 1	1	101.460131873	101.705553365	0.000	22050.000	
52	Spectrogram 1	1	101.460131873	101.705553365	0.000	22050.000	
53	Waveform 1	1	105.141454245	105.613735939	0.000	22050.000	
53	Spectrogram 1	1	105.141454245	105.613735939	0.000	22050.000	
54	Waveform 1	1	106.053019785	106.360312240	0.000	22050.000	
54	Spectrogram 1	1	106.053019785	106.360312240	0.000	22050.000	
55	Waveform 1	1	110.383987281	110.627346407	0.000	22050.000	
55	Spectrogram 1	1	110.383987281	110.627346407	0.000	22050.000	
56	Waveform 1	1	111.037757136	111.291428089	0.000	22050.000	
56	Spectrogram 1	1	111.037757136	111.291428089	0.000	22050.000	
57	Waveform 1	1	111.961696868	112.207118360	0.000	22050.000	
57	Spectrogram 1	1	111.961696868	112.207118360	0.000	22050.000	
58	Waveform 1	1	112.679400053	112.982567778	0.000	22050.000	
58	Spectrogram 1	1	112.679400053	112.982567778	0.000	22050.000	
59	Waveform 1	1	115.073806369	115.420283769	0.000	22050.000	
59	Spectrogram 1	1	115.073806369	115.420283769	0.000	22050.000	
60	Waveform 1	1	126.816915380	127.062336871	0.000	22050.000	
60	Spectrogram 1	1	126.816915380	127.062336871	0.000	22050.000	
61	Waveform 1	1	128.235822826	128.421435719	0.000	22050.000	
61	Spectrogram 1	1	128.235822826	128.421435719	0.000	22050.000	
62	Waveform 1	1	129.728975429	129.893964667	0.000	22050.000	
62	Spectrogram 1	1	129.728975429	129.893964667	0.000	22050.000	
63	Waveform 1	1	130.784906552	131.026203313	0.000	22050.000	
63	Spectrogram 1	1	130.784906552	131.026203313	0.000	22050.000	
64	Waveform 1	1	133.750588104	133.993947230	0.000	22050.000	
64	Spectrogram 1	1	133.750588104	133.993947230	0.000	22050.000	
65	Waveform 1	1	134.000134327	134.212557971	0.000	22050.000	
65	Spectrogram 1	1	134.000134327	134.212557971	0.000	22050.000	
66	Waveform 1	1	134.229056894	134.719899877	0.000	22050.000	
66	Spectrogram 1	1	134.229056894	134.719899877	0.000	22050.000	
67	Waveform 1	1	135.437603062	135.645901975	0.000	22050.000	
67	Spectrogram 1	1	135.437603062	135.645901975	0.000	22050.000	
68	Waveform 1	1	136.213052481	136.433725586	0.000	22050.000	
68	Spectrogram 1	1	136.213052481	136.433725586	0.000	22050.000	
69	Waveform 1	1	136.528594398	136.753392235	0.000	22050.000	
69	Spectrogram 1	1	136.528594398	136.753392235	0.000	22050.000	
70	Waveform 1	1	136.943129859	137.122555655	0.000	22050.000	
70	Spectrogram 1	1	136.943129859	137.122555655	0.000	22050.000	
71	Waveform 1	1	137.143179310	137.304043817	0.000	22050.000	
71	Spectrogram 1	1	137.143179310	137.304043817	0.000	22050.000	
72	Waveform 1	1	143.229219824	143.487015508	0.000	22050.000	
72	Spectrogram 1	1	143.229219824	143.487015508	0.000	22050.000	
73	Waveform 1	1	143.610757437	143.924236989	0.000	22050.000	
73	Spectrogram 1	1	143.610757437	143.924236989	0.000	22050.000	
74	Waveform 1	1	144.056228379	144.423329434	0.000	22050.000	
74	Spectrogram 1	1	144.056228379	144.423329434	0.000	22050.000	
75	Waveform 1	1	145.947417519	146.553752969	0.000	22050.000	
75	Spectrogram 1	1	145.947417519	146.553752969	0.000	22050.000	
76	Waveform 1	1	153.235827146	153.492419951	0.000	22050.000	
76	Spectrogram 1	1	153.235827146	153.492419951	0.000	22050.000	
77	Waveform 1	1	154.507127862	154.874522106	0.000	22050.000	
77	Spectrogram 1	1	154.507127862	154.874522106	0.000	22050.000	
78	Waveform 1	1	155.017397645	155.670542967	0.000	22050.000	
78	Spectrogram 1	1	155.017397645	155.670542967	0.000	22050.000	
79	Waveform 1	1	160.534142955	160.954022091	0.000	22050.000	
79	Spectrogram 1	1	160.534142955	160.954022091	0.000	22050.000	
80	Waveform 1	1	162.548979641	162.796824964	0.000	22050.000	
80	Spectrogram 1	1	162.548979641	162.796824964	0.000	22050.000	
81	Waveform 1	1	164.044799061	164.339297622	0.000	22050.000	
81	Spectrogram 1	1	164.044799061	164.339297622	0.000	22050.000	
82	Waveform 1	1	164.403445823	164.805829995	0.000	22050.000	
82	Spectrogram 1	1	164.403445823	164.805829995	0.000	22050.000	
83	Waveform 1	1	170.036824226	170.520851563	0.000	22050.000	
83	Spectrogram 1	1	170.036824226	170.520851563	0.000	22050.000	
84	Waveform 1	1	173.060537168	173.398773138	0.000	22050.000	
84	Spectrogram 1	1	173.060537168	173.398773138	0.000	22050.000	
85	Waveform 1	1	174.425144359	174.655494718	0.000	22050.000	
85	Spectrogram 1	1	174.425144359	174.655494718	0.000	22050.000	
86	Waveform 1	1	176.098829247	176.335011260	0.000	22050.000	
86	Spectrogram 1	1	176.098829247	176.335011260	0.000	22050.000	
87	Waveform 1	1	176.367085361	176.670331403	0.000	22050.000	
87	Spectrogram 1	1	176.367085361	176.670331403	0.000	22050.000	
88	Waveform 1	1	176.789880324	177.142695431	0.000	22050.000	
88	Spectrogram 1	1	176.789880324	177.142695431	0.000	22050.000	
89	Waveform 1	1	180.405506214	180.810806213	0.000	22050.000	
89	Spectrogram 1	1	180.405506214	180.810806213	0.000	22050.000	
90	Waveform 1	1	182.898538582	183.274680307	0.000	22050.000	
90	Spectrogram 1	1	182.898538582	183.274680307	0.000	22050.000	
91	Waveform 1	1	186.957370226	187.394744326	0.000	22050.000	
91	Spectrogram 1	1	186.957370226	187.394744326	0.000	22050.000	
92	Waveform 1	1	193.742500425	194.133221287	0.000	22050.000	
92	Spectrogram 1	1	193.742500425	194.133221287	0.000	22050.000	
93	Waveform 1	1	194.952568767	195.290804737	0.000	22050.000	
93	Spectrogram 1	1	194.952568767	195.290804737	0.000	22050.000	
94	Waveform 1	1	196.865351496	197.053422359	0.000	22050.000	
94	Spectrogram 1	1	196.865351496	197.053422359	0.000	22050.000	
95	Waveform 1	1	197.078206891	197.266277754	0.000	22050.000	
95	Spectrogram 1	1	197.078206891	197.266277754	0.000	22050.000	
96	Waveform 1	1	197.283772718	197.457264444	0.000	22050.000	
96	Spectrogram 1	1	197.283772718	197.457264444	0.000	22050.000	
97	Waveform 1	1	197.839237825	198.308686025	0.000	22050.000	
97	Spectrogram 1	1	197.839237825	198.308686025	0.000	22050.000	
98	Waveform 1	1	198.555073434	199.113454368	0.000	22050.000	
98	Spectrogram 1	1	198.555073434	199.113454368	0.000	22050.000	
99	Waveform 1	1	199.320478109	199.693704007	0.000	22050.000	
99	Spectrogram 1	1	199.320478109	199.693704007	0.000	22050.000	
100	Waveform 1	1	201.949096447	202.180904720	0.000	22050.000	
100	Spectrogram 1	1	201.949096447	202.180904720	0.000	22050.000	
101	Waveform 1	1	202.297537813	202.710127381	0.000	22050.000	
101	Spectrogram 1	1	202.297537813	202.710127381	0.000	22050.000	
102	Waveform 1	1	203.564464788	204.119929895	0.000	22050.000	
102	Spectrogram 1	1	203.564464788	204.119929895	0.000	22050.000	
103	Waveform 1	1	207.127605787	207.398777728	0.000	22050.000	
103	Spectrogram 1	1	207.127605787	207.398777728	0.000	22050.000	
104	Waveform 1	1	211.161652899	211.657343545	0.000	22050.000	
104	Spectrogram 1	1	211.161652899	211.657343545	0.000	22050.000	
105	Waveform 1	1	212.199687428	212.701209729	0.000	22050.000	
105	Spectrogram 1	1	212.199687428	212.701209729	0.000	22050.000	
106	Waveform 1	1	214.007500373	214.421547854	0.000	22050.000	
106	Spectrogram 1	1	214.007500373	214.421547854	0.000	22050.000	
107	Waveform 1	1	215.471245694	215.961104685	0.000	22050.000	
107	Spectrogram 1	1	215.471245694	215.961104685	0.000	22050.000	
108	Waveform 1	1	247.720295972	248.402599567	0.000	22050.000	
108	Spectrogram 1	1	247.720295972	248.402599567	0.000	22050.000	
109	Waveform 1	1	248.490074387	249.119893090	0.000	22050.000	
109	Spectrogram 1	1	248.490074387	249.119893090	0.000	22050.000	
110	Waveform 1	1	256.654390913	257.412506019	0.000	22050.000	
110	Spectrogram 1	1	256.654390913	257.412506019	0.000	22050.000	
111	Waveform 1	1	265.174438373	265.745940530	0.000	22050.000	
111	Spectrogram 1	1	265.174438373	265.745940530	0.000	22050.000	
112	Waveform 1	1	265.775098803	266.334937651	0.000	22050.000	
112	Spectrogram 1	1	265.775098803	266.334937651	0.000	22050.000	
113	Waveform 1	1	266.346600960	266.941429736	0.000	22050.000	
113	Spectrogram 1	1	266.346600960	266.941429736	0.000	22050.000	
114	Waveform 1	1	267.256339088	268.031949157	0.000	22050.000	
114	Spectrogram 1	1	267.256339088	268.031949157	0.000	22050.000	
115	Waveform 1	1	277.864118917	278.808846972	0.000	22050.000	
115	Spectrogram 1	1	277.864118917	278.808846972	0.000	22050.000	
116	Waveform 1	1	282.517779337	282.931826818	0.000	22050.000	
116	Spectrogram 1	1	282.517779337	282.931826818	0.000	22050.000	
117	Waveform 1	1	288.401918890	288.897609536	0.000	22050.000	
117	Spectrogram 1	1	288.401918890	288.897609536	0.000	22050.000	
118	Waveform 1	1	291.224439746	291.912574996	0.000	22050.000	
118	Spectrogram 1	1	291.224439746	291.912574996	0.000	22050.000	
119	Waveform 1	1	319.537123128	320.219426723	0.000	22050.000	
119	Spectrogram 1	1	319.537123128	320.219426723	0.000	22050.000	
120	Waveform 1	1	368.791278399	369.351117246	0.000	22050.000	
120	Spectrogram 1	1	368.791278399	369.351117246	0.000	22050.000	
121	Waveform 1	1	369.444423721	369.765164727	0.000	22050.000	
121	Spectrogram 1	1	369.444423721	369.765164727	0.000	22050.000	
122	Waveform 1	1	443.811014202	444.408249631	0.000	22050.000	
122	Spectrogram 1	1	443.811014202	444.408249631	0.000	22050.000	
123	Waveform 1	1	452.355671959	453.188658215	0.000	22050.000	
123	Spectrogram 1	1	452.355671959	453.188658215	0.000	22050.000	
124	Waveform 1	1	454.776047118	455.148009534	0.000	22050.000	
124	Spectrogram 1	1	454.776047118	455.148009534	0.000	22050.000	
125	Waveform 1	1	461.664292634	462.086349360	0.000	22050.000	
125	Spectrogram 1	1	461.664292634	462.086349360	0.000	22050.000	
126	Waveform 1	1	462.602651763	463.069782509	0.000	22050.000	
126	Spectrogram 1	1	462.602651763	463.069782509	0.000	22050.000	
127	Waveform 1	1	463.127149443	463.463155768	0.000	22050.000	
127	Spectrogram 1	1	463.127149443	463.463155768	0.000	22050.000	
128	Waveform 1	1	464.143363696	464.516248765	0.000	22050.000	
128	Spectrogram 1	1	464.143363696	464.516248765	0.000	22050.000	
129	Waveform 1	1	464.733423586	465.262018903	0.000	22050.000	
129	Spectrogram 1	1	464.733423586	465.262018903	0.000	22050.000	
130	Waveform 1	1	466.270037880	466.958441085	0.000	22050.000	
130	Spectrogram 1	1	466.270037880	466.958441085	0.000	22050.000	
131	Waveform 1	1	467.736992327	468.056608101	0.000	22050.000	
131	Spectrogram 1	1	467.736992327	468.056608101	0.000	22050.000	
132	Waveform 1	1	468.089389206	468.347540407	0.000	22050.000	
132	Spectrogram 1	1	468.089389206	468.347540407	0.000	22050.000	
133	Waveform 1	1	468.638472714	469.146579841	0.000	22050.000	
133	Spectrogram 1	1	468.638472714	469.146579841	0.000	22050.000	
134	Waveform 1	1	470.680584734	471.031058475	0.000	22050.000	
134	Spectrogram 1	1	470.680584734	471.031058475	0.000	22050.000	
135	Waveform 1	1	471.054040360	471.448562714	0.000	22050.000	
135	Spectrogram 1	1	471.054040360	471.448562714	0.000	22050.000	
136	Waveform 1	1	476.063397557	476.518415659	0.000	22050.000	
136	Spectrogram 1	1	476.063397557	476.518415659	0.000	22050.000	
137	Waveform 1	1	479.998762452	480.302107853	0.000	22050.000	
137	Spectrogram 1	1	479.998762452	480.302107853	0.000	22050.000	
138	Waveform 1	1	482.753247035	483.257017076	0.000	22050.000	
138	Spectrogram 1	1	482.753247035	483.257017076	0.000	22050.000	
139	Waveform 1	1	483.663283239	484.188720809	0.000	22050.000	
139	Spectrogram 1	1	483.663283239	484.188720809	0.000	22050.000	
140	Waveform 1	1	484.697907733	485.180010246	0.000	22050.000	
140	Spectrogram 1	1	484.697907733	485.180010246	0.000	22050.000	
141	Waveform 1	1	485.226053744	485.751491315	0.000	22050.000	
141	Spectrogram 1	1	485.226053744	485.751491315	0.000	22050.000	
142	Waveform 1	1	487.698860454	488.010331179	0.000	22050.000	
142	Spectrogram 1	1	487.698860454	488.010331179	0.000	22050.000	
143	Waveform 1	1	488.665773921	489.684147769	0.000	22050.000	
143	Spectrogram 1	1	488.665773921	489.684147769	0.000	22050.000	
144	Waveform 1	1	491.054618957	491.471718884	0.000	22050.000	
144	Spectrogram 1	1	491.054618957	491.471718884	0.000	22050.000	
145	Waveform 1	1	493.156369238	493.500341256	0.000	22050.000	
145	Spectrogram 1	1	493.156369238	493.500341256	0.000	22050.000	
146	Waveform 1	1	499.420993466	500.006016740	0.000	22050.000	
146	Spectrogram 1	1	499.420993466	500.006016740	0.000	22050.000	
147	Waveform 1	1	500.615415984	501.059600322	0.000	22050.000	
147	Spectrogram 1	1	500.615415984	501.059600322	0.000	22050.000	
148	Waveform 1	1	502.481531891	502.866130525	0.000	22050.000	
148	Spectrogram 1	1	502.481531891	502.866130525	0.000	22050.000	
149	Waveform 1	1	503.115307105	503.754499200	0.000	22050.000	
149	Spectrogram 1	1	503.115307105	503.754499200	0.000	22050.000	
150	Waveform 1	1	505.975420889	506.668781807	0.000	22050.000	
150	Spectrogram 1	1	505.975420889	506.668781807	0.000	22050.000	
151	Waveform 1	1	507.527357631	507.841536796	0.000	22050.000	
151	Spectrogram 1	1	507.527357631	507.841536796	0.000	22050.000	
152	Waveform 1	1	508.456352922	508.781365853	0.000	22050.000	
152	Spectrogram 1	1	508.456352922	508.781365853	0.000	22050.000	
153	Waveform 1	1	510.609563584	510.977911572	0.000	22050.000	
153	Spectrogram 1	1	510.609563584	510.977911572	0.000	22050.000	
154	Waveform 1	1	514.268667489	514.661391446	0.000	22050.000	
154	Spectrogram 1	1	514.268667489	514.661391446	0.000	22050.000	
155	Waveform 1	1	517.841101279	518.095694741	0.000	22050.000	
155	Spectrogram 1	1	517.841101279	518.095694741	0.000	22050.000	
156	Waveform 1	1	518.277160293	518.840516039	0.000	22050.000	
156	Spectrogram 1	1	518.277160293	518.840516039	0.000	22050.000	
157	Waveform 1	1	523.943219041	524.354902086	0.000	22050.000	
157	Spectrogram 1	1	523.943219041	524.354902086	0.000	22050.000	
158	Waveform 1	1	527.464192450	527.905668347	0.000	22050.000	
158	Spectrogram 1	1	527.464192450	527.905668347	0.000	22050.000	
159	Waveform 1	1	532.913575912	533.173586256	0.000	22050.000	
159	Spectrogram 1	1	532.913575912	533.173586256	0.000	22050.000	
160	Waveform 1	1	533.390261542	534.013202992	0.000	22050.000	
160	Spectrogram 1	1	533.390261542	534.013202992	0.000	22050.000	
161	Waveform 1	1	535.603057908	535.971405896	0.000	22050.000	
161	Spectrogram 1	1	535.603057908	535.971405896	0.000	22050.000	
162	Waveform 1	1	544.080478501	544.576123220	0.000	22050.000	
162	Spectrogram 1	1	544.080478501	544.576123220	0.000	22050.000	
163	Waveform 1	1	544.595082307	544.939054325	0.000	22050.000	
163	Spectrogram 1	1	544.595082307	544.939054325	0.000	22050.000	
164	Waveform 1	1	551.580151863	551.834745325	0.000	22050.000	
164	Spectrogram 1	1	551.580151863	551.834745325	0.000	22050.000	
165	Waveform 1	1	552.257262134	552.636443886	0.000	22050.000	
165	Spectrogram 1	1	552.257262134	552.636443886	0.000	22050.000	
166	Waveform 1	1	553.925661842	554.340053328	0.000	22050.000	
166	Spectrogram 1	1	553.925661842	554.340053328	0.000	22050.000	
167	Waveform 1	1	559.434631007	559.819229641	0.000	22050.000	
167	Spectrogram 1	1	559.434631007	559.819229641	0.000	22050.000	
168	Waveform 1	1	560.049447133	560.480089265	0.000	22050.000	
168	Spectrogram 1	1	560.049447133	560.480089265	0.000	22050.000	
169	Waveform 1	1	560.536966528	560.948649573	0.000	22050.000	
169	Spectrogram 1	1	560.536966528	560.948649573	0.000	22050.000	
170	Waveform 1	1	564.707965798	565.176526105	0.000	22050.000	
170	Spectrogram 1	1	564.707965798	565.176526105	0.000	22050.000	
171	Waveform 1	1	567.492243232	568.090808712	0.000	22050.000	
171	Spectrogram 1	1	567.492243232	568.090808712	0.000	22050.000	
172	Waveform 1	1	568.104350917	568.472698904	0.000	22050.000	
172	Spectrogram 1	1	568.104350917	568.472698904	0.000	22050.000	
173	Waveform 1	1	570.956339379	571.373439306	0.000	22050.000	
173	Spectrogram 1	1	570.956339379	571.373439306	0.000	22050.000	
174	Waveform 1	1	571.405940599	571.568447064	0.000	22050.000	
174	Spectrogram 1	1	571.405940599	571.568447064	0.000	22050.000	
175	Waveform 1	1	571.641574973	571.768871704	0.000	22050.000	
175	Spectrogram 1	1	571.641574973	571.768871704	0.000	22050.000	
176	Waveform 1	1	572.104718398	572.835997491	0.000	22050.000	
176	Spectrogram 1	1	572.104718398	572.835997491	0.000	22050.000	
177	Waveform 1	1	577.938700493	578.103915399	0.000	22050.000	
177	Spectrogram 1	1	577.938700493	578.103915399	0.000	22050.000	
178	Waveform 1	1	578.133708251	578.377467949	0.000	22050.000	
178	Spectrogram 1	1	578.133708251	578.377467949	0.000	22050.000	
179	Waveform 1	1	579.547514497	579.907737161	0.000	22050.000	
179	Spectrogram 1	1	579.547514497	579.907737161	0.000	22050.000	
180	Waveform 1	1	582.927648970	583.247245018	0.000	22050.000	
180	Spectrogram 1	1	582.927648970	583.247245018	0.000	22050.000	
181	Waveform 1	1	583.428710571	583.583091713	0.000	22050.000	
181	Spectrogram 1	1	583.428710571	583.583091713	0.000	22050.000	
182	Waveform 1	1	583.604759241	583.799766999	0.000	22050.000	
182	Spectrogram 1	1	583.604759241	583.799766999	0.000	22050.000	
183	Waveform 1	1	583.832268292	583.983940993	0.000	22050.000	
183	Spectrogram 1	1	583.832268292	583.983940993	0.000	22050.000	
184	Waveform 1	1	584.008316963	584.254785101	0.000	22050.000	
184	Spectrogram 1	1	584.008316963	584.254785101	0.000	22050.000	
185	Waveform 1	1	584.271035748	584.457918183	0.000	22050.000	
185	Spectrogram 1	1	584.271035748	584.457918183	0.000	22050.000	
186	Waveform 1	1	587.989725356	588.293070758	0.000	22050.000	
186	Spectrogram 1	1	587.989725356	588.293070758	0.000	22050.000	
187	Waveform 1	1	596.518606330	597.095504281	0.000	22050.000	
187	Spectrogram 1	1	596.518606330	597.095504281	0.000	22050.000	
188	Waveform 1	1	597.119880251	598.103044364	0.000	22050.000	
188	Spectrogram 1	1	597.119880251	598.103044364	0.000	22050.000	
189	Waveform 1	1	605.800433925	606.285244879	0.000	22050.000	
189	Spectrogram 1	1	605.800433925	606.285244879	0.000	22050.000	
190	Waveform 1	1	606.320454613	606.726720776	0.000	22050.000	
190	Spectrogram 1	1	606.320454613	606.726720776	0.000	22050.000	
191	Waveform 1	1	610.494162324	610.997932366	0.000	22050.000	
191	Spectrogram 1	1	610.494162324	610.997932366	0.000	22050.000	
192	Waveform 1	1	614.215560373	614.497238246	0.000	22050.000	
192	Spectrogram 1	1	614.215560373	614.497238246	0.000	22050.000	
193	Waveform 1	1	614.906212850	615.323312777	0.000	22050.000	
193	Spectrogram 1	1	614.906212850	615.323312777	0.000	22050.000	
194	Waveform 1	1	621.390220805	621.780236321	0.000	22050.000	
194	Spectrogram 1	1	621.390220805	621.780236321	0.000	22050.000	
195	Waveform 1	1	623.589474965	624.212416415	0.000	22050.000	
195	Spectrogram 1	1	623.589474965	624.212416415	0.000	22050.000	
196	Waveform 1	1	626.999402290	627.635885945	0.000	22050.000	
196	Spectrogram 1	1	626.999402290	627.635885945	0.000	22050.000	
197	Waveform 1	1	629.526377822	629.905559573	0.000	22050.000	
197	Spectrogram 1	1	629.526377822	629.905559573	0.000	22050.000	
198	Waveform 1	1	634.125310782	634.639914588	0.000	22050.000	
198	Spectrogram 1	1	634.125310782	634.639914588	0.000	22050.000	
199	Waveform 1	1	635.262856038	635.669122200	0.000	22050.000	
199	Spectrogram 1	1	635.262856038	635.669122200	0.000	22050.000	
200	Waveform 1	1	635.677247524	635.999552013	0.000	22050.000	
200	Spectrogram 1	1	635.677247524	635.999552013	0.000	22050.000	
201	Waveform 1	1	636.072679922	636.522281142	0.000	22050.000	
201	Spectrogram 1	1	636.072679922	636.522281142	0.000	22050.000	
202	Waveform 1	1	636.750726412	636.970555832	0.000	22050.000	
202	Spectrogram 1	1	636.750726412	636.970555832	0.000	22050.000	
203	Waveform 1	1	636.977802956	637.238095484	0.000	22050.000	
203	Spectrogram 1	1	636.977802956	637.238095484	0.000	22050.000	
204	Waveform 1	1	637.620985189	637.884297353	0.000	22050.000	
204	Spectrogram 1	1	637.620985189	637.884297353	0.000	22050.000	
205	Waveform 1	1	640.408712128	640.792809687	0.000	22050.000	
205	Spectrogram 1	1	640.408712128	640.792809687	0.000	22050.000	
206	Waveform 1	1	645.045288393	645.578235389	0.000	22050.000	
206	Spectrogram 1	1	645.045288393	645.578235389	0.000	22050.000	
207	Waveform 1	1	649.951133824	650.367925706	0.000	22050.000	
207	Spectrogram 1	1	649.951133824	650.367925706	0.000	22050.000	
208	Waveform 1	1	653.606603609	654.269371028	0.000	22050.000	
208	Spectrogram 1	1	653.606603609	654.269371028	0.000	22050.000	
209	Waveform 1	1	655.478750751	655.909207941	0.000	22050.000	
209	Spectrogram 1	1	655.478750751	655.909207941	0.000	22050.000	
210	Waveform 1	1	656.770122320	657.077591742	0.000	22050.000	
210	Spectrogram 1	1	656.770122320	657.077591742	0.000	22050.000	
211	Waveform 1	1	658.559080073	658.886162604	0.000	22050.000	
211	Spectrogram 1	1	658.559080073	658.886162604	0.000	22050.000	
212	Waveform 1	1	660.559477525	660.974998679	0.000	22050.000	
212	Spectrogram 1	1	660.559477525	660.974998679	0.000	22050.000	
213	Waveform 1	1	661.196891528	661.728940024	0.000	22050.000	
213	Spectrogram 1	1	661.196891528	661.728940024	0.000	22050.000	
214	Waveform 1	1	663.122589444	663.479935449	0.000	22050.000	
214	Spectrogram 1	1	663.122589444	663.479935449	0.000	22050.000	
215	Waveform 1	1	664.095364679	664.333595349	0.000	22050.000	
215	Spectrogram 1	1	664.095364679	664.333595349	0.000	22050.000	
216	Waveform 1	1	677.047172103	677.595102644	0.000	22050.000	
216	Spectrogram 1	1	677.047172103	677.595102644	0.000	22050.000	
217	Waveform 1	1	677.773775647	678.301853632	0.000	22050.000	
217	Spectrogram 1	1	677.773775647	678.301853632	0.000	22050.000	
218	Waveform 1	1	682.546330068	682.971174763	0.000	22050.000	
218	Spectrogram 1	1	682.546330068	682.971174763	0.000	22050.000	
219	Waveform 1	1	688.132839279	688.581507041	0.000	22050.000	
219	Spectrogram 1	1	688.132839279	688.581507041	0.000	22050.000	
220	Waveform 1	1	693.358031974	693.731260023	0.000	22050.000	SAT.02_perched_NA
220	Spectrogram 1	1	693.358031974	693.731260023	0.000	22050.000	SAT.02_perched_NA
221	Waveform 1	1	696.832229244	697.074430425	0.000	22050.000	SAT.02_perched_NA
221	Spectrogram 1	1	696.832229244	697.074430425	0.000	22050.000	SAT.02_perched_NA
222	Waveform 1	1	707.084089075	707.504963258	0.000	22050.000	
222	Spectrogram 1	1	707.084089075	707.504963258	0.000	22050.000	
223	Waveform 1	1	709.164636926	709.581540598	0.000	22050.000	
223	Spectrogram 1	1	709.164636926	709.581540598	0.000	22050.000	
224	Waveform 1	1	711.606501293	711.900319119	0.000	22050.000	SAT.02_perched_NA
224	Spectrogram 1	1	711.606501293	711.900319119	0.000	22050.000	SAT.02_perched_NA
225	Waveform 1	1	714.600266712	715.104521630	0.000	22050.000	
225	Spectrogram 1	1	714.600266712	715.104521630	0.000	22050.000	
226	Waveform 1	1	715.577012459	716.053473799	0.000	22050.000	
226	Spectrogram 1	1	715.577012459	716.053473799	0.000	22050.000	
227	Waveform 1	1	722.060857193	722.394380131	0.000	22050.000	
227	Spectrogram 1	1	722.060857193	722.394380131	0.000	22050.000	
228	Waveform 1	1	723.057455496	723.394948945	0.000	22050.000	
228	Spectrogram 1	1	723.057455496	723.394948945	0.000	22050.000	
229	Waveform 1	1	723.740383417	724.161257600	0.000	22050.000	
229	Spectrogram 1	1	723.740383417	724.161257600	0.000	22050.000	
230	Waveform 1	1	724.498751049	724.903743188	0.000	22050.000	SAT.02_perched_NA
230	Spectrogram 1	1	724.498751049	724.903743188	0.000	22050.000	SAT.02_perched_NA
231	Waveform 1	1	731.002448339	731.359794344	0.000	22050.000	SAT.02_perched_NA
231	Spectrogram 1	1	731.002448339	731.359794344	0.000	22050.000	SAT.02_perched_NA
232	Waveform 1	1	736.799394642	737.144829113	0.000	22050.000	SAT.02_perched_NA
232	Spectrogram 1	1	736.799394642	737.144829113	0.000	22050.000	SAT.02_perched_NA
233	Waveform 1	1	738.665534890	739.126114185	0.000	22050.000	SAT.02_perched_NA
233	Spectrogram 1	1	738.665534890	739.126114185	0.000	22050.000	SAT.02_perched_NA
234	Waveform 1	1	745.911717768	746.265093262	0.000	22050.000	
234	Spectrogram 1	1	745.911717768	746.265093262	0.000	22050.000	
235	Waveform 1	1	747.726241371	748.194761689	0.000	22050.000	
235	Spectrogram 1	1	747.726241371	748.194761689	0.000	22050.000	
236	Waveform 1	1	748.574248996	748.900453358	0.000	22050.000	
236	Spectrogram 1	1	748.574248996	748.900453358	0.000	22050.000	
237	Waveform 1	1	748.927999504	749.117922932	0.000	22050.000	
237	Spectrogram 1	1	748.927999504	749.117922932	0.000	22050.000	
238	Waveform 1	1	749.315095347	749.787729222	0.000	22050.000	
238	Spectrogram 1	1	749.315095347	749.787729222	0.000	22050.000	
239	Waveform 1	1	754.296598402	754.592357023	0.000	22050.000	
239	Spectrogram 1	1	754.296598402	754.592357023	0.000	22050.000	
240	Waveform 1	1	767.791310403	768.365430080	0.000	22050.000	SAT.02_perched_NA
240	Spectrogram 1	1	767.791310403	768.365430080	0.000	22050.000	SAT.02_perched_NA
241	Waveform 1	1	805.570946498	805.869601890	0.000	22050.000	
241	Spectrogram 1	1	805.570946498	805.869601890	0.000	22050.000	
242	Waveform 1	1	806.084911592	806.389123364	0.000	22050.000	
242	Spectrogram 1	1	806.084911592	806.389123364	0.000	22050.000	
243	Waveform 1	1	810.399351598	810.871342488	0.000	22050.000	
243	Spectrogram 1	1	810.399351598	810.871342488	0.000	22050.000	
244	Waveform 1	1	810.907208057	811.242909784	0.000	22050.000	
244	Spectrogram 1	1	810.907208057	811.242909784	0.000	22050.000	
245	Waveform 1	1	811.310337054	811.805281908	0.000	22050.000	
245	Spectrogram 1	1	811.310337054	811.805281908	0.000	22050.000	
246	Waveform 1	1	883.872060759	884.290006532	0.000	22050.000	
246	Spectrogram 1	1	883.872060759	884.290006532	0.000	22050.000	
247	Waveform 1	1	884.444200118	884.923011779	0.000	22050.000	
247	Spectrogram 1	1	884.444200118	884.923011779	0.000	22050.000	
248	Waveform 1	1	918.878062483	919.397451404	0.000	22050.000	
248	Spectrogram 1	1	918.878062483	919.397451404	0.000	22050.000	
249	Waveform 1	1	969.352115507	969.867446702	0.000	22050.000	
249	Spectrogram 1	1	969.352115507	969.867446702	0.000	22050.000	
250	Waveform 1	1	970.171776147	970.610010550	0.000	22050.000	
250	Spectrogram 1	1	970.171776147	970.610010550	0.000	22050.000	
251	Waveform 1	1	972.172235038	972.651046700	0.000	22050.000	
251	Spectrogram 1	1	972.172235038	972.651046700	0.000	22050.000	
252	Waveform 1	1	972.764663026	973.235359236	0.000	22050.000	
252	Spectrogram 1	1	972.764663026	973.235359236	0.000	22050.000	
253	Waveform 1	1	975.114086348	975.523916668	0.000	22050.000	
253	Spectrogram 1	1	975.114086348	975.523916668	0.000	22050.000	
254	Waveform 1	1	987.161474677	987.859403540	0.000	22050.000	
254	Spectrogram 1	1	987.161474677	987.859403540	0.000	22050.000	
255	Waveform 1	1	1004.240443178	1004.987064752	0.000	22050.000	
255	Spectrogram 1	1	1004.240443178	1004.987064752	0.000	22050.000	
256	Waveform 1	1	1007.608355712	1008.338746382	0.000	22050.000	
256	Spectrogram 1	1	1007.608355712	1008.338746382	0.000	22050.000	
257	Waveform 1	1	1022.147187771	1022.727442581	0.000	22050.000	
257	Spectrogram 1	1	1022.147187771	1022.727442581	0.000	22050.000	
258	Waveform 1	1	1040.540859477	1040.938516620	0.000	22050.000	
258	Spectrogram 1	1	1040.540859477	1040.938516620	0.000	22050.000	
259	Waveform 1	1	1044.862337608	1045.410130611	0.000	22050.000	
259	Spectrogram 1	1	1044.862337608	1045.410130611	0.000	22050.000	
260	Waveform 1	1	1057.473749844	1057.989081039	0.000	22050.000	
260	Spectrogram 1	1	1057.473749844	1057.989081039	0.000	22050.000	
261	Waveform 1	1	1059.190167918	1059.636517772	0.000	22050.000	
261	Spectrogram 1	1	1059.190167918	1059.636517772	0.000	22050.000	
262	Waveform 1	1	1062.586484534	1063.069353921	0.000	22050.000	
262	Spectrogram 1	1	1062.586484534	1063.069353921	0.000	22050.000	
263	Waveform 1	1	1064.785771996	1065.199660042	0.000	22050.000	
263	Spectrogram 1	1	1064.785771996	1065.199660042	0.000	22050.000	
264	Waveform 1	1	1066.457555085	1067.029694443	0.000	22050.000	
264	Spectrogram 1	1	1066.457555085	1067.029694443	0.000	22050.000	
265	Waveform 1	1	1068.194261789	1068.571630302	0.000	22050.000	
265	Spectrogram 1	1	1068.194261789	1068.571630302	0.000	22050.000	
266	Waveform 1	1	1069.849813975	1070.251528843	0.000	22050.000	
266	Spectrogram 1	1	1069.849813975	1070.251528843	0.000	22050.000	
267	Waveform 1	1	1072.523855372	1072.990493856	0.000	22050.000	
267	Spectrogram 1	1	1072.523855372	1072.990493856	0.000	22050.000	
268	Waveform 1	1	1099.544252437	1100.294931737	0.000	22050.000	
268	Spectrogram 1	1	1099.544252437	1100.294931737	0.000	22050.000	
269	Waveform 1	1	1100.319278092	1100.818378383	0.000	22050.000	
269	Spectrogram 1	1	1100.319278092	1100.818378383	0.000	22050.000	
270	Waveform 1	1	1100.850840191	1101.268785963	0.000	22050.000	
270	Spectrogram 1	1	1100.850840191	1101.268785963	0.000	22050.000	
271	Waveform 1	1	1101.317478675	1101.759770803	0.000	22050.000	
271	Spectrogram 1	1	1101.317478675	1101.759770803	0.000	22050.000	
272	Waveform 1	1	1101.792232610	1102.266986546	0.000	22050.000	
272	Spectrogram 1	1	1101.792232610	1102.266986546	0.000	22050.000	
273	Waveform 1	1	1108.183150973	1108.442845433	0.000	22050.000	
273	Spectrogram 1	1	1108.183150973	1108.442845433	0.000	22050.000	
274	Waveform 1	1	1108.552404034	1108.836444850	0.000	22050.000	
274	Spectrogram 1	1	1108.552404034	1108.836444850	0.000	22050.000	
275	Waveform 1	1	1110.090282167	1110.317514820	0.000	22050.000	
275	Spectrogram 1	1	1110.090282167	1110.317514820	0.000	22050.000	
276	Waveform 1	1	1111.486139892	1111.782353885	0.000	22050.000	
276	Spectrogram 1	1	1111.486139892	1111.782353885	0.000	22050.000	
277	Waveform 1	1	1122.109266414	1122.604308980	0.000	22050.000	
277	Spectrogram 1	1	1122.109266414	1122.604308980	0.000	22050.000	
278	Waveform 1	1	1122.977619766	1123.363103731	0.000	22050.000	
278	Spectrogram 1	1	1122.977619766	1123.363103731	0.000	22050.000	
279	Waveform 1	1	1125.038944546	1125.440659415	0.000	22050.000	
279	Spectrogram 1	1	1125.038944546	1125.440659415	0.000	22050.000	
280	Waveform 1	1	1125.939759706	1126.584938131	0.000	22050.000	
280	Spectrogram 1	1	1125.939759706	1126.584938131	0.000	22050.000	
281	Waveform 1	1	1128.581339296	1128.853206934	0.000	22050.000	
281	Spectrogram 1	1	1128.581339296	1128.853206934	0.000	22050.000	
282	Waveform 1	1	1129.405057663	1129.729675738	0.000	22050.000	
282	Spectrogram 1	1	1129.405057663	1129.729675738	0.000	22050.000	
283	Waveform 1	1	1135.706706054	1136.027266404	0.000	22050.000	
283	Spectrogram 1	1	1135.706706054	1136.027266404	0.000	22050.000	
284	Waveform 1	1	1137.578162342	1137.748882451	0.000	22050.000	
284	Spectrogram 1	1	1137.578162342	1137.748882451	0.000	22050.000	
285	Waveform 1	1	1137.803398116	1137.962641243	0.000	22050.000	
285	Spectrogram 1	1	1137.803398116	1137.962641243	0.000	22050.000	
286	Waveform 1	1	1138.007114549	1138.273954383	0.000	22050.000	
286	Spectrogram 1	1	1138.007114549	1138.273954383	0.000	22050.000	
287	Waveform 1	1	1138.301212216	1138.514971008	0.000	22050.000	
287	Spectrogram 1	1	1138.301212216	1138.514971008	0.000	22050.000	
288	Waveform 1	1	1138.866453586	1138.989831143	0.000	22050.000	
288	Spectrogram 1	1	1138.866453586	1138.989831143	0.000	22050.000	
289	Waveform 1	1	1139.075908509	1139.242324750	0.000	22050.000	
289	Spectrogram 1	1	1139.075908509	1139.242324750	0.000	22050.000	
290	Waveform 1	1	1139.298275038	1139.483341375	0.000	22050.000	
290	Spectrogram 1	1	1139.298275038	1139.483341375	0.000	22050.000	
291	Waveform 1	1	1139.552203268	1139.704273281	0.000	22050.000	
291	Spectrogram 1	1	1139.552203268	1139.704273281	0.000	22050.000	
292	Waveform 1	1	1139.708577149	1139.951028396	0.000	22050.000	
292	Spectrogram 1	1	1139.708577149	1139.951028396	0.000	22050.000	
293	Waveform 1	1	1139.999805570	1140.236518327	0.000	22050.000	
293	Spectrogram 1	1	1139.999805570	1140.236518327	0.000	22050.000	
294	Waveform 1	1	1140.312553333	1140.468927215	0.000	22050.000	
294	Spectrogram 1	1	1140.312553333	1140.468927215	0.000	22050.000	
295	Waveform 1	1	1140.519139012	1140.754417145	0.000	22050.000	
295	Spectrogram 1	1	1140.519139012	1140.754417145	0.000	22050.000	
296	Waveform 1	1	1140.784544223	1140.971045183	0.000	22050.000	
296	Spectrogram 1	1	1140.784544223	1140.971045183	0.000	22050.000	
297	Waveform 1	1	1141.006910752	1141.259404359	0.000	22050.000	
297	Spectrogram 1	1	1141.006910752	1141.259404359	0.000	22050.000	
298	Waveform 1	1	1141.520505702	1141.732829872	0.000	22050.000	
298	Spectrogram 1	1	1141.520505702	1141.732829872	0.000	22050.000	
299	Waveform 1	1	1141.758653081	1142.044143012	0.000	22050.000	
299	Spectrogram 1	1	1141.758653081	1142.044143012	0.000	22050.000	
300	Waveform 1	1	1142.166085947	1142.465922105	0.000	22050.000	
300	Spectrogram 1	1	1142.166085947	1142.465922105	0.000	22050.000	
301	Waveform 1	1	1142.593603531	1142.863312611	0.000	22050.000	
301	Spectrogram 1	1	1142.593603531	1142.863312611	0.000	22050.000	
302	Waveform 1	1	1144.962165717	1145.200313096	0.000	22050.000	
302	Spectrogram 1	1	1144.962165717	1145.200313096	0.000	22050.000	
303	Waveform 1	1	1146.125644780	1146.469954244	0.000	22050.000	
303	Spectrogram 1	1	1146.125644780	1146.469954244	0.000	22050.000	
304	Waveform 1	1	1147.619087080	1147.939007956	0.000	22050.000	
304	Spectrogram 1	1	1147.619087080	1147.939007956	0.000	22050.000	
305	Waveform 1	1	1151.815358669	1152.079329258	0.000	22050.000	
305	Spectrogram 1	1	1151.815358669	1152.079329258	0.000	22050.000	
306	Waveform 1	1	1156.888184769	1157.255448197	0.000	22050.000	
306	Spectrogram 1	1	1156.888184769	1157.255448197	0.000	22050.000	
307	Waveform 1	1	1158.535662529	1158.838400061	0.000	22050.000	
307	Spectrogram 1	1	1158.535662529	1158.838400061	0.000	22050.000	
308	Waveform 1	1	1158.901830782	1159.069057229	0.000	22050.000	
308	Spectrogram 1	1	1158.901830782	1159.069057229	0.000	22050.000	
309	Waveform 1	1	1159.126721521	1159.334312971	0.000	22050.000	
309	Spectrogram 1	1	1159.126721521	1159.334312971	0.000	22050.000	
310	Waveform 1	1	1160.666358114	1160.980628505	0.000	22050.000	
310	Spectrogram 1	1	1160.666358114	1160.980628505	0.000	22050.000	
311	Waveform 1	1	1161.090190660	1161.375628904	0.000	22050.000	
311	Spectrogram 1	1	1161.090190660	1161.375628904	0.000	22050.000	
312	Waveform 1	1	1165.905159032	1166.135816200	0.000	22050.000	
312	Spectrogram 1	1	1165.905159032	1166.135816200	0.000	22050.000	
313	Waveform 1	1	1166.176181204	1166.360706938	0.000	22050.000	
313	Spectrogram 1	1	1166.176181204	1166.360706938	0.000	22050.000	
314	Waveform 1	1	1166.412604801	1166.571181604	0.000	22050.000	
314	Spectrogram 1	1	1166.412604801	1166.571181604	0.000	22050.000	
315	Waveform 1	1	1166.625962681	1166.804721986	0.000	22050.000	
315	Spectrogram 1	1	1166.625962681	1166.804721986	0.000	22050.000	
316	Waveform 1	1	1166.836437346	1167.087277016	0.000	22050.000	
316	Spectrogram 1	1	1166.836437346	1167.087277016	0.000	22050.000	
317	Waveform 1	1	1167.142058093	1167.349649544	0.000	22050.000	
317	Spectrogram 1	1	1167.142058093	1167.349649544	0.000	22050.000	
318	Waveform 1	1	1167.392897763	1167.626438145	0.000	22050.000	
318	Spectrogram 1	1	1167.392897763	1167.626438145	0.000	22050.000	
319	Waveform 1	1	1169.079578301	1169.344834044	0.000	22050.000	
319	Spectrogram 1	1	1169.079578301	1169.344834044	0.000	22050.000	
320	Waveform 1	1	1170.123301984	1170.408740229	0.000	22050.000	
320	Spectrogram 1	1	1170.123301984	1170.408740229	0.000	22050.000	
321	Waveform 1	1	1170.420273087	1170.671112757	0.000	22050.000	
321	Spectrogram 1	1	1170.420273087	1170.671112757	0.000	22050.000	
322	Waveform 1	1	1170.697061688	1170.849872062	0.000	22050.000	
322	Spectrogram 1	1	1170.697061688	1170.849872062	0.000	22050.000	
323	Waveform 1	1	1170.875820993	1171.112244590	0.000	22050.000	
323	Spectrogram 1	1	1170.875820993	1171.112244590	0.000	22050.000	
324	Waveform 1	1	1171.184324955	1171.429398195	0.000	22050.000	
324	Spectrogram 1	1	1171.184324955	1171.429398195	0.000	22050.000	
325	Waveform 1	1	1171.980092183	1172.179033990	0.000	22050.000	
325	Spectrogram 1	1	1171.980092183	1172.179033990	0.000	22050.000	
326	Waveform 1	1	1172.810457986	1173.012283008	0.000	22050.000	
326	Spectrogram 1	1	1172.810457986	1173.012283008	0.000	22050.000	
327	Waveform 1	1	1173.095896231	1173.300604467	0.000	22050.000	
327	Spectrogram 1	1	1173.095896231	1173.300604467	0.000	22050.000	
328	Waveform 1	1	1173.352502330	1173.623524502	0.000	22050.000	
328	Spectrogram 1	1	1173.352502330	1173.623524502	0.000	22050.000	
329	Waveform 1	1	1173.730203442	1174.050240262	0.000	22050.000	
329	Spectrogram 1	1	1173.730203442	1174.050240262	0.000	22050.000	
330	Waveform 1	1	1174.119437412	1174.465423163	0.000	22050.000	
330	Spectrogram 1	1	1174.119437412	1174.465423163	0.000	22050.000	
331	Waveform 1	1	1174.554802816	1174.750861408	0.000	22050.000	
331	Spectrogram 1	1	1174.554802816	1174.750861408	0.000	22050.000	
332	Waveform 1	1	1176.376994440	1176.665315899	0.000	22050.000	
332	Spectrogram 1	1	1176.376994440	1176.665315899	0.000	22050.000	
333	Waveform 1	1	1176.717213762	1176.944987715	0.000	22050.000	
333	Spectrogram 1	1	1176.717213762	1176.944987715	0.000	22050.000	
334	Waveform 1	1	1176.973819861	1177.227542745	0.000	22050.000	
334	Spectrogram 1	1	1176.973819861	1177.227542745	0.000	22050.000	
335	Waveform 1	1	1177.296739895	1177.475499200	0.000	22050.000	
335	Spectrogram 1	1	1177.296739895	1177.475499200	0.000	22050.000	
336	Waveform 1	1	1178.473091450	1178.761412909	0.000	22050.000	
336	Spectrogram 1	1	1178.473091450	1178.761412909	0.000	22050.000	
337	Waveform 1	1	1181.849335740	1182.016562187	0.000	22050.000	
337	Spectrogram 1	1	1181.849335740	1182.016562187	0.000	22050.000	
338	Waveform 1	1	1182.042511118	1182.278934715	0.000	22050.000	
338	Spectrogram 1	1	1182.042511118	1182.278934715	0.000	22050.000	
339	Waveform 1	1	1182.322182934	1182.495175809	0.000	22050.000	
339	Spectrogram 1	1	1182.322182934	1182.495175809	0.000	22050.000	
340	Waveform 1	1	1182.524007955	1182.760431552	0.000	22050.000	
340	Spectrogram 1	1	1182.524007955	1182.760431552	0.000	22050.000	
341	Waveform 1	1	1182.815212629	1182.930541213	0.000	22050.000	
341	Spectrogram 1	1	1182.815212629	1182.930541213	0.000	22050.000	
342	Waveform 1	1	1182.991088719	1183.166964810	0.000	22050.000	
342	Spectrogram 1	1	1182.991088719	1183.166964810	0.000	22050.000	
343	Waveform 1	1	1185.378390404	1185.565799352	0.000	22050.000	
343	Spectrogram 1	1	1185.378390404	1185.565799352	0.000	22050.000	
344	Waveform 1	1	1185.594631498	1185.787806876	0.000	22050.000	
344	Spectrogram 1	1	1185.594631498	1185.787806876	0.000	22050.000	
345	Waveform 1	1	1185.822405451	1186.015580829	0.000	22050.000	
345	Spectrogram 1	1	1185.822405451	1186.015580829	0.000	22050.000	
346	Waveform 1	1	1186.104960482	1186.344267293	0.000	22050.000	
346	Spectrogram 1	1	1186.104960482	1186.344267293	0.000	22050.000	
347	Waveform 1	1	1186.370216224	1186.554741958	0.000	22050.000	
347	Spectrogram 1	1	1186.370216224	1186.554741958	0.000	22050.000	
348	Waveform 1	1	1186.681603400	1186.837296989	0.000	22050.000	
348	Spectrogram 1	1	1186.681603400	1186.837296989	0.000	22050.000	
349	Waveform 1	1	1186.869012349	1187.085253444	0.000	22050.000	
349	Spectrogram 1	1	1186.869012349	1187.085253444	0.000	22050.000	
350	Waveform 1	1	1187.096786302	1187.189049169	0.000	22050.000	
350	Spectrogram 1	1	1187.096786302	1187.189049169	0.000	22050.000	
351	Waveform 1	1	1187.197698813	1187.367808474	0.000	22050.000	
351	Spectrogram 1	1	1187.197698813	1187.367808474	0.000	22050.000	
352	Waveform 1	1	1187.491786702	1187.656129933	0.000	22050.000	
352	Spectrogram 1	1	1187.491786702	1187.656129933	0.000	22050.000	
353	Waveform 1	1	1187.667662792	1187.765692088	0.000	22050.000	
353	Spectrogram 1	1	1187.667662792	1187.765692088	0.000	22050.000	
354	Waveform 1	1	1187.777224946	1187.964633895	0.000	22050.000	
354	Spectrogram 1	1	1187.777224946	1187.964633895	0.000	22050.000	
355	Waveform 1	1	1188.074196050	1188.301970003	0.000	22050.000	
355	Spectrogram 1	1	1188.074196050	1188.301970003	0.000	22050.000	
356	Waveform 1	1	1188.382700011	1188.630656466	0.000	22050.000	
356	Spectrogram 1	1	1188.382700011	1188.630656466	0.000	22050.000	
357	Waveform 1	1	1188.653722183	1188.933393999	0.000	22050.000	
357	Spectrogram 1	1	1188.653722183	1188.933393999	0.000	22050.000	
358	Waveform 1	1	1188.996824720	1189.256314033	0.000	22050.000	
358	Spectrogram 1	1	1188.996824720	1189.256314033	0.000	22050.000	
359	Waveform 1	1	1189.264963677	1189.371642617	0.000	22050.000	
359	Spectrogram 1	1	1189.264963677	1189.371642617	0.000	22050.000	
360	Waveform 1	1	1189.391825119	1189.573467639	0.000	22050.000	
360	Spectrogram 1	1	1189.391825119	1189.573467639	0.000	22050.000	
361	Waveform 1	1	1189.662847291	1189.867555527	0.000	22050.000	
361	Spectrogram 1	1	1189.662847291	1189.867555527	0.000	22050.000	
362	Waveform 1	1	1189.887738030	1190.034781974	0.000	22050.000	
362	Spectrogram 1	1	1189.887738030	1190.034781974	0.000	22050.000	
363	Waveform 1	1	1190.686388472	1190.847848490	0.000	22050.000	
363	Spectrogram 1	1	1190.686388472	1190.847848490	0.000	22050.000	
364	Waveform 1	1	1190.876680636	1191.118870661	0.000	22050.000	
364	Spectrogram 1	1	1190.876680636	1191.118870661	0.000	22050.000	
365	Waveform 1	1	1191.156352451	1191.381243190	0.000	22050.000	
365	Spectrogram 1	1	1191.156352451	1191.381243190	0.000	22050.000	
366	Waveform 1	1	1191.424491408	1191.658031791	0.000	22050.000	
366	Spectrogram 1	1	1191.424491408	1191.658031791	0.000	22050.000	
367	Waveform 1	1	1191.681097507	1191.888688958	0.000	22050.000	
367	Spectrogram 1	1	1191.681097507	1191.888688958	0.000	22050.000	
368	Waveform 1	1	1191.926170748	1192.174127203	0.000	22050.000	
368	Spectrogram 1	1	1191.926170748	1192.174127203	0.000	22050.000	
369	Waveform 1	1	1192.208725778	1192.476864735	0.000	22050.000	
369	Spectrogram 1	1	1192.208725778	1192.476864735	0.000	22050.000	
370	Waveform 1	1	1192.537412242	1192.753653337	0.000	22050.000	
370	Spectrogram 1	1	1192.537412242	1192.753653337	0.000	22050.000	
371	Waveform 1	1	1197.087124872	1197.254351319	0.000	22050.000	
371	Spectrogram 1	1	1197.087124872	1197.254351319	0.000	22050.000	
372	Waveform 1	1	1197.257234533	1197.427344194	0.000	22050.000	
372	Spectrogram 1	1	1197.257234533	1197.427344194	0.000	22050.000	
373	Waveform 1	1	1197.490774915	1197.784862804	0.000	22050.000	
373	Spectrogram 1	1	1197.490774915	1197.784862804	0.000	22050.000	
374	Waveform 1	1	1197.805045306	1198.003987113	0.000	22050.000	
374	Spectrogram 1	1	1197.805045306	1198.003987113	0.000	22050.000	
375	Waveform 1	1	1200.789172411	1201.054428154	0.000	22050.000	
375	Spectrogram 1	1	1200.789172411	1201.054428154	0.000	22050.000	
376	Waveform 1	1	1203.335050898	1203.626255572	0.000	22050.000	
376	Spectrogram 1	1	1203.335050898	1203.626255572	0.000	22050.000	
377	Waveform 1	1	1203.738700942	1204.018372757	0.000	22050.000	
377	Spectrogram 1	1	1203.738700942	1204.018372757	0.000	22050.000	
378	Waveform 1	1	1206.033739759	1206.192316562	0.000	22050.000	
378	Spectrogram 1	1	1206.033739759	1206.192316562	0.000	22050.000	
379	Waveform 1	1	1206.241331210	1206.451805875	0.000	22050.000	
379	Spectrogram 1	1	1206.241331210	1206.451805875	0.000	22050.000	
380	Waveform 1	1	1206.483521236	1206.673813399	0.000	22050.000	
380	Spectrogram 1	1	1206.483521236	1206.673813399	0.000	22050.000	
381	Waveform 1	1	1206.740127335	1206.869871991	0.000	22050.000	
381	Spectrogram 1	1	1206.740127335	1206.869871991	0.000	22050.000	
382	Waveform 1	1	1207.068813798	1207.244689889	0.000	22050.000	
382	Spectrogram 1	1	1207.068813798	1207.244689889	0.000	22050.000	
383	Waveform 1	1	1208.530603598	1208.764143980	0.000	22050.000	
383	Spectrogram 1	1	1208.530603598	1208.764143980	0.000	22050.000	
384	Waveform 1	1	1208.847757203	1209.075531156	0.000	22050.000	
384	Spectrogram 1	1	1208.847757203	1209.075531156	0.000	22050.000	
385	Waveform 1	1	1209.098596873	1209.389801547	0.000	22050.000	
385	Spectrogram 1	1	1209.098596873	1209.389801547	0.000	22050.000	
386	Waveform 1	1	1209.430166551	1209.646407646	0.000	22050.000	
386	Spectrogram 1	1	1209.430166551	1209.646407646	0.000	22050.000	
387	Waveform 1	1	1209.663706933	1209.940495535	0.000	22050.000	
387	Spectrogram 1	1	1209.663706933	1209.940495535	0.000	22050.000	
388	Waveform 1	1	1209.957794822	1210.214400921	0.000	22050.000	
388	Spectrogram 1	1	1209.957794822	1210.214400921	0.000	22050.000	
389	Waveform 1	1	1210.269181998	1210.488306307	0.000	22050.000	
389	Spectrogram 1	1	1210.269181998	1210.488306307	0.000	22050.000	
390	Waveform 1	1	1210.554620243	1210.736262763	0.000	22050.000	
390	Spectrogram 1	1	1210.554620243	1210.736262763	0.000	22050.000	
391	Waveform 1	1	1210.785277411	1211.015934578	0.000	22050.000	
391	Spectrogram 1	1	1210.785277411	1211.015934578	0.000	22050.000	
392	Waveform 1	1	1211.027467437	1211.165861737	0.000	22050.000	
392	Spectrogram 1	1	1211.027467437	1211.165861737	0.000	22050.000	
393	Waveform 1	1	1211.180277810	1211.361920330	0.000	22050.000	
393	Spectrogram 1	1	1211.180277810	1211.361920330	0.000	22050.000	
394	Waveform 1	1	1211.964512180	1212.215351850	0.000	22050.000	
394	Spectrogram 1	1	1211.964512180	1212.215351850	0.000	22050.000	
395	Waveform 1	1	1212.249950425	1212.371045438	0.000	22050.000	
395	Spectrogram 1	1	1212.249950425	1212.371045438	0.000	22050.000	
396	Waveform 1	1	1212.385461511	1212.604585820	0.000	22050.000	
396	Spectrogram 1	1	1212.385461511	1212.604585820	0.000	22050.000	
397	Waveform 1	1	1212.627651537	1212.815060485	0.000	22050.000	
397	Spectrogram 1	1	1212.627651537	1212.815060485	0.000	22050.000	
398	Waveform 1	1	1212.823710129	1213.077433013	0.000	22050.000	
398	Spectrogram 1	1	1212.823710129	1213.077433013	0.000	22050.000	
399	Waveform 1	1	1213.293674108	1213.507031988	0.000	22050.000	
399	Spectrogram 1	1	1213.293674108	1213.507031988	0.000	22050.000	
400	Waveform 1	1	1213.558929851	1213.783820589	0.000	22050.000	
400	Spectrogram 1	1	1213.558929851	1213.783820589	0.000	22050.000	
401	Waveform 1	1	1213.821302379	1213.976995967	0.000	22050.000	
401	Spectrogram 1	1	1213.821302379	1213.976995967	0.000	22050.000	
402	Waveform 1	1	1214.000061684	1214.216302778	0.000	22050.000	
402	Spectrogram 1	1	1214.000061684	1214.216302778	0.000	22050.000	
403	Waveform 1	1	1214.256667783	1214.510390667	0.000	22050.000	
403	Spectrogram 1	1	1214.256667783	1214.510390667	0.000	22050.000	
404	Waveform 1	1	1216.075976192	1216.390246582	0.000	22050.000	
404	Spectrogram 1	1	1216.075976192	1216.390246582	0.000	22050.000	
405	Waveform 1	1	1216.433494801	1216.707400188	0.000	22050.000	
405	Spectrogram 1	1	1216.433494801	1216.707400188	0.000	22050.000	
406	Waveform 1	1	1216.816962342	1217.168714523	0.000	22050.000	
406	Spectrogram 1	1	1216.816962342	1217.168714523	0.000	22050.000	
407	Waveform 1	1	1217.243678102	1217.595430283	0.000	22050.000	
407	Spectrogram 1	1	1217.243678102	1217.595430283	0.000	22050.000	
408	Waveform 1	1	1217.624262429	1217.883751742	0.000	22050.000	
408	Spectrogram 1	1	1217.624262429	1217.883751742	0.000	22050.000	
409	Waveform 1	1	1218.719883975	1218.944774713	0.000	22050.000	
409	Spectrogram 1	1	1218.719883975	1218.944774713	0.000	22050.000	
410	Waveform 1	1	1218.967840430	1219.224446529	0.000	22050.000	
410	Spectrogram 1	1	1218.967840430	1219.224446529	0.000	22050.000	
411	Waveform 1	1	1219.406089048	1219.662695147	0.000	22050.000	
411	Spectrogram 1	1	1219.406089048	1219.662695147	0.000	22050.000	
412	Waveform 1	1	1219.720359439	1219.968315894	0.000	22050.000	
412	Spectrogram 1	1	1219.720359439	1219.968315894	0.000	22050.000	
413	Waveform 1	1	1220.060578761	1220.291235929	0.000	22050.000	
413	Spectrogram 1	1	1220.060578761	1220.291235929	0.000	22050.000	
414	Waveform 1	1	1220.357549865	1220.628572036	0.000	22050.000	
414	Spectrogram 1	1	1220.357549865	1220.628572036	0.000	22050.000	
415	Waveform 1	1	1220.674703470	1220.916893496	0.000	22050.000	
415	Spectrogram 1	1	1220.674703470	1220.916893496	0.000	22050.000	
416	Waveform 1	1	1220.957258500	1221.210981385	0.000	22050.000	
416	Spectrogram 1	1	1220.957258500	1221.210981385	0.000	22050.000	
417	Waveform 1	1	1221.239813530	1221.496419629	0.000	22050.000	
417	Spectrogram 1	1	1221.239813530	1221.496419629	0.000	22050.000	
418	Waveform 1	1	1221.565616780	1221.833755737	0.000	22050.000	
418	Spectrogram 1	1	1221.565616780	1221.833755737	0.000	22050.000	
419	Waveform 1	1	1221.856821454	1222.116310767	0.000	22050.000	
419	Spectrogram 1	1	1221.856821454	1222.116310767	0.000	22050.000	
420	Waveform 1	1	1222.171091844	1222.372916866	0.000	22050.000	
420	Spectrogram 1	1	1222.171091844	1222.372916866	0.000	22050.000	
421	Waveform 1	1	1222.436347587	1222.690070471	0.000	22050.000	
421	Spectrogram 1	1	1222.436347587	1222.690070471	0.000	22050.000	
422	Waveform 1	1	1222.739085120	1222.981275146	0.000	22050.000	
422	Spectrogram 1	1	1222.739085120	1222.981275146	0.000	22050.000	
423	Waveform 1	1	1223.119669446	1223.370509116	0.000	22050.000	
423	Spectrogram 1	1	1223.119669446	1223.370509116	0.000	22050.000	
424	Waveform 1	1	1223.387808403	1223.647297717	0.000	22050.000	
424	Spectrogram 1	1	1223.387808403	1223.647297717	0.000	22050.000	
425	Waveform 1	1	1223.777042374	1224.036531687	0.000	22050.000	
425	Spectrogram 1	1	1223.777042374	1224.036531687	0.000	22050.000	
426	Waveform 1	1	1224.059597404	1224.270072069	0.000	22050.000	
426	Spectrogram 1	1	1224.059597404	1224.270072069	0.000	22050.000	
427	Waveform 1	1	1224.480546735	1224.716970331	0.000	22050.000	
427	Spectrogram 1	1	1224.480546735	1224.716970331	0.000	22050.000	
428	Waveform 1	1	1225.910621174	1226.262373354	0.000	22050.000	
428	Spectrogram 1	1	1225.910621174	1226.262373354	0.000	22050.000	
429	Waveform 1	1	1226.296971929	1226.498796951	0.000	22050.000	
429	Spectrogram 1	1	1226.296971929	1226.498796951	0.000	22050.000	
430	Waveform 1	1	1226.683322685	1226.916863067	0.000	22050.000	
430	Spectrogram 1	1	1226.683322685	1226.916863067	0.000	22050.000	
431	Waveform 1	1	1226.991826647	1227.190768454	0.000	22050.000	
431	Spectrogram 1	1	1226.991826647	1227.190768454	0.000	22050.000	
432	Waveform 1	1	1227.283031321	1227.484856342	0.000	22050.000	
432	Spectrogram 1	1	1227.283031321	1227.484856342	0.000	22050.000	
433	Waveform 1	1	1227.499272415	1227.735696012	0.000	22050.000	
433	Spectrogram 1	1	1227.499272415	1227.735696012	0.000	22050.000	
434	Waveform 1	1	1227.758761729	1228.021134257	0.000	22050.000	
434	Spectrogram 1	1	1227.758761729	1228.021134257	0.000	22050.000	
435	Waveform 1	1	1228.049966403	1228.309455716	0.000	22050.000	
435	Spectrogram 1	1	1228.049966403	1228.309455716	0.000	22050.000	
436	Waveform 1	1	1229.482924056	1229.727997297	0.000	22050.000	
436	Spectrogram 1	1	1229.482924056	1229.727997297	0.000	22050.000	
437	Waveform 1	1	1229.765479086	1230.059566975	0.000	22050.000	
437	Spectrogram 1	1	1229.765479086	1230.059566975	0.000	22050.000	
438	Waveform 1	1	1230.088399121	1230.321939503	0.000	22050.000	
438	Spectrogram 1	1	1230.088399121	1230.321939503	0.000	22050.000	
439	Waveform 1	1	1230.419968799	1230.572779173	0.000	22050.000	
439	Spectrogram 1	1	1230.419968799	1230.572779173	0.000	22050.000	
440	Waveform 1	1	1230.624677036	1230.840918130	0.000	22050.000	
440	Spectrogram 1	1	1230.624677036	1230.840918130	0.000	22050.000	
441	Waveform 1	1	1230.863983847	1231.045626366	0.000	22050.000	
441	Spectrogram 1	1	1230.863983847	1231.045626366	0.000	22050.000	
442	Waveform 1	1	1231.117706731	1231.270517105	0.000	22050.000	
442	Spectrogram 1	1	1231.117706731	1231.270517105	0.000	22050.000	
443	Waveform 1	1	1231.325298182	1231.518473560	0.000	22050.000	
443	Spectrogram 1	1	1231.325298182	1231.518473560	0.000	22050.000	
444	Waveform 1	1	1231.558838564	1231.818327878	0.000	22050.000	
444	Spectrogram 1	1	1231.558838564	1231.818327878	0.000	22050.000	
445	Waveform 1	1	1232.432452586	1232.746722977	0.000	22050.000	
445	Spectrogram 1	1	1232.432452586	1232.746722977	0.000	22050.000	
446	Waveform 1	1	1233.998038111	1234.295009214	0.000	22050.000	
446	Spectrogram 1	1	1233.998038111	1234.295009214	0.000	22050.000	
447	Waveform 1	1	1240.332460575	1240.640964537	0.000	22050.000	
447	Spectrogram 1	1	1240.332460575	1240.640964537	0.000	22050.000	
448	Waveform 1	1	1242.128703268	1242.572718315	0.000	22050.000	
448	Spectrogram 1	1	1242.128703268	1242.572718315	0.000	22050.000	
449	Waveform 1	1	1242.607316891	1242.927353710	0.000	22050.000	
449	Spectrogram 1	1	1242.607316891	1242.927353710	0.000	22050.000	
450	Waveform 1	1	1244.008559183	1244.299763857	0.000	22050.000	
450	Spectrogram 1	1	1244.008559183	1244.299763857	0.000	22050.000	
451	Waveform 1	1	1244.510238523	1244.703413901	0.000	22050.000	
451	Spectrogram 1	1	1244.510238523	1244.703413901	0.000	22050.000	
452	Waveform 1	1	1245.715422223	1246.015276541	0.000	22050.000	
452	Spectrogram 1	1	1245.715422223	1246.015276541	0.000	22050.000	
453	Waveform 1	1	1246.173853344	1246.436225872	0.000	22050.000	
453	Spectrogram 1	1	1246.173853344	1246.436225872	0.000	22050.000	
454	Waveform 1	1	1247.690424221	1247.932614247	0.000	22050.000	
454	Spectrogram 1	1	1247.690424221	1247.932614247	0.000	22050.000	
455	Waveform 1	1	1247.970096036	1248.209402848	0.000	22050.000	
455	Spectrogram 1	1	1247.970096036	1248.209402848	0.000	22050.000	
456	Waveform 1	1	1248.267067140	1248.578454316	0.000	22050.000	
456	Spectrogram 1	1	1248.267067140	1248.578454316	0.000	22050.000	
457	Waveform 1	1	1248.688016470	1248.910023994	0.000	22050.000	
457	Spectrogram 1	1	1248.688016470	1248.910023994	0.000	22050.000	
458	Waveform 1	1	1248.961921857	1249.241593673	0.000	22050.000	
458	Spectrogram 1	1	1248.961921857	1249.241593673	0.000	22050.000	
459	Waveform 1	1	1249.273309033	1249.489550128	0.000	22050.000	
459	Spectrogram 1	1	1249.273309033	1249.489550128	0.000	22050.000	
460	Waveform 1	1	1249.596229068	1249.844185523	0.000	22050.000	
460	Spectrogram 1	1	1249.596229068	1249.844185523	0.000	22050.000	
461	Waveform 1	1	1249.893200171	1250.141156626	0.000	22050.000	
461	Spectrogram 1	1	1249.893200171	1250.141156626	0.000	22050.000	
462	Waveform 1	1	1250.279550927	1250.536157025	0.000	22050.000	
462	Spectrogram 1	1	1250.279550927	1250.536157025	0.000	22050.000	
463	Waveform 1	1	1250.585171674	1250.841777772	0.000	22050.000	
463	Spectrogram 1	1	1250.585171674	1250.841777772	0.000	22050.000	
464	Waveform 1	1	1250.899442064	1251.069551725	0.000	22050.000	
464	Spectrogram 1	1	1250.899442064	1251.069551725	0.000	22050.000	
465	Waveform 1	1	1251.493384271	1251.799005018	0.000	22050.000	
465	Spectrogram 1	1	1251.493384271	1251.799005018	0.000	22050.000	
466	Waveform 1	1	1251.868202168	1252.133457911	0.000	22050.000	
466	Spectrogram 1	1	1251.868202168	1252.133457911	0.000	22050.000	
467	Waveform 1	1	1252.147873984	1252.441961872	0.000	22050.000	
467	Spectrogram 1	1	1252.147873984	1252.441961872	0.000	22050.000	
468	Waveform 1	1	1252.473677233	1252.767765122	0.000	22050.000	
468	Spectrogram 1	1	1252.473677233	1252.767765122	0.000	22050.000	
469	Waveform 1	1	1253.338641611	1253.572181994	0.000	22050.000	
469	Spectrogram 1	1	1253.338641611	1253.572181994	0.000	22050.000	
470	Waveform 1	1	1253.595247710	1253.762474157	0.000	22050.000	
470	Spectrogram 1	1	1253.595247710	1253.762474157	0.000	22050.000	
471	Waveform 1	1	1253.782656659	1254.013313826	0.000	22050.000	
471	Spectrogram 1	1	1253.782656659	1254.013313826	0.000	22050.000	
472	Waveform 1	1	1254.272803140	1254.520759595	0.000	22050.000	
472	Spectrogram 1	1	1254.272803140	1254.520759595	0.000	22050.000	
473	Waveform 1	1	1255.971016536	1256.242038708	0.000	22050.000	
473	Spectrogram 1	1	1255.971016536	1256.242038708	0.000	22050.000	
474	Waveform 1	1	1256.481345519	1256.792732696	0.000	22050.000	
474	Spectrogram 1	1	1256.481345519	1256.792732696	0.000	22050.000	
475	Waveform 1	1	1256.847513773	1257.112769516	0.000	22050.000	
475	Spectrogram 1	1	1256.847513773	1257.112769516	0.000	22050.000	
476	Waveform 1	1	1257.167550593	1257.392441331	0.000	22050.000	
476	Spectrogram 1	1	1257.167550593	1257.392441331	0.000	22050.000	
477	Waveform 1	1	1257.773025658	1257.980617109	0.000	22050.000	
477	Spectrogram 1	1	1257.773025658	1257.980617109	0.000	22050.000	
478	Waveform 1	1	1258.309303572	1258.516895023	0.000	22050.000	
478	Spectrogram 1	1	1258.309303572	1258.516895023	0.000	22050.000	
479	Waveform 1	1	1258.542843954	1258.721603259	0.000	22050.000	
479	Spectrogram 1	1	1258.542843954	1258.721603259	0.000	22050.000	
480	Waveform 1	1	1258.753318620	1258.963793285	0.000	22050.000	
480	Spectrogram 1	1	1258.753318620	1258.963793285	0.000	22050.000	
481	Waveform 1	1	1258.983975787	1259.211749740	0.000	22050.000	
481	Spectrogram 1	1	1258.983975787	1259.211749740	0.000	22050.000	
482	Waveform 1	1	1259.750910870	1260.154560913	0.000	22050.000	
482	Spectrogram 1	1	1259.750910870	1260.154560913	0.000	22050.000	
483	Waveform 1	1	1260.379451651	1260.748503119	0.000	22050.000	
483	Spectrogram 1	1	1260.379451651	1260.748503119	0.000	22050.000	
484	Waveform 1	1	1260.898430278	1261.215583884	0.000	22050.000	
484	Spectrogram 1	1	1260.898430278	1261.215583884	0.000	22050.000	
485	Waveform 1	1	1261.339562111	1261.728796081	0.000	22050.000	
485	Spectrogram 1	1	1261.339562111	1261.728796081	0.000	22050.000	
486	Waveform 1	1	1261.847007880	1262.051716116	0.000	22050.000	
486	Spectrogram 1	1	1261.847007880	1262.051716116	0.000	22050.000	
487	Waveform 1	1	1272.183332201	1272.434171871	0.000	22050.000	
487	Spectrogram 1	1	1272.183332201	1272.434171871	0.000	22050.000	
488	Waveform 1	1	1273.639355571	1273.939209889	0.000	22050.000	
488	Spectrogram 1	1	1273.639355571	1273.939209889	0.000	22050.000	
489	Waveform 1	1	1274.305378143	1274.634064607	0.000	22050.000	
489	Spectrogram 1	1	1274.305378143	1274.634064607	0.000	22050.000	
490	Waveform 1	1	1274.893553920	1275.204941096	0.000	22050.000	
490	Spectrogram 1	1	1274.893553920	1275.204941096	0.000	22050.000	
491	Waveform 1	1	1280.449508444	1280.634034178	0.000	22050.000	
491	Spectrogram 1	1	1280.449508444	1280.634034178	0.000	22050.000	
492	Waveform 1	1	1280.749362762	1280.971370285	0.000	22050.000	
492	Spectrogram 1	1	1280.749362762	1280.971370285	0.000	22050.000	
493	Waveform 1	1	1281.020384934	1281.340421753	0.000	22050.000	
493	Spectrogram 1	1	1281.020384934	1281.340421753	0.000	22050.000	
494	Waveform 1	1	1281.415385333	1281.680641076	0.000	22050.000	
494	Spectrogram 1	1	1281.415385333	1281.680641076	0.000	22050.000	
495	Waveform 1	1	1281.755604655	1281.966079321	0.000	22050.000	
495	Spectrogram 1	1	1281.755604655	1281.966079321	0.000	22050.000	
496	Waveform 1	1	1282.121772909	1282.346663647	0.000	22050.000	
496	Spectrogram 1	1	1282.121772909	1282.346663647	0.000	22050.000	
497	Waveform 1	1	1282.366846149	1282.588853673	0.000	22050.000	
497	Spectrogram 1	1	1282.366846149	1282.588853673	0.000	22050.000	
498	Waveform 1	1	1282.655167609	1282.888707991	0.000	22050.000	
498	Spectrogram 1	1	1282.655167609	1282.888707991	0.000	22050.000	
499	Waveform 1	1	1282.920423351	1283.113598729	0.000	22050.000	
499	Spectrogram 1	1	1282.920423351	1283.113598729	0.000	22050.000	
500	Waveform 1	1	1283.145314090	1283.335606253	0.000	22050.000	
500	Spectrogram 1	1	1283.145314090	1283.335606253	0.000	22050.000	
501	Waveform 1	1	1283.370204828	1283.612394854	0.000	22050.000	
501	Spectrogram 1	1	1283.370204828	1283.612394854	0.000	22050.000	
502	Waveform 1	1	1283.635460571	1283.943964532	0.000	22050.000	
502	Spectrogram 1	1	1283.635460571	1283.943964532	0.000	22050.000	
503	Waveform 1	1	1284.021811326	1284.240935636	0.000	22050.000	
503	Spectrogram 1	1	1284.021811326	1284.240935636	0.000	22050.000	
504	Waveform 1	1	1284.278417425	1284.488892091	0.000	22050.000	
504	Spectrogram 1	1	1284.278417425	1284.488892091	0.000	22050.000	
505	Waveform 1	1	1284.560972456	1284.757031048	0.000	22050.000	
505	Spectrogram 1	1	1284.560972456	1284.757031048	0.000	22050.000	
506	Waveform 1	1	1284.780096765	1285.016520362	0.000	22050.000	
506	Spectrogram 1	1	1284.780096765	1285.016520362	0.000	22050.000	
507	Waveform 1	1	1285.388455044	1285.601812924	0.000	22050.000	
507	Spectrogram 1	1	1285.388455044	1285.601812924	0.000	22050.000	
508	Waveform 1	1	1285.621995426	1285.846886165	0.000	22050.000	
508	Spectrogram 1	1	1285.621995426	1285.846886165	0.000	22050.000	
509	Waveform 1	1	1285.872835096	1286.042944757	0.000	22050.000	
509	Spectrogram 1	1	1285.872835096	1286.042944757	0.000	22050.000	
510	Waveform 1	1	1286.063127259	1286.264952281	0.000	22050.000	
510	Spectrogram 1	1	1286.063127259	1286.264952281	0.000	22050.000	
511	Waveform 1	1	1286.285134783	1286.507142307	0.000	22050.000	
511	Spectrogram 1	1	1286.285134783	1286.507142307	0.000	22050.000	
512	Waveform 1	1	1286.521558380	1286.700317685	0.000	22050.000	
512	Spectrogram 1	1	1286.521558380	1286.700317685	0.000	22050.000	
513	Waveform 1	1	1286.763748406	1286.962690213	0.000	22050.000	
513	Spectrogram 1	1	1286.763748406	1286.962690213	0.000	22050.000	
514	Waveform 1	1	1286.985755930	1287.181814522	0.000	22050.000	
514	Spectrogram 1	1	1286.985755930	1287.181814522	0.000	22050.000	
515	Waveform 1	1	1287.265427745	1287.470135981	0.000	22050.000	
515	Spectrogram 1	1	1287.265427745	1287.470135981	0.000	22050.000	
516	Waveform 1	1	1287.513384200	1287.738274939	0.000	22050.000	
516	Spectrogram 1	1	1287.513384200	1287.738274939	0.000	22050.000	
517	Waveform 1	1	1287.772873514	1288.026596398	0.000	22050.000	
517	Spectrogram 1	1	1287.772873514	1288.026596398	0.000	22050.000	
518	Waveform 1	1	1288.061194973	1288.291852141	0.000	22050.000	
518	Spectrogram 1	1	1288.061194973	1288.291852141	0.000	22050.000	
519	Waveform 1	1	1288.323567501	1288.548458240	0.000	22050.000	
519	Spectrogram 1	1	1288.323567501	1288.548458240	0.000	22050.000	
520	Waveform 1	1	1288.574407171	1288.805064339	0.000	22050.000	
520	Spectrogram 1	1	1288.574407171	1288.805064339	0.000	22050.000	
521	Waveform 1	1	1288.880027918	1289.116451515	0.000	22050.000	
521	Spectrogram 1	1	1288.880027918	1289.116451515	0.000	22050.000	
522	Waveform 1	1	1289.122217944	1289.361524756	0.000	22050.000	
522	Spectrogram 1	1	1289.122217944	1289.361524756	0.000	22050.000	
523	Waveform 1	1	1290.093861263	1290.468679160	0.000	22050.000	
523	Spectrogram 1	1	1290.093861263	1290.468679160	0.000	22050.000	
524	Waveform 1	1	1290.970358499	1291.152001019	0.000	22050.000	
524	Spectrogram 1	1	1290.970358499	1291.152001019	0.000	22050.000	
525	Waveform 1	1	1292.371600792	1292.582075458	0.000	22050.000	
525	Spectrogram 1	1	1292.371600792	1292.582075458	0.000	22050.000	
526	Waveform 1	1	1292.792550123	1293.017440861	0.000	22050.000	
526	Spectrogram 1	1	1292.792550123	1293.017440861	0.000	22050.000	
527	Waveform 1	1	1294.107295978	1294.473464232	0.000	22050.000	
527	Spectrogram 1	1	1294.107295978	1294.473464232	0.000	22050.000	
528	Waveform 1	1	1294.657989966	1294.914596065	0.000	22050.000	
528	Spectrogram 1	1	1294.657989966	1294.914596065	0.000	22050.000	
529	Waveform 1	1	1298.783870050	1299.023176862	0.000	22050.000	
529	Spectrogram 1	1	1298.783870050	1299.023176862	0.000	22050.000	
530	Waveform 1	1	1299.052009008	1299.282666175	0.000	22050.000	
530	Spectrogram 1	1	1299.052009008	1299.282666175	0.000	22050.000	
531	Waveform 1	1	1301.603653924	1301.814128589	0.000	22050.000	
531	Spectrogram 1	1	1301.603653924	1301.814128589	0.000	22050.000	
532	Waveform 1	1	1302.174530414	1302.454202229	0.000	22050.000	
532	Spectrogram 1	1	1302.174530414	1302.454202229	0.000	22050.000	
533	Waveform 1	1	1302.508983307	1302.670443324	0.000	22050.000	
533	Spectrogram 1	1	1302.508983307	1302.670443324	0.000	22050.000	
534	Waveform 1	1	1302.707925114	1302.932815852	0.000	22050.000	
534	Spectrogram 1	1	1302.707925114	1302.932815852	0.000	22050.000	
535	Waveform 1	1	1303.175005878	1303.405663046	0.000	22050.000	
535	Spectrogram 1	1	1303.175005878	1303.405663046	0.000	22050.000	
536	Waveform 1	1	1303.792013801	1303.993838823	0.000	22050.000	
536	Spectrogram 1	1	1303.792013801	1303.993838823	0.000	22050.000	
537	Waveform 1	1	1304.014021325	1304.267744209	0.000	22050.000	
537	Spectrogram 1	1	1304.014021325	1304.267744209	0.000	22050.000	
538	Waveform 1	1	1304.285043497	1304.512817450	0.000	22050.000	
538	Spectrogram 1	1	1304.285043497	1304.512817450	0.000	22050.000	
539	Waveform 1	1	1304.535883167	1304.682927111	0.000	22050.000	
539	Spectrogram 1	1	1304.535883167	1304.682927111	0.000	22050.000	
540	Waveform 1	1	1304.714642471	1304.850153557	0.000	22050.000	
540	Spectrogram 1	1	1304.714642471	1304.850153557	0.000	22050.000	
541	Waveform 1	1	1304.864569630	1305.069277867	0.000	22050.000	
541	Spectrogram 1	1	1304.864569630	1305.069277867	0.000	22050.000	
542	Waveform 1	1	1305.080810725	1305.285518961	0.000	22050.000	
542	Spectrogram 1	1	1305.080810725	1305.285518961	0.000	22050.000	
543	Waveform 1	1	1305.328767180	1305.484460768	0.000	22050.000	
543	Spectrogram 1	1	1305.328767180	1305.484460768	0.000	22050.000	
544	Waveform 1	1	1305.504643270	1305.741066867	0.000	22050.000	
544	Spectrogram 1	1	1305.504643270	1305.741066867	0.000	22050.000	
545	Waveform 1	1	1305.761249369	1305.974607249	0.000	22050.000	
545	Spectrogram 1	1	1305.761249369	1305.974607249	0.000	22050.000	
546	Waveform 1	1	1306.012089039	1306.211030846	0.000	22050.000	
546	Spectrogram 1	1	1306.012089039	1306.211030846	0.000	22050.000	
547	Waveform 1	1	1306.242746207	1306.482053018	0.000	22050.000	
547	Spectrogram 1	1	1306.242746207	1306.482053018	0.000	22050.000	
548	Waveform 1	1	1306.571432670	1306.767491263	0.000	22050.000	
548	Spectrogram 1	1	1306.571432670	1306.767491263	0.000	22050.000	
549	Waveform 1	1	1307.035630220	1307.237455242	0.000	22050.000	
549	Spectrogram 1	1	1307.035630220	1307.237455242	0.000	22050.000	
550	Waveform 1	1	1307.269170602	1307.456579551	0.000	22050.000	
550	Spectrogram 1	1	1307.269170602	1307.456579551	0.000	22050.000	
551	Waveform 1	1	1308.341726431	1308.534901809	0.000	22050.000	
551	Spectrogram 1	1	1308.341726431	1308.534901809	0.000	22050.000	
552	Waveform 1	1	1308.563733955	1308.713661114	0.000	22050.000	
552	Spectrogram 1	1	1308.563733955	1308.713661114	0.000	22050.000	
553	Waveform 1	1	1308.754026118	1308.990449715	0.000	22050.000	
553	Spectrogram 1	1	1308.754026118	1308.990449715	0.000	22050.000	
554	Waveform 1	1	1309.068296509	1309.281654389	0.000	22050.000	
554	Spectrogram 1	1	1309.068296509	1309.281654389	0.000	22050.000	
555	Waveform 1	1	1312.234066134	1312.453190443	0.000	22050.000	
555	Spectrogram 1	1	1312.234066134	1312.453190443	0.000	22050.000	
556	Waveform 1	1	1312.781876907	1313.052899079	0.000	22050.000	
556	Spectrogram 1	1	1312.781876907	1313.052899079	0.000	22050.000	
557	Waveform 1	1	1315.503631484	1315.791952944	0.000	22050.000	
557	Spectrogram 1	1	1315.503631484	1315.791952944	0.000	22050.000	
558	Waveform 1	1	1317.395020258	1317.657392786	0.000	22050.000	
558	Spectrogram 1	1	1317.395020258	1317.657392786	0.000	22050.000	
559	Waveform 1	1	1317.792903872	1318.084108546	0.000	22050.000	
559	Spectrogram 1	1	1317.792903872	1318.084108546	0.000	22050.000	
560	Waveform 1	1	1318.634802534	1318.920240779	0.000	22050.000	
560	Spectrogram 1	1	1318.634802534	1318.920240779	0.000	22050.000	
561	Waveform 1	1	1319.312357964	1319.638161213	0.000	22050.000	
561	Spectrogram 1	1	1319.312357964	1319.638161213	0.000	22050.000	
562	Waveform 1	1	1319.834219805	1320.226336990	0.000	22050.000	
562	Spectrogram 1	1	1319.834219805	1320.226336990	0.000	22050.000	
563	Waveform 1	1	1320.240753063	1320.439694870	0.000	22050.000	
563	Spectrogram 1	1	1320.240753063	1320.439694870	0.000	22050.000	
564	Waveform 1	1	1320.482943089	1320.771264548	0.000	22050.000	
564	Spectrogram 1	1	1320.482943089	1320.771264548	0.000	22050.000	
565	Waveform 1	1	1320.828928840	1321.076885295	0.000	22050.000	
565	Spectrogram 1	1	1320.828928840	1321.076885295	0.000	22050.000	
566	Waveform 1	1	1321.169148162	1321.379622828	0.000	22050.000	
566	Spectrogram 1	1	1321.169148162	1321.379622828	0.000	22050.000	
567	Waveform 1	1	1321.494951412	1321.708309292	0.000	22050.000	
567	Spectrogram 1	1	1321.494951412	1321.708309292	0.000	22050.000	
568	Waveform 1	1	1321.780389657	1322.042762185	0.000	22050.000	
568	Spectrogram 1	1	1321.780389657	1322.042762185	0.000	22050.000	
569	Waveform 1	1	1322.160973983	1322.359915790	0.000	22050.000	
569	Spectrogram 1	1	1322.160973983	1322.359915790	0.000	22050.000	
570	Waveform 1	1	1322.385864721	1322.636704391	0.000	22050.000	
570	Spectrogram 1	1	1322.385864721	1322.636704391	0.000	22050.000	
571	Waveform 1	1	1324.617472818	1325.026889290	0.000	22050.000	
571	Spectrogram 1	1	1324.617472818	1325.026889290	0.000	22050.000	
572	Waveform 1	1	1325.130685015	1325.367108612	0.000	22050.000	
572	Spectrogram 1	1	1325.130685015	1325.367108612	0.000	22050.000	
573	Waveform 1	1	1327.293095961	1327.494920983	0.000	22050.000	
573	Spectrogram 1	1	1327.293095961	1327.494920983	0.000	22050.000	
574	Waveform 1	1	1327.613132781	1327.794775301	0.000	22050.000	
574	Spectrogram 1	1	1327.613132781	1327.794775301	0.000	22050.000	
575	Waveform 1	1	1328.212841417	1328.457914657	0.000	22050.000	
575	Spectrogram 1	1	1328.212841417	1328.457914657	0.000	22050.000	
576	Waveform 1	1	1329.919704457	1330.153244839	0.000	22050.000	
576	Spectrogram 1	1	1329.919704457	1330.153244839	0.000	22050.000	
577	Waveform 1	1	1330.280106281	1330.484814517	0.000	22050.000	
577	Spectrogram 1	1	1330.280106281	1330.484814517	0.000	22050.000	
578	Waveform 1	1	1330.499230590	1330.692405968	0.000	22050.000	
578	Spectrogram 1	1	1330.499230590	1330.692405968	0.000	22050.000	
579	Waveform 1	1	1331.116238514	1331.384377471	0.000	22050.000	
579	Spectrogram 1	1	1331.116238514	1331.384377471	0.000	22050.000	
580	Waveform 1	1	1332.318539000	1332.494415090	0.000	22050.000	
580	Spectrogram 1	1	1332.318539000	1332.494415090	0.000	22050.000	
581	Waveform 1	1	1332.505947948	1332.771203691	0.000	22050.000	
581	Spectrogram 1	1	1332.505947948	1332.771203691	0.000	22050.000	
582	Waveform 1	1	1333.483357696	1333.959088104	0.000	22050.000	
582	Spectrogram 1	1	1333.483357696	1333.959088104	0.000	22050.000	
583	Waveform 1	1	1335.602520423	1335.850476878	0.000	22050.000	
583	Spectrogram 1	1	1335.602520423	1335.850476878	0.000	22050.000	
584	Waveform 1	1	1335.859126522	1336.095550118	0.000	22050.000	
584	Spectrogram 1	1	1335.859126522	1336.095550118	0.000	22050.000	
585	Waveform 1	1	1342.755775832	1343.032564433	0.000	22050.000	
585	Spectrogram 1	1	1342.755775832	1343.032564433	0.000	22050.000	
586	Waveform 1	1	1345.578442920	1345.852348306	0.000	22050.000	
586	Spectrogram 1	1	1345.578442920	1345.852348306	0.000	22050.000	
587	Waveform 1	1	1348.837994223	1349.113401576	0.000	22050.000	
587	Spectrogram 1	1	1348.837994223	1349.113401576	0.000	22050.000	
588	Waveform 1	1	1350.187490254	1350.465957688	0.000	22050.000	
588	Spectrogram 1	1	1350.187490254	1350.465957688	0.000	22050.000	
589	Waveform 1	1	1352.360148262	1352.664626391	0.000	22050.000	
589	Spectrogram 1	1	1352.360148262	1352.664626391	0.000	22050.000	
590	Waveform 1	1	1352.975224684	1353.213911057	0.000	22050.000	
590	Spectrogram 1	1	1352.975224684	1353.213911057	0.000	22050.000	
591	Waveform 1	1	1354.067673852	1354.309420306	0.000	22050.000	
591	Spectrogram 1	1	1354.067673852	1354.309420306	0.000	22050.000	
592	Waveform 1	1	1354.552696802	1354.829634196	0.000	22050.000	
592	Spectrogram 1	1	1354.552696802	1354.829634196	0.000	22050.000	
593	Waveform 1	1	1354.867885217	1355.060670364	0.000	22050.000	
593	Spectrogram 1	1	1354.867885217	1355.060670364	0.000	22050.000	
594	Waveform 1	1	1356.599891460	1356.869178650	0.000	22050.000	
594	Spectrogram 1	1	1356.599891460	1356.869178650	0.000	22050.000	
595	Waveform 1	1	1357.075734165	1357.234858413	0.000	22050.000	
595	Spectrogram 1	1	1357.075734165	1357.234858413	0.000	22050.000	
596	Waveform 1	1	1362.030006441	1362.357435183	0.000	22050.000	
596	Spectrogram 1	1	1362.030006441	1362.357435183	0.000	22050.000	
597	Waveform 1	1	1384.022813634	1384.178877800	0.000	22050.000	
597	Spectrogram 1	1	1384.022813634	1384.178877800	0.000	22050.000	
598	Waveform 1	1	1384.510896665	1384.726632425	0.000	22050.000	
598	Spectrogram 1	1	1384.510896665	1384.726632425	0.000	22050.000	
599	Waveform 1	1	1384.787834059	1385.049471045	0.000	22050.000	
599	Spectrogram 1	1	1384.787834059	1385.049471045	0.000	22050.000	
600	Waveform 1	1	1385.087722066	1385.395260277	0.000	22050.000	
600	Spectrogram 1	1	1385.087722066	1385.395260277	0.000	22050.000	
601	Waveform 1	1	1385.457991952	1385.704328529	0.000	22050.000	
601	Spectrogram 1	1	1385.457991952	1385.704328529	0.000	22050.000	
602	Waveform 1	1	1385.762470081	1386.034817353	0.000	22050.000	
602	Spectrogram 1	1	1385.762470081	1386.034817353	0.000	22050.000	
603	Waveform 1	1	1386.143450253	1386.360716054	0.000	22050.000	
603	Spectrogram 1	1	1386.143450253	1386.360716054	0.000	22050.000	
604	Waveform 1	1	1386.391316871	1386.631533285	0.000	22050.000	
604	Spectrogram 1	1	1386.391316871	1386.631533285	0.000	22050.000	
605	Waveform 1	1	1386.656013938	1386.908470679	0.000	22050.000	
605	Spectrogram 1	1	1386.656013938	1386.908470679	0.000	22050.000	
606	Waveform 1	1	1386.978852558	1387.189998195	0.000	22050.000	
606	Spectrogram 1	1	1386.978852558	1387.189998195	0.000	22050.000	
607	Waveform 1	1	1387.918297640	1388.137093482	0.000	22050.000	
607	Spectrogram 1	1	1387.918297640	1388.137093482	0.000	22050.000	
608	Waveform 1	1	1388.152393891	1388.340588915	0.000	22050.000	
608	Spectrogram 1	1	1388.152393891	1388.340588915	0.000	22050.000	
609	Waveform 1	1	1390.082210350	1390.229094272	0.000	22050.000	
609	Spectrogram 1	1	1390.082210350	1390.229094272	0.000	22050.000	
610	Waveform 1	1	1390.244394681	1390.472370767	0.000	22050.000	
610	Spectrogram 1	1	1390.244394681	1390.472370767	0.000	22050.000	
611	Waveform 1	1	1390.504501625	1390.737067835	0.000	22050.000	
611	Spectrogram 1	1	1390.504501625	1390.737067835	0.000	22050.000	
612	Waveform 1	1	1390.763078529	1390.991054616	0.000	22050.000	
612	Spectrogram 1	1	1390.763078529	1390.991054616	0.000	22050.000	
613	Waveform 1	1	1391.043076005	1391.254221642	0.000	22050.000	
613	Spectrogram 1	1	1391.043076005	1391.254221642	0.000	22050.000	
614	Waveform 1	1	1391.310833154	1391.540339281	0.000	22050.000	
614	Spectrogram 1	1	1391.310833154	1391.540339281	0.000	22050.000	
615	Waveform 1	1	1391.575530221	1391.834107125	0.000	22050.000	
615	Spectrogram 1	1	1391.575530221	1391.834107125	0.000	22050.000	
616	Waveform 1	1	1391.889188595	1392.124814886	0.000	22050.000	
616	Spectrogram 1	1	1391.889188595	1392.124814886	0.000	22050.000	
617	Waveform 1	1	1392.161535867	1392.366561341	0.000	22050.000	
617	Spectrogram 1	1	1392.161535867	1392.366561341	0.000	22050.000	
618	Waveform 1	1	1392.401752280	1392.542516039	0.000	22050.000	
618	Spectrogram 1	1	1392.401752280	1392.542516039	0.000	22050.000	
619	Waveform 1	1	1392.602187632	1392.782732452	0.000	22050.000	
619	Spectrogram 1	1	1392.602187632	1392.782732452	0.000	22050.000	
620	Waveform 1	1	1392.804153024	1393.009178498	0.000	22050.000	
620	Spectrogram 1	1	1392.804153024	1393.009178498	0.000	22050.000	
621	Waveform 1	1	1393.027538989	1393.284585852	0.000	22050.000	
621	Spectrogram 1	1	1393.027538989	1393.284585852	0.000	22050.000	
622	Waveform 1	1	1393.348847567	1393.584473858	0.000	22050.000	
622	Spectrogram 1	1	1393.348847567	1393.584473858	0.000	22050.000	
623	Waveform 1	1	1393.636495247	1393.827750354	0.000	22050.000	
623	Spectrogram 1	1	1393.636495247	1393.827750354	0.000	22050.000	
624	Waveform 1	1	1393.852231007	1394.080207094	0.000	22050.000	
624	Spectrogram 1	1	1393.852231007	1394.080207094	0.000	22050.000	
625	Waveform 1	1	1394.103157707	1394.320423508	0.000	22050.000	
625	Spectrogram 1	1	1394.103157707	1394.320423508	0.000	22050.000	
626	Waveform 1	1	1394.347964243	1394.467307429	0.000	22050.000	
626	Spectrogram 1	1	1394.347964243	1394.467307429	0.000	22050.000	
627	Waveform 1	1	1394.528509063	1394.762605314	0.000	22050.000	
627	Spectrogram 1	1	1394.528509063	1394.762605314	0.000	22050.000	
628	Waveform 1	1	1394.806976498	1395.015062054	0.000	22050.000	
628	Spectrogram 1	1	1394.806976498	1395.015062054	0.000	22050.000	
629	Waveform 1	1	1395.059433239	1395.215497406	0.000	22050.000	
629	Spectrogram 1	1	1395.059433239	1395.215497406	0.000	22050.000	
630	Waveform 1	1	1395.256808509	1395.388392022	0.000	22050.000	
630	Spectrogram 1	1	1395.256808509	1395.388392022	0.000	22050.000	
631	Waveform 1	1	1395.423582961	1395.663799375	0.000	22050.000	
631	Spectrogram 1	1	1395.423582961	1395.663799375	0.000	22050.000	
632	Waveform 1	1	1395.721940927	1395.937676687	0.000	22050.000	
632	Spectrogram 1	1	1395.721940927	1395.937676687	0.000	22050.000	
633	Waveform 1	1	1396.199313673	1396.382918575	0.000	22050.000	
633	Spectrogram 1	1	1396.199313673	1396.382918575	0.000	22050.000	
634	Waveform 1	1	1396.413519392	1396.610894662	0.000	22050.000	
634	Spectrogram 1	1	1396.413519392	1396.610894662	0.000	22050.000	
635	Waveform 1	1	1396.734827971	1396.996464956	0.000	22050.000	
635	Spectrogram 1	1	1396.734827971	1396.996464956	0.000	22050.000	
636	Waveform 1	1	1397.016355487	1397.288702759	0.000	22050.000	
636	Spectrogram 1	1	1397.016355487	1397.288702759	0.000	22050.000	
637	Waveform 1	1	1397.331543903	1397.603891174	0.000	22050.000	
637	Spectrogram 1	1	1397.331543903	1397.603891174	0.000	22050.000	
638	Waveform 1	1	1397.660502686	1397.914489467	0.000	22050.000	
638	Spectrogram 1	1	1397.660502686	1397.914489467	0.000	22050.000	
639	Waveform 1	1	1397.963450774	1398.266398863	0.000	22050.000	
639	Spectrogram 1	1	1397.963450774	1398.266398863	0.000	22050.000	
640	Waveform 1	1	1398.375031763	1398.618308258	0.000	22050.000	
640	Spectrogram 1	1	1398.375031763	1398.618308258	0.000	22050.000	
641	Waveform 1	1	1398.659619361	1398.912076102	0.000	22050.000	
641	Spectrogram 1	1	1398.659619361	1398.912076102	0.000	22050.000	
642	Waveform 1	1	1399.006938634	1399.205843945	0.000	22050.000	
642	Spectrogram 1	1	1399.006938634	1399.205843945	0.000	22050.000	
643	Waveform 1	1	1399.241034885	1399.462890808	0.000	22050.000	
643	Spectrogram 1	1	1399.241034885	1399.462890808	0.000	22050.000	
644	Waveform 1	1	1399.514912197	1399.771959060	0.000	22050.000	
644	Spectrogram 1	1	1399.514912197	1399.771959060	0.000	22050.000	
645	Waveform 1	1	1399.825510490	1400.126928537	0.000	22050.000	
645	Spectrogram 1	1	1399.825510490	1400.126928537	0.000	22050.000	
646	Waveform 1	1	1400.162119477	1400.417636299	0.000	22050.000	
646	Spectrogram 1	1	1400.162119477	1400.417636299	0.000	22050.000	
647	Waveform 1	1	1400.478837933	1400.760365450	0.000	22050.000	
647	Spectrogram 1	1	1400.478837933	1400.760365450	0.000	22050.000	
648	Waveform 1	1	1400.781786022	1401.155115989	0.000	22050.000	
648	Spectrogram 1	1	1400.781786022	1401.155115989	0.000	22050.000	
649	Waveform 1	1	1401.653909307	1401.817623678	0.000	22050.000	
649	Spectrogram 1	1	1401.653909307	1401.817623678	0.000	22050.000	
650	Waveform 1	1	1401.855874699	1402.111391521	0.000	22050.000	
650	Spectrogram 1	1	1401.855874699	1402.111391521	0.000	22050.000	
651	Waveform 1	1	1402.140462297	1402.409749487	0.000	22050.000	
651	Spectrogram 1	1	1402.140462297	1402.409749487	0.000	22050.000	
652	Waveform 1	1	1402.466360999	1402.662206228	0.000	22050.000	
652	Spectrogram 1	1	1402.466360999	1402.662206228	0.000	22050.000	
653	Waveform 1	1	1402.792259700	1402.991165011	0.000	22050.000	
653	Spectrogram 1	1	1402.792259700	1402.991165011	0.000	22050.000	
654	Waveform 1	1	1403.081437421	1403.372145182	0.000	22050.000	
654	Spectrogram 1	1	1403.081437421	1403.372145182	0.000	22050.000	
655	Waveform 1	1	1406.554630153	1406.684683625	0.000	22050.000	
655	Spectrogram 1	1	1406.554630153	1406.684683625	0.000	22050.000	
656	Waveform 1	1	1407.226318086	1407.532326256	0.000	22050.000	
656	Spectrogram 1	1	1407.226318086	1407.532326256	0.000	22050.000	
657	Waveform 1	1	1407.572107319	1407.764892466	0.000	22050.000	
657	Spectrogram 1	1	1407.572107319	1407.764892466	0.000	22050.000	
658	Waveform 1	1	1408.419749950	1408.626305465	0.000	22050.000	
658	Spectrogram 1	1	1408.419749950	1408.626305465	0.000	22050.000	
659	Waveform 1	1	1409.668263285	1409.928370229	0.000	22050.000	
659	Spectrogram 1	1	1409.668263285	1409.928370229	0.000	22050.000	
660	Waveform 1	1	1411.974034847	1412.307583753	0.000	22050.000	
660	Spectrogram 1	1	1411.974034847	1412.307583753	0.000	22050.000	
661	Waveform 1	1	1413.110855199	1413.452054309	0.000	22050.000	
661	Spectrogram 1	1	1413.110855199	1413.452054309	0.000	22050.000	
662	Waveform 1	1	1414.376198983	1414.674556949	0.000	22050.000	
662	Spectrogram 1	1	1414.376198983	1414.674556949	0.000	22050.000	
663	Waveform 1	1	1414.752589033	1415.054007080	0.000	22050.000	
663	Spectrogram 1	1	1414.752589033	1415.054007080	0.000	22050.000	
664	Waveform 1	1	1415.696624238	1416.028643102	0.000	22050.000	
664	Spectrogram 1	1	1415.696624238	1416.028643102	0.000	22050.000	
665	Waveform 1	1	1416.890056101	1417.090491453	0.000	22050.000	
665	Spectrogram 1	1	1416.890056101	1417.090491453	0.000	22050.000	
666	Waveform 1	1	1417.827971143	1418.080427884	0.000	22050.000	
666	Spectrogram 1	1	1417.827971143	1418.080427884	0.000	22050.000	
667	Waveform 1	1	1418.331354583	1418.554740547	0.000	22050.000	
667	Spectrogram 1	1	1418.331354583	1418.554740547	0.000	22050.000	
668	Waveform 1	1	1418.791896879	1418.978561863	0.000	22050.000	
668	Spectrogram 1	1	1418.791896879	1418.978561863	0.000	22050.000	
669	Waveform 1	1	1421.321054406	1421.552090575	0.000	22050.000	
669	Spectrogram 1	1	1421.321054406	1421.552090575	0.000	22050.000	
670	Waveform 1	1	1422.084544791	1422.389022920	0.000	22050.000	
670	Spectrogram 1	1	1422.084544791	1422.389022920	0.000	22050.000	
671	Waveform 1	1	1424.797307220	1425.058944205	0.000	22050.000	
671	Spectrogram 1	1	1424.797307220	1425.058944205	0.000	22050.000	
672	Waveform 1	1	1425.279270088	1425.511836297	0.000	22050.000	
672	Spectrogram 1	1	1425.279270088	1425.511836297	0.000	22050.000	
673	Waveform 1	1	1426.758819591	1427.135209640	0.000	22050.000	
673	Spectrogram 1	1	1426.758819591	1427.135209640	0.000	22050.000	
674	Waveform 1	1	1427.436627688	1427.705914877	0.000	22050.000	
674	Spectrogram 1	1	1427.436627688	1427.705914877	0.000	22050.000	
675	Waveform 1	1	1427.751816103	1427.940011128	0.000	22050.000	
675	Spectrogram 1	1	1427.751816103	1427.940011128	0.000	22050.000	
676	Waveform 1	1	1428.140446479	1428.391373179	0.000	22050.000	
676	Spectrogram 1	1	1428.140446479	1428.391373179	0.000	22050.000	
677	Waveform 1	1	1428.867215883	1429.130382910	0.000	22050.000	
677	Spectrogram 1	1	1428.867215883	1429.130382910	0.000	22050.000	
678	Waveform 1	1	1429.183934340	1429.447101366	0.000	22050.000	
678	Spectrogram 1	1	1429.183934340	1429.447101366	0.000	22050.000	
679	Waveform 1	1	1429.486882428	1429.742399250	0.000	22050.000	
679	Spectrogram 1	1	1429.486882428	1429.742399250	0.000	22050.000	
680	Waveform 1	1	1429.826551497	1429.987205786	0.000	22050.000	
680	Spectrogram 1	1	1429.826551497	1429.987205786	0.000	22050.000	
681	Waveform 1	1	1430.010156399	1430.198351424	0.000	22050.000	
681	Spectrogram 1	1	1430.010156399	1430.198351424	0.000	22050.000	
682	Waveform 1	1	1430.215181873	1430.437037797	0.000	22050.000	
682	Spectrogram 1	1	1430.215181873	1430.437037797	0.000	22050.000	
683	Waveform 1	1	1430.452338205	1430.645123352	0.000	22050.000	
683	Spectrogram 1	1	1430.452338205	1430.645123352	0.000	22050.000	
684	Waveform 1	1	1430.663483843	1430.894520011	0.000	22050.000	
684	Spectrogram 1	1	1430.663483843	1430.894520011	0.000	22050.000	
685	Waveform 1	1	1430.972552094	1431.229598957	0.000	22050.000	
685	Spectrogram 1	1	1430.972552094	1431.229598957	0.000	22050.000	
686	Waveform 1	1	1431.260199774	1431.500416188	0.000	22050.000	
686	Spectrogram 1	1	1431.260199774	1431.500416188	0.000	22050.000	
687	Waveform 1	1	1431.518776678	1431.774293500	0.000	22050.000	
687	Spectrogram 1	1	1431.518776678	1431.774293500	0.000	22050.000	
688	Waveform 1	1	1431.817134644	1432.034400445	0.000	22050.000	
688	Spectrogram 1	1	1431.817134644	1432.034400445	0.000	22050.000	
689	Waveform 1	1	1432.888163240	1433.166630675	0.000	22050.000	
689	Spectrogram 1	1	1432.888163240	1433.166630675	0.000	22050.000	
690	Waveform 1	1	1433.192641369	1433.423677538	0.000	22050.000	
690	Spectrogram 1	1	1433.192641369	1433.423677538	0.000	22050.000	
691	Waveform 1	1	1433.478759008	1433.699084891	0.000	22050.000	
691	Spectrogram 1	1	1433.478759008	1433.699084891	0.000	22050.000	
692	Waveform 1	1	1433.767936729	1434.015803347	0.000	22050.000	
692	Spectrogram 1	1	1433.767936729	1434.015803347	0.000	22050.000	
693	Waveform 1	1	1434.107605798	1434.308041150	0.000	22050.000	
693	Spectrogram 1	1	1434.107605798	1434.308041150	0.000	22050.000	
694	Waveform 1	1	1434.323341558	1434.522246869	0.000	22050.000	
694	Spectrogram 1	1	1434.323341558	1434.522246869	0.000	22050.000	
695	Waveform 1	1	1434.577328340	1434.692081403	0.000	22050.000	
695	Spectrogram 1	1	1434.577328340	1434.692081403	0.000	22050.000	
696	Waveform 1	1	1434.716562057	1434.898636918	0.000	22050.000	
696	Spectrogram 1	1	1434.716562057	1434.898636918	0.000	22050.000	
697	Waveform 1	1	1434.924647613	1435.105192433	0.000	22050.000	
697	Spectrogram 1	1	1434.924647613	1435.105192433	0.000	22050.000	
698	Waveform 1	1	1435.204645088	1435.463221992	0.000	22050.000	
698	Spectrogram 1	1	1435.204645088	1435.463221992	0.000	22050.000	
699	Waveform 1	1	1435.499942973	1435.703438406	0.000	22050.000	
699	Spectrogram 1	1	1435.499942973	1435.703438406	0.000	22050.000	
700	Waveform 1	1	1437.164627419	1437.449215017	0.000	22050.000	
700	Spectrogram 1	1	1437.164627419	1437.449215017	0.000	22050.000	
701	Waveform 1	1	1437.499706365	1437.773583677	0.000	22050.000	
701	Spectrogram 1	1	1437.499706365	1437.773583677	0.000	22050.000	
702	Waveform 1	1	1437.828665148	1438.085712011	0.000	22050.000	
702	Spectrogram 1	1	1437.828665148	1438.085712011	0.000	22050.000	
703	Waveform 1	1	1438.307567934	1438.504943204	0.000	22050.000	
703	Spectrogram 1	1	1438.307567934	1438.504943204	0.000	22050.000	
704	Waveform 1	1	1438.534013980	1438.760460026	0.000	22050.000	
704	Spectrogram 1	1	1438.534013980	1438.760460026	0.000	22050.000	
705	Waveform 1	1	1438.806361252	1439.109309340	0.000	22050.000	
705	Spectrogram 1	1	1438.806361252	1439.109309340	0.000	22050.000	
706	Waveform 1	1	1439.136850076	1439.383186653	0.000	22050.000	
706	Spectrogram 1	1	1439.136850076	1439.383186653	0.000	22050.000	
707	Waveform 1	1	1439.448978409	1439.718265599	0.000	22050.000	
707	Spectrogram 1	1	1439.448978409	1439.718265599	0.000	22050.000	
708	Waveform 1	1	1441.497703109	1441.627756581	0.000	22050.000	
708	Spectrogram 1	1	1441.497703109	1441.627756581	0.000	22050.000	
709	Waveform 1	1	1441.725679196	1441.953655282	0.000	22050.000	
709	Spectrogram 1	1	1441.725679196	1441.953655282	0.000	22050.000	
710	Waveform 1	1	1442.033217407	1442.297914474	0.000	22050.000	
710	Spectrogram 1	1	1442.033217407	1442.297914474	0.000	22050.000	
711	Waveform 1	1	1442.365236271	1442.614632930	0.000	22050.000	
711	Spectrogram 1	1	1442.365236271	1442.614632930	0.000	22050.000	
712	Waveform 1	1	1442.674304523	1443.015503633	0.000	22050.000	
712	Spectrogram 1	1	1442.674304523	1443.015503633	0.000	22050.000	
713	Waveform 1	1	1443.789704304	1444.016150350	0.000	22050.000	
713	Spectrogram 1	1	1443.789704304	1444.016150350	0.000	22050.000	
714	Waveform 1	1	1444.046751167	1444.270137131	0.000	22050.000	
714	Spectrogram 1	1	1444.046751167	1444.270137131	0.000	22050.000	
715	Waveform 1	1	1444.409370848	1444.701608651	0.000	22050.000	
715	Spectrogram 1	1	1444.409370848	1444.701608651	0.000	22050.000	
716	Waveform 1	1	1444.872973226	1445.163680988	0.000	22050.000	
716	Spectrogram 1	1	1444.872973226	1445.163680988	0.000	22050.000	
717	Waveform 1	1	1445.354936094	1445.734386225	0.000	22050.000	
717	Spectrogram 1	1	1445.354936094	1445.734386225	0.000	22050.000	
718	Waveform 1	1	1446.924758007	1447.216995810	0.000	22050.000	
718	Spectrogram 1	1	1446.924758007	1447.216995810	0.000	22050.000	
719	Waveform 1	1	1447.267487158	1447.604096145	0.000	22050.000	
719	Spectrogram 1	1	1447.267487158	1447.604096145	0.000	22050.000	
720	Waveform 1	1	1448.522120656	1448.854139521	0.000	22050.000	
720	Spectrogram 1	1	1448.522120656	1448.854139521	0.000	22050.000	
721	Waveform 1	1	1450.961005773	1451.207342350	0.000	22050.000	
721	Spectrogram 1	1	1450.961005773	1451.207342350	0.000	22050.000	
722	Waveform 1	1	1451.433788395	1451.666354605	0.000	22050.000	
722	Spectrogram 1	1	1451.433788395	1451.666354605	0.000	22050.000	
723	Waveform 1	1	1451.787227832	1452.004493633	0.000	22050.000	
723	Spectrogram 1	1	1451.787227832	1452.004493633	0.000	22050.000	
724	Waveform 1	1	1455.401184322	1455.641400736	0.000	22050.000	
724	Spectrogram 1	1	1455.401184322	1455.641400736	0.000	22050.000	
725	Waveform 1	1	1456.664998065	1457.010787298	0.000	22050.000	
725	Spectrogram 1	1	1456.664998065	1457.010787298	0.000	22050.000	
726	Waveform 1	1	1457.581492535	1457.872200297	0.000	22050.000	
726	Spectrogram 1	1	1457.581492535	1457.872200297	0.000	22050.000	
727	Waveform 1	1	1458.031324545	1458.230229856	0.000	22050.000	
727	Spectrogram 1	1	1458.031324545	1458.230229856	0.000	22050.000	
728	Waveform 1	1	1458.286841367	1458.502577127	0.000	22050.000	
728	Spectrogram 1	1	1458.286841367	1458.502577127	0.000	22050.000	
729	Waveform 1	1	1458.637220722	1458.814705461	0.000	22050.000	
729	Spectrogram 1	1	1458.637220722	1458.814705461	0.000	22050.000	
730	Waveform 1	1	1459.748030380	1459.942345568	0.000	22050.000	
730	Spectrogram 1	1	1459.748030380	1459.942345568	0.000	22050.000	
731	Waveform 1	1	1459.985186712	1460.314145495	0.000	22050.000	
731	Spectrogram 1	1	1459.985186712	1460.314145495	0.000	22050.000	
732	Waveform 1	1	1460.393707619	1460.644634319	0.000	22050.000	
732	Spectrogram 1	1	1460.393707619	1460.644634319	0.000	22050.000	
733	Waveform 1	1	1460.656874646	1460.924631794	0.000	22050.000	
733	Spectrogram 1	1	1460.656874646	1460.924631794	0.000	22050.000	
734	Waveform 1	1	1460.998073755	1461.195449025	0.000	22050.000	
734	Spectrogram 1	1	1460.998073755	1461.195449025	0.000	22050.000	
735	Waveform 1	1	1463.208982785	1463.577722630	0.000	22050.000	
735	Spectrogram 1	1	1463.208982785	1463.577722630	0.000	22050.000	
736	Waveform 1	1	1463.655754714	1463.947992516	0.000	22050.000	
736	Spectrogram 1	1	1463.655754714	1463.947992516	0.000	22050.000	
737	Waveform 1	1	1464.693122411	1464.918038416	0.000	22050.000	
737	Spectrogram 1	1	1464.693122411	1464.918038416	0.000	22050.000	
738	Waveform 1	1	1465.591256390	1465.881964152	0.000	22050.000	
738	Spectrogram 1	1	1465.591256390	1465.881964152	0.000	22050.000	
739	Waveform 1	1	1465.956936154	1466.194092485	0.000	22050.000	
739	Spectrogram 1	1	1465.956936154	1466.194092485	0.000	22050.000	
740	Waveform 1	1	1466.241523752	1466.483270206	0.000	22050.000	
740	Spectrogram 1	1	1466.241523752	1466.483270206	0.000	22050.000	
741	Waveform 1	1	1468.686529032	1469.020077937	0.000	22050.000	
741	Spectrogram 1	1	1468.686529032	1469.020077937	0.000	22050.000	
742	Waveform 1	1	1469.674935422	1470.031434940	0.000	22050.000	
742	Spectrogram 1	1	1469.674935422	1470.031434940	0.000	22050.000	
743	Waveform 1	1	1470.104876901	1470.420065316	0.000	22050.000	
743	Spectrogram 1	1	1470.104876901	1470.420065316	0.000	22050.000	
744	Waveform 1	1	1471.240167212	1471.553825587	0.000	22050.000	
744	Spectrogram 1	1	1471.240167212	1471.553825587	0.000	22050.000	
745	Waveform 1	1	1471.738960530	1472.061799149	0.000	22050.000	
745	Spectrogram 1	1	1471.738960530	1472.061799149	0.000	22050.000	
746	Waveform 1	1	1473.036435171	1473.235340482	0.000	22050.000	
746	Spectrogram 1	1	1473.036435171	1473.235340482	0.000	22050.000	
747	Waveform 1	1	1473.726483595	1474.113583930	0.000	22050.000	
747	Spectrogram 1	1	1473.726483595	1474.113583930	0.000	22050.000	
748	Waveform 1	1	1482.524218489	1482.807276046	0.000	22050.000	
748	Spectrogram 1	1	1482.524218489	1482.807276046	0.000	22050.000	
749	Waveform 1	1	1482.857767394	1483.166835646	0.000	22050.000	
749	Spectrogram 1	1	1482.857767394	1483.166835646	0.000	22050.000	
750	Waveform 1	1	1483.546285777	1483.726830598	0.000	22050.000	
750	Spectrogram 1	1	1483.546285777	1483.726830598	0.000	22050.000	
751	Waveform 1	1	1483.780382027	1484.068029707	0.000	22050.000	
751	Spectrogram 1	1	1483.780382027	1484.068029707	0.000	22050.000	
752	Waveform 1	1	1484.113930933	1484.369447755	0.000	22050.000	
752	Spectrogram 1	1	1484.113930933	1484.369447755	0.000	22050.000	
753	Waveform 1	1	1484.433709471	1484.647915190	0.000	22050.000	
753	Spectrogram 1	1	1484.433709471	1484.647915190	0.000	22050.000	
754	Waveform 1	1	1484.710646865	1484.956983442	0.000	22050.000	
754	Spectrogram 1	1	1484.710646865	1484.956983442	0.000	22050.000	
755	Waveform 1	1	1485.019715117	1485.259931530	0.000	22050.000	
755	Spectrogram 1	1	1485.019715117	1485.259931530	0.000	22050.000	
756	Waveform 1	1	1485.315013001	1485.561349578	0.000	22050.000	
756	Spectrogram 1	1	1485.315013001	1485.561349578	0.000	22050.000	
757	Waveform 1	1	1485.659272192	1486.095333835	0.000	22050.000	
757	Spectrogram 1	1	1485.659272192	1486.095333835	0.000	22050.000	
758	Waveform 1	1	1487.016418427	1487.282645535	0.000	22050.000	
758	Spectrogram 1	1	1487.016418427	1487.282645535	0.000	22050.000	
759	Waveform 1	1	1487.969633878	1488.289412415	0.000	22050.000	
759	Spectrogram 1	1	1487.969633878	1488.289412415	0.000	22050.000	
760	Waveform 1	1	1515.443047399	1515.755175732	0.000	22050.000	SAT.NA_flight_NA
760	Spectrogram 1	1	1515.443047399	1515.755175732	0.000	22050.000	SAT.NA_flight_NA
761	Waveform 1	1	1516.598228241	1517.051120333	0.000	22050.000	SAT.NA_flight_NA
761	Spectrogram 1	1	1516.598228241	1517.051120333	0.000	22050.000	SAT.NA_flight_NA
