Selection	View	Channel	Begin Time (s)	End Time (s)	Low Freq (Hz)	High Freq (Hz)	Annotation
1	Waveform 1	1	12.569012495	12.707574902	0.000	22050.000	
1	Spectrogram 1	1	12.569012495	12.707574902	0.000	22050.000	
2	Waveform 1	1	12.749746069	12.960601906	0.000	22050.000	
2	Spectrogram 1	1	12.749746069	12.960601906	0.000	22050.000	
3	Waveform 1	1	12.960601906	13.135311028	0.000	22050.000	
3	Spectrogram 1	1	12.960601906	13.135311028	0.000	22050.000	
4	Waveform 1	1	24.059337962	24.203924822	0.000	22050.000	
4	Spectrogram 1	1	24.059337962	24.203924822	0.000	22050.000	
5	Waveform 1	1	24.203924822	24.414780659	0.000	22050.000	
5	Spectrogram 1	1	24.203924822	24.414780659	0.000	22050.000	
6	Waveform 1	1	24.414780659	24.625636496	0.000	22050.000	
6	Spectrogram 1	1	24.414780659	24.625636496	0.000	22050.000	
7	Waveform 1	1	24.625636496	24.854565690	0.000	22050.000	
7	Spectrogram 1	1	24.625636496	24.854565690	0.000	22050.000	
8	Waveform 1	1	27.818596311	27.987280980	0.000	22050.000	
8	Spectrogram 1	1	27.818596311	27.987280980	0.000	22050.000	
9	Waveform 1	1	27.987280980	28.222234627	0.000	22050.000	
9	Spectrogram 1	1	27.987280980	28.222234627	0.000	22050.000	
10	Waveform 1	1	28.222234627	28.445139369	0.000	22050.000	
10	Spectrogram 1	1	28.222234627	28.445139369	0.000	22050.000	
11	Waveform 1	1	28.445139369	28.649970753	0.000	22050.000	
11	Spectrogram 1	1	28.445139369	28.649970753	0.000	22050.000	
12	Waveform 1	1	28.649970753	28.872875495	0.000	22050.000	
12	Spectrogram 1	1	28.649970753	28.872875495	0.000	22050.000	
13	Waveform 1	1	28.872875495	29.101804689	0.000	22050.000	
13	Spectrogram 1	1	28.872875495	29.101804689	0.000	22050.000	
14	Waveform 1	1	33.176494202	33.784963902	0.000	22050.000	
14	Spectrogram 1	1	33.176494202	33.784963902	0.000	22050.000	
15	Waveform 1	1	50.010198987	50.462032923	0.000	22050.000	sqs.01_NA_NA
15	Spectrogram 1	1	50.010198987	50.462032923	0.000	22050.000	sqs.01_NA_NA
17	Waveform 1	1	57.338092696	57.651364225	0.000	22050.000	sqs.01_NA_NA
17	Spectrogram 1	1	57.338092696	57.651364225	0.000	22050.000	sqs.01_NA_NA
18	Waveform 1	1	60.018974050	60.476832439	0.000	22050.000	
18	Spectrogram 1	1	60.018974050	60.476832439	0.000	22050.000	
19	Waveform 1	1	78.159519974	78.683647340	0.000	22050.000	
19	Spectrogram 1	1	78.159519974	78.683647340	0.000	22050.000	
20	Waveform 1	1	86.999396383	87.571719368	0.000	22050.000	
20	Spectrogram 1	1	86.999396383	87.571719368	0.000	22050.000	
21	Waveform 1	1	87.613890536	87.734379585	0.000	22050.000	
21	Spectrogram 1	1	87.613890536	87.734379585	0.000	22050.000	
22	Waveform 1	1	87.806673015	88.252482499	0.000	22050.000	
22	Spectrogram 1	1	87.806673015	88.252482499	0.000	22050.000	
23	Waveform 1	1	90.686361301	91.120121880	0.000	22050.000	
23	Spectrogram 1	1	90.686361301	91.120121880	0.000	22050.000	
24	Waveform 1	1	91.120121880	91.511711291	0.000	22050.000	
24	Spectrogram 1	1	91.120121880	91.511711291	0.000	22050.000	
25	Waveform 1	1	118.901951409	119.389932061	0.000	22050.000	
25	Spectrogram 1	1	118.901951409	119.389932061	0.000	22050.000	
26	Waveform 1	1	124.525235243	125.025264799	0.000	22050.000	
26	Spectrogram 1	1	124.525235243	125.025264799	0.000	22050.000	
27	Waveform 1	1	125.127680491	125.471074283	0.000	22050.000	
27	Spectrogram 1	1	125.127680491	125.471074283	0.000	22050.000	
28	Waveform 1	1	125.471074283	125.766272454	0.000	22050.000	
28	Spectrogram 1	1	125.471074283	125.766272454	0.000	22050.000	
29	Waveform 1	1	138.397999142	138.590781621	0.000	22050.000	
29	Spectrogram 1	1	138.397999142	138.590781621	0.000	22050.000	
30	Waveform 1	1	139.795672118	140.060748027	0.000	22050.000	
30	Spectrogram 1	1	139.795672118	140.060748027	0.000	22050.000	
31	Waveform 1	1	200.136411961	200.503903562	0.000	22050.000	
31	Spectrogram 1	1	200.136411961	200.503903562	0.000	22050.000	
32	Waveform 1	1	258.561841848	258.923308996	0.000	22050.000	
32	Spectrogram 1	1	258.561841848	258.923308996	0.000	22050.000	
33	Waveform 1	1	265.682124614	266.019493953	0.000	22050.000	
33	Spectrogram 1	1	265.682124614	266.019493953	0.000	22050.000	
34	Waveform 1	1	291.259315010	291.656928874	0.000	22050.000	
34	Spectrogram 1	1	291.259315010	291.656928874	0.000	22050.000	
35	Waveform 1	1	305.228625165	305.632263481	0.000	22050.000	
35	Spectrogram 1	1	305.228625165	305.632263481	0.000	22050.000	
36	Waveform 1	1	308.939687894	309.421644092	0.000	22050.000	
36	Spectrogram 1	1	308.939687894	309.421644092	0.000	22050.000	
37	Waveform 1	1	315.990456932	316.321801819	0.000	22050.000	
37	Spectrogram 1	1	315.990456932	316.321801819	0.000	22050.000	
38	Waveform 1	1	323.297342709	323.604589786	0.000	22050.000	
38	Spectrogram 1	1	323.297342709	323.604589786	0.000	22050.000	
39	Waveform 1	1	331.028874878	331.408415384	0.000	22050.000	
39	Spectrogram 1	1	331.028874878	331.408415384	0.000	22050.000	
40	Waveform 1	1	440.918867350	441.165869902	0.000	22050.000	
40	Spectrogram 1	1	440.918867350	441.165869902	0.000	22050.000	
41	Waveform 1	1	459.659233837	459.882138579	0.000	22050.000	
41	Spectrogram 1	1	459.659233837	459.882138579	0.000	22050.000	
42	Waveform 1	1	466.914989277	467.282480878	0.000	22050.000	
42	Spectrogram 1	1	466.914989277	467.282480878	0.000	22050.000	
43	Waveform 1	1	469.391039247	469.704310776	0.000	22050.000	
43	Spectrogram 1	1	469.391039247	469.704310776	0.000	22050.000	
44	Waveform 1	1	514.726263990	515.154000116	0.000	22050.000	
44	Spectrogram 1	1	514.726263990	515.154000116	0.000	22050.000	
45	Waveform 1	1	517.877052638	518.280690954	0.000	22050.000	
45	Spectrogram 1	1	517.877052638	518.280690954	0.000	22050.000	
46	Waveform 1	1	519.467508093	519.786804075	0.000	22050.000	
46	Spectrogram 1	1	519.467508093	519.786804075	0.000	22050.000	
47	Waveform 1	1	521.735171894	522.066516781	0.000	22050.000	
47	Spectrogram 1	1	521.735171894	522.066516781	0.000	22050.000	
48	Waveform 1	1	523.331651802	523.644923331	0.000	22050.000	
48	Spectrogram 1	1	523.331651802	523.644923331	0.000	22050.000	
49	Waveform 1	1	530.761806330	531.044955597	0.000	22050.000	
49	Spectrogram 1	1	530.761806330	531.044955597	0.000	22050.000	
50	Waveform 1	1	531.412447198	531.605229678	0.000	22050.000	
50	Spectrogram 1	1	531.412447198	531.605229678	0.000	22050.000	
51	Waveform 1	1	532.563117622	532.846266889	0.000	22050.000	
51	Spectrogram 1	1	532.563117622	532.846266889	0.000	22050.000	
52	Waveform 1	1	533.057122726	533.328223087	0.000	22050.000	
52	Spectrogram 1	1	533.057122726	533.328223087	0.000	22050.000	
53	Waveform 1	1	534.123450815	534.412624534	0.000	22050.000	
53	Spectrogram 1	1	534.123450815	534.412624534	0.000	22050.000	
54	Waveform 1	1	534.527089131	534.870482923	0.000	22050.000	
54	Spectrogram 1	1	534.527089131	534.870482923	0.000	22050.000	
55	Waveform 1	1	535.903133965	536.222429947	0.000	22050.000	
55	Spectrogram 1	1	535.903133965	536.222429947	0.000	22050.000	
56	Waveform 1	1	537.204415701	537.481540515	0.000	22050.000	
56	Spectrogram 1	1	537.204415701	537.481540515	0.000	22050.000	
57	Waveform 1	1	539.559976621	539.855174793	0.000	22050.000	
57	Spectrogram 1	1	539.559976621	539.855174793	0.000	22050.000	
58	Waveform 1	1	541.502475005	541.767550914	0.000	22050.000	
58	Spectrogram 1	1	541.502475005	541.767550914	0.000	22050.000	
59	Waveform 1	1	560.875098970	561.158248237	0.000	22050.000	
59	Spectrogram 1	1	560.875098970	561.158248237	0.000	22050.000	
60	Waveform 1	1	567.841680690	568.136878862	0.000	22050.000	
60	Spectrogram 1	1	567.841680690	568.136878862	0.000	22050.000	
61	Waveform 1	1	612.674250752	613.077889068	0.000	22050.000	
61	Spectrogram 1	1	612.674250752	613.077889068	0.000	22050.000	
62	Waveform 1	1	632.941428402	633.242651026	0.000	22050.000	
62	Spectrogram 1	1	632.941428402	633.242651026	0.000	22050.000	
63	Waveform 1	1	638.314774966	638.622022042	0.000	22050.000	
63	Spectrogram 1	1	638.314774966	638.622022042	0.000	22050.000	
64	Waveform 1	1	642.116204482	642.405378201	0.000	22050.000	
64	Spectrogram 1	1	642.116204482	642.405378201	0.000	22050.000	
65	Waveform 1	1	647.953123853	648.272419835	0.000	22050.000	
65	Spectrogram 1	1	647.953123853	648.272419835	0.000	22050.000	
66	Waveform 1	1	651.343288233	651.710753603	0.000	22050.000	
66	Spectrogram 1	1	651.343288233	651.710753603	0.000	22050.000	
67	Waveform 1	1	656.808995691	657.123119313	0.000	22050.000	
67	Spectrogram 1	1	656.808995691	657.123119313	0.000	22050.000	
68	Waveform 1	1	657.241656529	657.609121899	0.000	22050.000	
68	Spectrogram 1	1	657.241656529	657.609121899	0.000	22050.000	
69	Waveform 1	1	657.620975621	658.029929016	0.000	22050.000	
69	Spectrogram 1	1	657.620975621	658.029929016	0.000	22050.000	
70	Waveform 1	1	677.874499696	678.360502282	0.000	22050.000	
70	Spectrogram 1	1	677.874499696	678.360502282	0.000	22050.000	
71	Waveform 1	1	683.721783145	683.988491881	0.000	22050.000	
71	Spectrogram 1	1	683.721783145	683.988491881	0.000	22050.000	
72	Waveform 1	1	689.197930499	689.553542147	0.000	22050.000	
72	Spectrogram 1	1	689.197930499	689.553542147	0.000	22050.000	
73	Waveform 1	1	701.318660094	701.597222552	0.000	22050.000	
73	Spectrogram 1	1	701.318660094	701.597222552	0.000	22050.000	
74	Waveform 1	1	704.187260723	704.436188877	0.000	22050.000	
74	Spectrogram 1	1	704.187260723	704.436188877	0.000	22050.000	
75	Waveform 1	1	704.602140980	704.922191463	0.000	22050.000	
75	Spectrogram 1	1	704.602140980	704.922191463	0.000	22050.000	
76	Waveform 1	1	738.044372820	738.376277025	0.000	22050.000	
76	Spectrogram 1	1	738.044372820	738.376277025	0.000	22050.000	
77	Waveform 1	1	740.018017467	740.373629116	0.000	22050.000	
77	Spectrogram 1	1	740.018017467	740.373629116	0.000	22050.000	
78	Waveform 1	1	741.743304801	742.122623892	0.000	22050.000	
78	Spectrogram 1	1	741.743304801	742.122623892	0.000	22050.000	
79	Waveform 1	1	742.294502856	742.454528097	0.000	22050.000	
79	Spectrogram 1	1	742.294502856	742.454528097	0.000	22050.000	
80	Waveform 1	1	744.238513199	744.481514492	0.000	22050.000	
80	Spectrogram 1	1	744.238513199	744.481514492	0.000	22050.000	
81	Waveform 1	1	745.153234311	745.307332691	0.000	22050.000	
81	Spectrogram 1	1	745.153234311	745.307332691	0.000	22050.000	
82	Waveform 1	1	747.043902907	747.298757922	0.000	22050.000	
82	Spectrogram 1	1	747.043902907	747.298757922	0.000	22050.000	
83	Waveform 1	1	750.165672814	750.456088993	0.000	22050.000	
83	Spectrogram 1	1	750.165672814	750.456088993	0.000	22050.000	
84	Waveform 1	1	753.283201597	753.461007421	0.000	22050.000	
84	Spectrogram 1	1	753.283201597	753.461007421	0.000	22050.000	
85	Waveform 1	1	753.893668259	754.059620362	0.000	22050.000	
85	Spectrogram 1	1	753.893668259	754.059620362	0.000	22050.000	
86	Waveform 1	1	754.391524567	754.587110973	0.000	22050.000	
86	Spectrogram 1	1	754.391524567	754.587110973	0.000	22050.000	
87	Waveform 1	1	754.841965988	755.055332977	0.000	22050.000	
87	Spectrogram 1	1	754.841965988	755.055332977	0.000	22050.000	
88	Waveform 1	1	757.316865640	757.542086350	0.000	22050.000	
88	Spectrogram 1	1	757.316865640	757.542086350	0.000	22050.000	
89	Waveform 1	1	757.856209973	758.069576962	0.000	22050.000	
89	Spectrogram 1	1	757.856209973	758.069576962	0.000	22050.000	
90	Waveform 1	1	760.795932932	761.080422250	0.000	22050.000	
90	Spectrogram 1	1	760.795932932	761.080422250	0.000	22050.000	
91	Waveform 1	1	764.174542760	764.530154408	0.000	22050.000	
91	Spectrogram 1	1	764.174542760	764.530154408	0.000	22050.000	
92	Waveform 1	1	771.211711082	771.567322730	0.000	22050.000	
92	Spectrogram 1	1	771.211711082	771.567322730	0.000	22050.000	
93	Waveform 1	1	784.336064981	784.602773717	0.000	22050.000	
93	Spectrogram 1	1	784.336064981	784.602773717	0.000	22050.000	
94	Waveform 1	1	807.412760451	807.774298960	0.000	22050.000	
94	Spectrogram 1	1	807.412760451	807.774298960	0.000	22050.000	
