Selection	View	Channel	Begin Time (s)	End Time (s)	Low Freq (Hz)	High Freq (Hz)	Annotation
1	Waveform 1	1	0.000000000	0.790341107	0.000	22050.000	SAT.NA_U.nest_NA
1	Spectrogram 1	1	0.000000000	0.790341107	0.000	22050.000	SAT.NA_U.nest_NA
2	Waveform 1	1	1.366825208	1.775942958	0.000	22050.000	SAT.NA_U.nest_NA
2	Spectrogram 1	1	1.366825208	1.775942958	0.000	22050.000	SAT.NA_U.nest_NA
3	Waveform 1	1	1.841029873	2.259445753	0.000	22050.000	SAT.NA_U.nest_NA
3	Spectrogram 1	1	1.841029873	2.259445753	0.000	22050.000	SAT.NA_U.nest_NA
4	Waveform 1	1	2.640669110	3.347327041	0.000	22050.000	SAT.NA_U.nest_NA
4	Spectrogram 1	1	2.640669110	3.347327041	0.000	22050.000	SAT.NA_U.nest_NA
5	Waveform 1	1	3.561184046	4.351525153	0.000	22050.000	SAT.NA_U.nest_NA
5	Spectrogram 1	1	3.561184046	4.351525153	0.000	22050.000	SAT.NA_U.nest_NA
6	Waveform 1	1	4.407313937	5.042013209	0.000	22050.000	SAT.NA_U.nest_NA
6	Spectrogram 1	1	4.407313937	5.042013209	0.000	22050.000	SAT.NA_U.nest_NA
7	Waveform 1	1	6.356254637	6.987504456	0.000	22050.000	SAT.NA_U.nest_NA
7	Spectrogram 1	1	6.356254637	6.987504456	0.000	22050.000	SAT.NA_U.nest_NA
8	Waveform 1	1	10.611298484	11.296511504	0.000	22050.000	SAT.NA_U.nest_NA
8	Spectrogram 1	1	10.611298484	11.296511504	0.000	22050.000	SAT.NA_U.nest_NA
9	Waveform 1	1	11.391744500	12.049084448	0.000	22050.000	SAT.NA_U.nest_NA
9	Spectrogram 1	1	11.391744500	12.049084448	0.000	22050.000	SAT.NA_U.nest_NA
10	Waveform 1	1	12.083925788	12.666937544	0.000	22050.000	SAT.NA_U.nest_NA
10	Spectrogram 1	1	12.083925788	12.666937544	0.000	22050.000	SAT.NA_U.nest_NA
11	Waveform 1	1	13.591394432	14.223184064	0.000	22050.000	SAT.NA_U.nest_NA
11	Spectrogram 1	1	13.591394432	14.223184064	0.000	22050.000	SAT.NA_U.nest_NA
12	Waveform 1	1	14.258025404	14.866587476	0.000	22050.000	SAT.NA_U.nest_NA
12	Spectrogram 1	1	14.258025404	14.866587476	0.000	22050.000	SAT.NA_U.nest_NA
13	Waveform 1	1	14.899106060	15.677229320	0.000	22050.000	SAT.NA_U.nest_NA
13	Spectrogram 1	1	14.899106060	15.677229320	0.000	22050.000	SAT.NA_U.nest_NA
14	Waveform 1	1	15.753880268	16.441416044	0.000	22050.000	SAT.NA_U.nest_NA
14	Spectrogram 1	1	15.753880268	16.441416044	0.000	22050.000	SAT.NA_U.nest_NA
15	Waveform 1	1	16.497162188	17.063914652	0.000	22050.000	SAT.NA_U.nest_NA
15	Spectrogram 1	1	16.497162188	17.063914652	0.000	22050.000	SAT.NA_U.nest_NA
16	Waveform 1	1	17.091787724	17.586534752	0.000	22050.000	SAT.NA_U.nest_NA
16	Spectrogram 1	1	17.091787724	17.586534752	0.000	22050.000	SAT.NA_U.nest_NA
17	Waveform 1	1	17.612085068	18.090572804	0.000	22050.000	SAT.NA_U.nest_NA
17	Spectrogram 1	1	17.612085068	18.090572804	0.000	22050.000	SAT.NA_U.nest_NA
18	Waveform 1	1	18.123091388	18.550478492	0.000	22050.000	SAT.NA_U.nest_NA
18	Spectrogram 1	1	18.123091388	18.550478492	0.000	22050.000	SAT.NA_U.nest_NA
19	Waveform 1	1	18.582997076	19.031288984	0.000	22050.000	SAT.NA_U.nest_NA
19	Spectrogram 1	1	18.582997076	19.031288984	0.000	22050.000	SAT.NA_U.nest_NA
20	Waveform 1	1	19.637528300	20.199635252	0.000	22050.000	SAT.NA_U.nest_NA
20	Spectrogram 1	1	19.637528300	20.199635252	0.000	22050.000	SAT.NA_U.nest_NA
21	Waveform 1	1	21.089250800	21.693167360	0.000	22050.000	SAT.NA_U.nest_NA
21	Spectrogram 1	1	21.089250800	21.693167360	0.000	22050.000	SAT.NA_U.nest_NA
22	Waveform 1	1	21.758204528	22.473613376	0.000	22050.000	SAT.NA_U.nest_NA
22	Spectrogram 1	1	21.758204528	22.473613376	0.000	22050.000	SAT.NA_U.nest_NA
23	Waveform 1	1	23.202958760	24.029859896	0.000	22050.000	SAT.NA_U.nest_NA
23	Spectrogram 1	1	23.202958760	24.029859896	0.000	22050.000	SAT.NA_U.nest_NA
24	Waveform 1	1	24.763850792	25.246984040	0.000	22050.000	SAT.NA_U.nest_NA
24	Spectrogram 1	1	24.763850792	25.246984040	0.000	22050.000	SAT.NA_U.nest_NA
25	Waveform 1	1	25.260920576	25.558233344	0.000	22050.000	SAT.NA_U.nest_NA
25	Spectrogram 1	1	25.260920576	25.558233344	0.000	22050.000	SAT.NA_U.nest_NA
26	Waveform 1	1	25.574492636	25.915937768	0.000	22050.000	SAT.NA_U.nest_NA
26	Spectrogram 1	1	25.574492636	25.915937768	0.000	22050.000	SAT.NA_U.nest_NA
27	Waveform 1	1	25.932197060	26.357261408	0.000	22050.000	SAT.NA_U.nest_NA
27	Spectrogram 1	1	25.932197060	26.357261408	0.000	22050.000	SAT.NA_U.nest_NA
28	Waveform 1	1	26.392102748	26.954209700	0.000	22050.000	SAT.NA_U.nest_NA
28	Spectrogram 1	1	26.392102748	26.954209700	0.000	22050.000	SAT.NA_U.nest_NA
29	Waveform 1	1	29.177087192	29.943596672	0.000	22050.000	SAT.NA_U.nest_NA
29	Spectrogram 1	1	29.177087192	29.943596672	0.000	22050.000	SAT.NA_U.nest_NA
30	Waveform 1	1	30.013279352	30.517317404	0.000	22050.000	SAT.NA_U.nest_NA
30	Spectrogram 1	1	30.013279352	30.517317404	0.000	22050.000	SAT.NA_U.nest_NA
31	Waveform 1	1	30.535899452	30.756561272	0.000	22050.000	SAT.NA_U.nest_NA
31	Spectrogram 1	1	30.535899452	30.756561272	0.000	22050.000	SAT.NA_U.nest_NA
32	Waveform 1	1	30.779788832	31.156075304	0.000	22050.000	SAT.NA_U.nest_NA
32	Spectrogram 1	1	30.779788832	31.156075304	0.000	22050.000	SAT.NA_U.nest_NA
33	Waveform 1	1	32.477723468	33.239587436	0.000	22050.000	SAT.NA_U.nest_NA
33	Spectrogram 1	1	32.477723468	33.239587436	0.000	22050.000	SAT.NA_U.nest_NA
34	Waveform 1	1	33.318561140	33.917832188	0.000	22050.000	SAT.NA_U.nest_NA
34	Spectrogram 1	1	33.318561140	33.917832188	0.000	22050.000	SAT.NA_U.nest_NA
35	Waveform 1	1	34.816738759	35.039723335	0.000	22050.000	SAT.NA_U.nest_NA
35	Spectrogram 1	1	34.816738759	35.039723335	0.000	22050.000	SAT.NA_U.nest_NA
36	Waveform 1	1	38.795619787	39.125451139	0.000	22050.000	SAT.NA_U.nest_NA
36	Spectrogram 1	1	38.795619787	39.125451139	0.000	22050.000	SAT.NA_U.nest_NA
37	Waveform 1	1	39.137064919	39.499414855	0.000	22050.000	SAT.NA_U.nest_NA
37	Spectrogram 1	1	39.137064919	39.499414855	0.000	22050.000	SAT.NA_U.nest_NA
38	Waveform 1	1	39.524965171	39.963966055	0.000	22050.000	SAT.NA_U.nest_NA
38	Spectrogram 1	1	39.524965171	39.963966055	0.000	22050.000	SAT.NA_U.nest_NA
39	Waveform 1	1	40.636900977	41.333294061	0.000	22050.000	SAT.NA_U.nest_NA
39	Spectrogram 1	1	40.636900977	41.333294061	0.000	22050.000	SAT.NA_U.nest_NA
40	Waveform 1	1	43.391006340	43.881114515	0.000	22050.000	SAT.NA_U.nest_NA
40	Spectrogram 1	1	43.391006340	43.881114515	0.000	22050.000	SAT.NA_U.nest_NA
41	Waveform 1	1	43.959925880	44.486976882	0.000	22050.000	SAT.NA_U.nest_NA
41	Spectrogram 1	1	43.959925880	44.486976882	0.000	22050.000	SAT.NA_U.nest_NA
42	Waveform 1	1	46.228215472	46.762655040	0.000	22050.000	SAT.NA_U.nest_NA
42	Spectrogram 1	1	46.228215472	46.762655040	0.000	22050.000	SAT.NA_U.nest_NA
43	Waveform 1	1	46.903037783	47.154249009	0.000	22050.000	SAT.NA_U.nest_NA
43	Spectrogram 1	1	46.903037783	47.154249009	0.000	22050.000	SAT.NA_U.nest_NA
44	Waveform 1	1	47.410385944	48.297013798	0.000	22050.000	SAT.NA_U.nest_NA
44	Spectrogram 1	1	47.410385944	48.297013798	0.000	22050.000	SAT.NA_U.nest_NA
45	Waveform 1	1	48.338882336	48.723087739	0.000	22050.000	SAT.NA_U.nest_NA
45	Spectrogram 1	1	48.338882336	48.723087739	0.000	22050.000	SAT.NA_U.nest_NA
46	Waveform 1	1	49.410224326	50.410143517	0.000	22050.000	SAT.NA_U.nest_NA
46	Spectrogram 1	1	49.410224326	50.410143517	0.000	22050.000	SAT.NA_U.nest_NA
47	Waveform 1	1	50.585006232	51.429765548	0.000	22050.000	SAT.NA_U.nest_NA
47	Spectrogram 1	1	50.585006232	51.429765548	0.000	22050.000	SAT.NA_U.nest_NA
48	Waveform 1	1	51.474096941	51.784416690	0.000	22050.000	SAT.NA_U.nest_NA
48	Spectrogram 1	1	51.474096941	51.784416690	0.000	22050.000	SAT.NA_U.nest_NA
49	Waveform 1	1	52.102125004	53.459158192	0.000	22050.000	SAT.NA_U.nest_NA
49	Spectrogram 1	1	52.102125004	53.459158192	0.000	22050.000	SAT.NA_U.nest_NA
50	Waveform 1	1	53.757163665	54.540351602	0.000	22050.000	SAT.NA_U.nest_NA
50	Spectrogram 1	1	53.757163665	54.540351602	0.000	22050.000	SAT.NA_U.nest_NA
51	Waveform 1	1	55.099419721	55.941716183	0.000	22050.000	SAT.NA_U.nest_NA
51	Spectrogram 1	1	55.099419721	55.941716183	0.000	22050.000	SAT.NA_U.nest_NA
52	Waveform 1	1	58.024694511	58.598129684	0.000	22050.000	SAT.NA_U.nest_NA
52	Spectrogram 1	1	58.024694511	58.598129684	0.000	22050.000	SAT.NA_U.nest_NA
53	Waveform 1	1	58.619280982	59.397178697	0.000	22050.000	SAT.NA_U.nest_NA
53	Spectrogram 1	1	58.619280982	59.397178697	0.000	22050.000	SAT.NA_U.nest_NA
54	Waveform 1	1	59.446531724	60.010566321	0.000	22050.000	SAT.NA_U.nest_NA
54	Spectrogram 1	1	59.446531724	60.010566321	0.000	22050.000	SAT.NA_U.nest_NA
55	Waveform 1	1	64.365383440	65.220835912	0.000	22050.000	SAT.NA_U.nest_NA
55	Spectrogram 1	1	64.365383440	65.220835912	0.000	22050.000	SAT.NA_U.nest_NA
56	Waveform 1	1	65.484052057	66.452311449	0.000	22050.000	SAT.NA_U.nest_NA
56	Spectrogram 1	1	65.484052057	66.452311449	0.000	22050.000	SAT.NA_U.nest_NA
57	Waveform 1	1	66.579219233	66.915289847	0.000	22050.000	SAT.NA_U.nest_NA
57	Spectrogram 1	1	66.579219233	66.915289847	0.000	22050.000	SAT.NA_U.nest_NA
58	Waveform 1	1	66.992844604	67.422920984	0.000	22050.000	SAT.NA_U.nest_NA
58	Spectrogram 1	1	66.992844604	67.422920984	0.000	22050.000	SAT.NA_U.nest_NA
59	Waveform 1	1	67.474624156	67.883549239	0.000	22050.000	SAT.NA_U.nest_NA
59	Spectrogram 1	1	67.474624156	67.883549239	0.000	22050.000	SAT.NA_U.nest_NA
60	Waveform 1	1	67.942302843	68.595642918	0.000	22050.000	SAT.NA_U.nest_NA
60	Spectrogram 1	1	67.942302843	68.595642918	0.000	22050.000	SAT.NA_U.nest_NA
61	Waveform 1	1	69.342988759	70.400553628	0.000	22050.000	SAT.NA_U.nest_NA
61	Spectrogram 1	1	69.342988759	70.400553628	0.000	22050.000	SAT.NA_U.nest_NA
62	Waveform 1	1	70.454606944	70.816529144	0.000	22050.000	SAT.NA_U.nest_NA
62	Spectrogram 1	1	70.454606944	70.816529144	0.000	22050.000	SAT.NA_U.nest_NA
63	Waveform 1	1	70.863532027	71.657880751	0.000	22050.000	SAT.NA_U.nest_NA
63	Spectrogram 1	1	70.863532027	71.657880751	0.000	22050.000	SAT.NA_U.nest_NA
64	Waveform 1	1	71.714284211	72.294769817	0.000	22050.000	SAT.NA_U.nest_NA
64	Spectrogram 1	1	71.714284211	72.294769817	0.000	22050.000	SAT.NA_U.nest_NA
65	Waveform 1	1	72.346472988	72.637890863	0.000	22050.000	SAT.NA_U.nest_NA
65	Spectrogram 1	1	72.346472988	72.637890863	0.000	22050.000	SAT.NA_U.nest_NA
66	Waveform 1	1	73.632001841	74.522706475	0.000	22050.000	SAT.NA_U.nest_NA
66	Spectrogram 1	1	73.632001841	74.522706475	0.000	22050.000	SAT.NA_U.nest_NA
67	Waveform 1	1	74.839975936	75.928092680	0.000	22050.000	SAT.NA_U.nest_NA
67	Spectrogram 1	1	74.839975936	75.928092680	0.000	22050.000	SAT.NA_U.nest_NA
68	Waveform 1	1	76.722441404	77.460386668	0.000	22050.000	SAT.NA_U.nest_NA
68	Spectrogram 1	1	76.722441404	77.460386668	0.000	22050.000	SAT.NA_U.nest_NA
69	Waveform 1	1	77.533241137	78.092575446	0.000	22050.000	SAT.NA_U.nest_NA
69	Spectrogram 1	1	77.533241137	78.092575446	0.000	22050.000	SAT.NA_U.nest_NA
70	Waveform 1	1	78.722414079	79.192442910	0.000	22050.000	SAT.NA_U.nest_NA
70	Spectrogram 1	1	78.722414079	79.192442910	0.000	22050.000	SAT.NA_U.nest_NA
71	Waveform 1	1	81.619585751	82.470745262	0.000	22050.000	SAT.NA_U.nest_NA
71	Spectrogram 1	1	81.619585751	82.470745262	0.000	22050.000	SAT.NA_U.nest_NA
72	Waveform 1	1	82.518196664	82.903739300	0.000	22050.000	SAT.NA_U.nest_NA
72	Spectrogram 1	1	82.518196664	82.903739300	0.000	22050.000	SAT.NA_U.nest_NA
73	Waveform 1	1	82.939327851	83.754898811	0.000	22050.000	SAT.NA_U.nest_NA
73	Spectrogram 1	1	82.939327851	83.754898811	0.000	22050.000	SAT.NA_U.nest_NA
74	Waveform 1	1	83.790487362	84.348041328	0.000	22050.000	SAT.NA_U.nest_NA
74	Spectrogram 1	1	83.790487362	84.348041328	0.000	22050.000	SAT.NA_U.nest_NA
75	Waveform 1	1	88.262781940	88.849993031	0.000	22050.000	SAT.NA_U.nest_NA
75	Spectrogram 1	1	88.262781940	88.849993031	0.000	22050.000	SAT.NA_U.nest_NA
76	Waveform 1	1	88.897444433	89.452032686	0.000	22050.000	SAT.NA_U.nest_NA
76	Spectrogram 1	1	88.897444433	89.452032686	0.000	22050.000	SAT.NA_U.nest_NA
77	Waveform 1	1	91.530997208	91.880951293	0.000	22050.000	SAT.NA_U.nest_NA
77	Spectrogram 1	1	91.530997208	91.880951293	0.000	22050.000	SAT.NA_U.nest_NA
78	Waveform 1	1	91.919505556	92.331739606	0.000	22050.000	SAT.NA_U.nest_NA
78	Spectrogram 1	1	91.919505556	92.331739606	0.000	22050.000	SAT.NA_U.nest_NA
79	Waveform 1	1	92.438505259	93.168070554	0.000	22050.000	SAT.NA_U.nest_NA
79	Spectrogram 1	1	92.438505259	93.168070554	0.000	22050.000	SAT.NA_U.nest_NA
80	Waveform 1	1	101.593772629	102.213193611	0.000	22050.000	SAT.NA_U.nest_NA
80	Spectrogram 1	1	101.593772629	102.213193611	0.000	22050.000	SAT.NA_U.nest_NA
81	Waveform 1	1	102.257791922	102.758284076	0.000	22050.000	SAT.NA_U.nest_NA
81	Spectrogram 1	1	102.257791922	102.758284076	0.000	22050.000	SAT.NA_U.nest_NA
82	Waveform 1	1	102.802882387	103.273642334	0.000	22050.000	SAT.NA_U.nest_NA
82	Spectrogram 1	1	102.802882387	103.273642334	0.000	22050.000	SAT.NA_U.nest_NA
83	Waveform 1	1	103.318240645	103.689893235	0.000	22050.000	SAT.NA_U.nest_NA
83	Spectrogram 1	1	103.318240645	103.689893235	0.000	22050.000	SAT.NA_U.nest_NA
84	Waveform 1	1	103.709714706	104.121010239	0.000	22050.000	SAT.NA_U.nest_NA
84	Spectrogram 1	1	103.709714706	104.121010239	0.000	22050.000	SAT.NA_U.nest_NA
85	Waveform 1	1	110.513434781	111.559017400	0.000	22050.000	SAT.NA_U.nest_NA
85	Spectrogram 1	1	110.513434781	111.559017400	0.000	22050.000	SAT.NA_U.nest_NA
86	Waveform 1	1	198.832319284	199.331349436	0.000	22050.000	SAT.NA_U.nest_NA
86	Spectrogram 1	1	198.832319284	199.331349436	0.000	22050.000	SAT.NA_U.nest_NA
87	Waveform 1	1	200.675272221	201.238533976	0.000	22050.000	SAT.NA_U.nest_NA
87	Spectrogram 1	1	200.675272221	201.238533976	0.000	22050.000	SAT.NA_U.nest_NA
88	Waveform 1	1	201.446051465	202.004372328	0.000	22050.000	SAT.NA_U.nest_NA
88	Spectrogram 1	1	201.446051465	202.004372328	0.000	22050.000	SAT.NA_U.nest_NA
89	Waveform 1	1	471.774585498	472.262824419	0.000	22050.000	SAT.NA_U.nest_NA
89	Spectrogram 1	1	471.774585498	472.262824419	0.000	22050.000	SAT.NA_U.nest_NA
90	Waveform 1	1	472.273438308	472.591854996	0.000	22050.000	SAT.NA_U.nest_NA
90	Spectrogram 1	1	472.273438308	472.591854996	0.000	22050.000	SAT.NA_U.nest_NA
91	Waveform 1	1	472.605122358	472.984568911	0.000	22050.000	SAT.NA_U.nest_NA
91	Spectrogram 1	1	472.605122358	472.984568911	0.000	22050.000	SAT.NA_U.nest_NA
92	Waveform 1	1	473.273797402	473.658550900	0.000	22050.000	SAT.NA_U.nest_NA
92	Spectrogram 1	1	473.273797402	473.658550900	0.000	22050.000	SAT.NA_U.nest_NA
93	Waveform 1	1	479.910131868	480.743322201	0.000	22050.000	SAT.NA_U.nest_NA
93	Spectrogram 1	1	479.910131868	480.743322201	0.000	22050.000	SAT.NA_U.nest_NA
94	Waveform 1	1	482.011682006	483.147368192	0.000	22050.000	SAT.NA_U.nest_NA
94	Spectrogram 1	1	482.011682006	483.147368192	0.000	22050.000	SAT.NA_U.nest_NA
95	Waveform 1	1	483.258814033	483.789508513	0.000	22050.000	SAT.NA_U.nest_NA
95	Spectrogram 1	1	483.258814033	483.789508513	0.000	22050.000	SAT.NA_U.nest_NA
96	Waveform 1	1	494.090288359	494.398091157	0.000	22050.000	SAT.NA_U.nest_NA
96	Spectrogram 1	1	494.090288359	494.398091157	0.000	22050.000	SAT.NA_U.nest_NA
97	Waveform 1	1	494.435239771	494.833260630	0.000	22050.000	SAT.NA_U.nest_NA
97	Spectrogram 1	1	494.435239771	494.833260630	0.000	22050.000	SAT.NA_U.nest_NA
98	Waveform 1	1	496.234294056	496.982573272	0.000	22050.000	SAT.NA_U.nest_NA
98	Spectrogram 1	1	496.234294056	496.982573272	0.000	22050.000	SAT.NA_U.nest_NA
99	Waveform 1	1	530.840881061	531.483021382	0.000	22050.000	SAT.NA_U.nest_NA
99	Spectrogram 1	1	530.840881061	531.483021382	0.000	22050.000	SAT.NA_U.nest_NA
100	Waveform 1	1	533.441284011	534.035661828	0.000	22050.000	SAT.NA_U.nest_NA
100	Spectrogram 1	1	533.441284011	534.035661828	0.000	22050.000	SAT.NA_U.nest_NA
101	Waveform 1	1	538.206920436	538.716387137	0.000	22050.000	SAT.NA_U.nest_NA
101	Spectrogram 1	1	538.206920436	538.716387137	0.000	22050.000	SAT.NA_U.nest_NA
102	Waveform 1	1	538.811912143	539.125021886	0.000	22050.000	SAT.NA_U.nest_NA
102	Spectrogram 1	1	538.811912143	539.125021886	0.000	22050.000	SAT.NA_U.nest_NA
103	Waveform 1	1	539.231160782	539.634488586	0.000	22050.000	SAT.NA_U.nest_NA
103	Spectrogram 1	1	539.231160782	539.634488586	0.000	22050.000	SAT.NA_U.nest_NA
104	Waveform 1	1	541.353938699	542.165901253	0.000	22050.000	SAT.NA_U.nest_NA
104	Spectrogram 1	1	541.353938699	542.165901253	0.000	22050.000	SAT.NA_U.nest_NA
105	Waveform 1	1	542.245505425	542.585149892	0.000	22050.000	SAT.NA_U.nest_NA
105	Spectrogram 1	1	542.245505425	542.585149892	0.000	22050.000	SAT.NA_U.nest_NA
106	Waveform 1	1	547.016448795	547.785955791	0.000	22050.000	SAT.NA_U.nest_NA
106	Spectrogram 1	1	547.016448795	547.785955791	0.000	22050.000	SAT.NA_U.nest_NA
107	Waveform 1	1	550.890518495	551.463668533	0.000	22050.000	SAT.NA_U.nest_NA
107	Spectrogram 1	1	550.890518495	551.463668533	0.000	22050.000	SAT.NA_U.nest_NA
108	Waveform 1	1	551.490203257	552.079274129	0.000	22050.000	SAT.NA_U.nest_NA
108	Spectrogram 1	1	551.490203257	552.079274129	0.000	22050.000	SAT.NA_U.nest_NA
109	Waveform 1	1	559.747809358	560.368721898	0.000	22050.000	SAT.NA_U.nest_NA
109	Spectrogram 1	1	559.747809358	560.368721898	0.000	22050.000	SAT.NA_U.nest_NA
110	Waveform 1	1	560.915337212	561.361120575	0.000	22050.000	SAT.NA_U.nest_NA
110	Spectrogram 1	1	560.915337212	561.361120575	0.000	22050.000	SAT.NA_U.nest_NA
111	Waveform 1	1	563.913761021	564.895545808	0.000	22050.000	SAT.NA_U.nest_NA
111	Spectrogram 1	1	563.913761021	564.895545808	0.000	22050.000	SAT.NA_U.nest_NA
112	Waveform 1	1	567.299591800	567.984187679	0.000	22050.000	SAT.NA_U.nest_NA
112	Spectrogram 1	1	567.299591800	567.984187679	0.000	22050.000	SAT.NA_U.nest_NA
113	Waveform 1	1	568.026643237	568.822684956	0.000	22050.000	SAT.NA_U.nest_NA
113	Spectrogram 1	1	568.026643237	568.822684956	0.000	22050.000	SAT.NA_U.nest_NA
114	Waveform 1	1	571.285107341	572.112990729	0.000	22050.000	SAT.NA_U.nest_NA
114	Spectrogram 1	1	571.285107341	572.112990729	0.000	22050.000	SAT.NA_U.nest_NA
115	Waveform 1	1	573.614856106	573.938579738	0.000	22050.000	SAT.NA_U.nest_NA
115	Spectrogram 1	1	573.614856106	573.938579738	0.000	22050.000	SAT.NA_U.nest_NA
116	Waveform 1	1	587.402298682	588.108122340	0.000	22050.000	SAT.NA_U.nest_NA
116	Spectrogram 1	1	587.402298682	588.108122340	0.000	22050.000	SAT.NA_U.nest_NA
117	Waveform 1	1	588.182419567	588.686579322	0.000	22050.000	SAT.NA_U.nest_NA
117	Spectrogram 1	1	588.182419567	588.686579322	0.000	22050.000	SAT.NA_U.nest_NA
118	Waveform 1	1	589.641829385	590.719139179	0.000	22050.000	SAT.NA_U.nest_NA
118	Spectrogram 1	1	589.641829385	590.719139179	0.000	22050.000	SAT.NA_U.nest_NA
119	Waveform 1	1	602.983488599	603.291291397	0.000	22050.000	SAT.NA_U.nest_NA
119	Spectrogram 1	1	602.983488599	603.291291397	0.000	22050.000	SAT.NA_U.nest_NA
120	Waveform 1	1	603.386816403	603.705233091	0.000	22050.000	SAT.NA_U.nest_NA
120	Spectrogram 1	1	603.386816403	603.705233091	0.000	22050.000	SAT.NA_U.nest_NA
121	Waveform 1	1	604.885493479	605.351832856	0.000	22050.000	SAT.NA_U.nest_NA
121	Spectrogram 1	1	604.885493479	605.351832856	0.000	22050.000	SAT.NA_U.nest_NA
122	Waveform 1	1	605.363790276	605.627773316	0.000	22050.000	SAT.NA_U.nest_NA
122	Spectrogram 1	1	605.363790276	605.627773316	0.000	22050.000	SAT.NA_U.nest_NA
123	Waveform 1	1	645.601040528	646.244441743	0.000	22050.000	SAT.NA_U.nest_NA
123	Spectrogram 1	1	645.601040528	646.244441743	0.000	22050.000	SAT.NA_U.nest_NA
124	Waveform 1	1	646.621148154	647.564581024	0.000	22050.000	SAT.NA_U.nest_NA
124	Spectrogram 1	1	646.621148154	647.564581024	0.000	22050.000	SAT.NA_U.nest_NA
125	Waveform 1	1	649.204754070	649.678137348	0.000	22050.000	SAT.NA_U.nest_NA
125	Spectrogram 1	1	649.204754070	649.678137348	0.000	22050.000	SAT.NA_U.nest_NA
126	Waveform 1	1	651.281639858	651.931708443	0.000	22050.000	SAT.NA_U.nest_NA
126	Spectrogram 1	1	651.281639858	651.931708443	0.000	22050.000	SAT.NA_U.nest_NA
127	Waveform 1	1	652.831803408	653.715229947	0.000	22050.000	SAT.NA_U.nest_NA
127	Spectrogram 1	1	652.831803408	653.715229947	0.000	22050.000	SAT.NA_U.nest_NA
128	Waveform 1	1	654.922023936	655.502085135	0.000	22050.000	SAT.NA_U.nest_NA
128	Spectrogram 1	1	654.922023936	655.502085135	0.000	22050.000	SAT.NA_U.nest_NA
129	Waveform 1	1	655.585427261	655.862123121	0.000	22050.000	SAT.NA_U.nest_NA
129	Spectrogram 1	1	655.585427261	655.862123121	0.000	22050.000	SAT.NA_U.nest_NA
130	Waveform 1	1	676.700988385	677.307719065	0.000	22050.000	SAT.NA_U.nest_NA
130	Spectrogram 1	1	676.700988385	677.307719065	0.000	22050.000	SAT.NA_U.nest_NA
131	Waveform 1	1	679.114576363	679.907993406	0.000	22050.000	SAT.NA_U.nest_NA
131	Spectrogram 1	1	679.114576363	679.907993406	0.000	22050.000	SAT.NA_U.nest_NA
132	Waveform 1	1	681.134789505	681.848198107	0.000	22050.000	SAT.NA_U.nest_NA
132	Spectrogram 1	1	681.134789505	681.848198107	0.000	22050.000	SAT.NA_U.nest_NA
133	Waveform 1	1	687.032078363	687.848831201	0.000	22050.000	SAT.NA_U.nest_NA
133	Spectrogram 1	1	687.032078363	687.848831201	0.000	22050.000	SAT.NA_U.nest_NA
134	Waveform 1	1	692.099279644	692.802687190	0.000	22050.000	SAT.NA_U.nest_NA
134	Spectrogram 1	1	692.099279644	692.802687190	0.000	22050.000	SAT.NA_U.nest_NA
135	Waveform 1	1	701.333587240	701.760298926	0.000	22050.000	SAT.NA_U.nest_NA
135	Spectrogram 1	1	701.333587240	701.760298926	0.000	22050.000	SAT.NA_U.nest_NA
136	Waveform 1	1	702.123670597	702.680396001	0.000	22050.000	SAT.NA_U.nest_NA
136	Spectrogram 1	1	702.123670597	702.680396001	0.000	22050.000	SAT.NA_U.nest_NA
137	Waveform 1	1	702.990428711	703.620495186	0.000	22050.000	SAT.NA_U.nest_NA
137	Spectrogram 1	1	702.990428711	703.620495186	0.000	22050.000	SAT.NA_U.nest_NA
138	Waveform 1	1	703.717172052	704.210557440	0.000	22050.000	SAT.NA_U.nest_NA
138	Spectrogram 1	1	703.717172052	704.210557440	0.000	22050.000	SAT.NA_U.nest_NA
139	Waveform 1	1	707.597581454	708.070964731	0.000	22050.000	SAT.NA_U.nest_NA
139	Spectrogram 1	1	707.597581454	708.070964731	0.000	22050.000	SAT.NA_U.nest_NA
140	Waveform 1	1	708.077632101	708.441003772	0.000	22050.000	SAT.NA_U.nest_NA
140	Spectrogram 1	1	708.077632101	708.441003772	0.000	22050.000	SAT.NA_U.nest_NA
141	Waveform 1	1	708.464339567	708.981060751	0.000	22050.000	SAT.NA_U.nest_NA
141	Spectrogram 1	1	708.464339567	708.981060751	0.000	22050.000	SAT.NA_U.nest_NA
142	Waveform 1	1	713.958252534	714.614988490	0.000	22050.000	SAT.NA_U.nest_NA
142	Spectrogram 1	1	713.958252534	714.614988490	0.000	22050.000	SAT.NA_U.nest_NA
144	Waveform 1	1	714.698330616	715.061702287	0.000	22050.000	SAT.NA_U.nest_NA
144	Spectrogram 1	1	714.698330616	715.061702287	0.000	22050.000	SAT.NA_U.nest_NA
145	Waveform 1	1	715.455077123	716.145149929	0.000	22050.000	SAT.NA_U.nest_NA
145	Spectrogram 1	1	715.455077123	716.145149929	0.000	22050.000	SAT.NA_U.nest_NA
146	Waveform 1	1	719.935549834	720.505609978	0.000	22050.000	SAT.NA_U.nest_NA
146	Spectrogram 1	1	719.935549834	720.505609978	0.000	22050.000	SAT.NA_U.nest_NA
147	Waveform 1	1	720.542280513	721.035665901	0.000	22050.000	SAT.NA_U.nest_NA
147	Spectrogram 1	1	720.542280513	721.035665901	0.000	22050.000	SAT.NA_U.nest_NA
148	Waveform 1	1	723.199227500	723.812625550	0.000	22050.000	SAT.NA_U.nest_NA
148	Spectrogram 1	1	723.199227500	723.812625550	0.000	22050.000	SAT.NA_U.nest_NA
149	Waveform 1	1	723.832627660	724.436024655	0.000	22050.000	SAT.NA_U.nest_NA
149	Spectrogram 1	1	723.832627660	724.436024655	0.000	22050.000	SAT.NA_U.nest_NA
150	Waveform 1	1	729.196526910	729.779921795	0.000	22050.000	SAT.NA_U.nest_NA
150	Spectrogram 1	1	729.196526910	729.779921795	0.000	22050.000	SAT.NA_U.nest_NA
151	Waveform 1	1	730.593340947	730.926709453	0.000	22050.000	SAT.NA_U.nest_NA
151	Spectrogram 1	1	730.593340947	730.926709453	0.000	22050.000	SAT.NA_U.nest_NA
152	Waveform 1	1	731.410093785	731.953484449	0.000	22050.000	SAT.NA_U.nest_NA
152	Spectrogram 1	1	731.410093785	731.953484449	0.000	22050.000	SAT.NA_U.nest_NA
153	Waveform 1	1	732.626888830	733.176946863	0.000	22050.000	SAT.NA_U.nest_NA
153	Spectrogram 1	1	732.626888830	733.176946863	0.000	22050.000	SAT.NA_U.nest_NA
154	Waveform 1	1	737.714092220	738.537512428	0.000	22050.000	SAT.NA_U.nest_NA
154	Spectrogram 1	1	737.714092220	738.537512428	0.000	22050.000	SAT.NA_U.nest_NA
155	Waveform 1	1	738.717531421	739.350931581	0.000	22050.000	SAT.NA_U.nest_NA
155	Spectrogram 1	1	738.717531421	739.350931581	0.000	22050.000	SAT.NA_U.nest_NA
157	Waveform 1	1	740.527722404	741.281135226	0.000	22050.000	SAT.NA_U.nest_NA
157	Spectrogram 1	1	740.527722404	741.281135226	0.000	22050.000	SAT.NA_U.nest_NA
158	Waveform 1	1	741.997877513	742.537934491	0.000	22050.000	SAT.NA_U.nest_NA
158	Spectrogram 1	1	741.997877513	742.537934491	0.000	22050.000	SAT.NA_U.nest_NA
159	Waveform 1	1	744.434801286	744.844844548	0.000	22050.000	SAT.NA_U.nest_NA
159	Spectrogram 1	1	744.434801286	744.844844548	0.000	22050.000	SAT.NA_U.nest_NA
160	Waveform 1	1	745.734938457	746.435012318	0.000	22050.000	SAT.NA_U.nest_NA
160	Spectrogram 1	1	745.734938457	746.435012318	0.000	22050.000	SAT.NA_U.nest_NA
161	Waveform 1	1	747.325106227	747.761818969	0.000	22050.000	SAT.NA_U.nest_NA
161	Spectrogram 1	1	747.325106227	747.761818969	0.000	22050.000	SAT.NA_U.nest_NA
162	Waveform 1	1	748.331879113	748.705251839	0.000	22050.000	SAT.NA_U.nest_NA
162	Spectrogram 1	1	748.331879113	748.705251839	0.000	22050.000	SAT.NA_U.nest_NA
163	Waveform 1	1	748.881937147	749.545340472	0.000	22050.000	SAT.NA_U.nest_NA
163	Spectrogram 1	1	748.881937147	749.545340472	0.000	22050.000	SAT.NA_U.nest_NA
164	Waveform 1	1	749.975385844	750.535444933	0.000	22050.000	SAT.NA_U.nest_NA
164	Spectrogram 1	1	749.975385844	750.535444933	0.000	22050.000	SAT.NA_U.nest_NA
165	Waveform 1	1	750.735466036	751.192180888	0.000	22050.000	SAT.NA_U.nest_NA
165	Spectrogram 1	1	750.735466036	751.192180888	0.000	22050.000	SAT.NA_U.nest_NA
166	Waveform 1	1	757.236151889	757.649528835	0.000	22050.000	SAT.NA_U.nest_NA
166	Spectrogram 1	1	757.236151889	757.649528835	0.000	22050.000	SAT.NA_U.nest_NA
167	Waveform 1	1	757.719536221	758.266260570	0.000	22050.000	SAT.NA_U.nest_NA
167	Spectrogram 1	1	757.719536221	758.266260570	0.000	22050.000	SAT.NA_U.nest_NA
168	Waveform 1	1	759.496390354	759.899766246	0.000	22050.000	SAT.NA_U.nest_NA
168	Spectrogram 1	1	759.496390354	759.899766246	0.000	22050.000	SAT.NA_U.nest_NA
169	Waveform 1	1	762.933419644	763.236784984	0.000	22050.000	SAT.NA_U.nest_NA
169	Spectrogram 1	1	762.933419644	763.236784984	0.000	22050.000	SAT.NA_U.nest_NA
170	Waveform 1	1	763.250119724	763.536816638	0.000	22050.000	SAT.NA_U.nest_NA
170	Spectrogram 1	1	763.250119724	763.536816638	0.000	22050.000	SAT.NA_U.nest_NA
171	Waveform 1	1	763.553485064	763.863517774	0.000	22050.000	SAT.NA_U.nest_NA
171	Spectrogram 1	1	763.553485064	763.863517774	0.000	22050.000	SAT.NA_U.nest_NA
172	Waveform 1	1	763.873518829	764.233556814	0.000	22050.000	SAT.NA_U.nest_NA
172	Spectrogram 1	1	763.873518829	764.233556814	0.000	22050.000	SAT.NA_U.nest_NA
173	Waveform 1	1	764.273561035	764.590261115	0.000	22050.000	SAT.NA_U.nest_NA
173	Spectrogram 1	1	764.273561035	764.590261115	0.000	22050.000	SAT.NA_U.nest_NA
174	Waveform 1	1	765.213660220	765.577031891	0.000	22050.000	SAT.NA_U.nest_NA
174	Spectrogram 1	1	765.213660220	765.577031891	0.000	22050.000	SAT.NA_U.nest_NA
175	Waveform 1	1	768.427332611	769.064066456	0.000	22050.000	SAT.NA_U.nest_NA
175	Spectrogram 1	1	768.427332611	769.064066456	0.000	22050.000	SAT.NA_U.nest_NA
176	Waveform 1	1	769.080734881	769.520781308	0.000	22050.000	SAT.NA_U.nest_NA
176	Spectrogram 1	1	769.080734881	769.520781308	0.000	22050.000	SAT.NA_U.nest_NA
177	Waveform 1	1	769.537449733	769.984163530	0.000	22050.000	SAT.NA_U.nest_NA
177	Spectrogram 1	1	769.537449733	769.984163530	0.000	22050.000	SAT.NA_U.nest_NA
178	Waveform 1	1	770.047503546	770.570892100	0.000	22050.000	SAT.NA_U.nest_NA
178	Spectrogram 1	1	770.047503546	770.570892100	0.000	22050.000	SAT.NA_U.nest_NA
179	Waveform 1	1	770.587560525	771.007604841	0.000	22050.000	SAT.NA_U.nest_NA
179	Spectrogram 1	1	770.587560525	771.007604841	0.000	22050.000	SAT.NA_U.nest_NA
180	Waveform 1	1	771.010938527	771.570997615	0.000	22050.000	SAT.NA_U.nest_NA
180	Spectrogram 1	1	771.010938527	771.570997615	0.000	22050.000	SAT.NA_U.nest_NA
181	Waveform 1	1	772.604439982	773.251174882	0.000	22050.000	SAT.NA_U.nest_NA
181	Spectrogram 1	1	772.604439982	773.251174882	0.000	22050.000	SAT.NA_U.nest_NA
182	Waveform 1	1	773.284511732	773.754561325	0.000	22050.000	SAT.NA_U.nest_NA
182	Spectrogram 1	1	773.284511732	773.754561325	0.000	22050.000	SAT.NA_U.nest_NA
183	Waveform 1	1	785.802499105	786.002520209	0.000	22050.000	SAT.NA_U.nest_NA
183	Spectrogram 1	1	785.802499105	786.002520209	0.000	22050.000	SAT.NA_U.nest_NA
184	Waveform 1	1	785.235772646	785.405790584	0.000	22050.000	SAT.NA_U.nest_NA
184	Spectrogram 1	1	785.235772646	785.405790584	0.000	22050.000	SAT.NA_U.nest_NA
185	Waveform 1	1	786.022522319	786.335888714	0.000	22050.000	SAT.NA_U.nest_NA
185	Spectrogram 1	1	786.022522319	786.335888714	0.000	22050.000	SAT.NA_U.nest_NA
186	Waveform 1	1	788.216087084	788.489449258	0.000	22050.000	SAT.NA_U.nest_NA
186	Spectrogram 1	1	788.216087084	788.489449258	0.000	22050.000	SAT.NA_U.nest_NA
187	Waveform 1	1	788.499450313	788.746143007	0.000	22050.000	SAT.NA_U.nest_NA
187	Spectrogram 1	1	788.499450313	788.746143007	0.000	22050.000	SAT.NA_U.nest_NA
188	Waveform 1	1	788.992835701	789.279532615	0.000	22050.000	SAT.NA_U.nest_NA
188	Spectrogram 1	1	788.992835701	789.279532615	0.000	22050.000	SAT.NA_U.nest_NA
189	Waveform 1	1	792.123165965	792.369858659	0.000	22050.000	SAT.NA_U.nest_NA
189	Spectrogram 1	1	792.123165965	792.369858659	0.000	22050.000	SAT.NA_U.nest_NA
190	Waveform 1	1	792.416530250	792.713228220	0.000	22050.000	SAT.NA_U.nest_NA
190	Spectrogram 1	1	792.416530250	792.713228220	0.000	22050.000	SAT.NA_U.nest_NA
191	Waveform 1	1	793.309957844	793.870016933	0.000	22050.000	SAT.NA_U.nest_NA
191	Spectrogram 1	1	793.309957844	793.870016933	0.000	22050.000	SAT.NA_U.nest_NA
192	Waveform 1	1	795.743547933	795.990240627	0.000	22050.000	SAT.NA_U.nest_NA
192	Spectrogram 1	1	795.743547933	795.990240627	0.000	22050.000	SAT.NA_U.nest_NA
193	Waveform 1	1	796.046913272	796.266936486	0.000	22050.000	SAT.NA_U.nest_NA
193	Spectrogram 1	1	796.046913272	796.266936486	0.000	22050.000	SAT.NA_U.nest_NA
194	Waveform 1	1	796.310274392	796.533631290	0.000	22050.000	SAT.NA_U.nest_NA
194	Spectrogram 1	1	796.310274392	796.533631290	0.000	22050.000	SAT.NA_U.nest_NA
195	Waveform 1	1	796.566968141	796.803659779	0.000	22050.000	SAT.NA_U.nest_NA
195	Spectrogram 1	1	796.566968141	796.803659779	0.000	22050.000	SAT.NA_U.nest_NA
196	Waveform 1	1	796.840330315	797.077021954	0.000	22050.000	SAT.NA_U.nest_NA
196	Spectrogram 1	1	796.840330315	797.077021954	0.000	22050.000	SAT.NA_U.nest_NA
197	Waveform 1	1	797.100357749	797.343716758	0.000	22050.000	SAT.NA_U.nest_NA
197	Spectrogram 1	1	797.100357749	797.343716758	0.000	22050.000	SAT.NA_U.nest_NA
198	Waveform 1	1	797.370386238	797.600410507	0.000	22050.000	SAT.NA_U.nest_NA
198	Spectrogram 1	1	797.370386238	797.600410507	0.000	22050.000	SAT.NA_U.nest_NA
199	Waveform 1	1	799.027227710	799.633958389	0.000	22050.000	SAT.NA_U.nest_NA
199	Spectrogram 1	1	799.027227710	799.633958389	0.000	22050.000	SAT.NA_U.nest_NA
201	Waveform 1	1	840.284053721	840.532181165	0.000	22050.000	SAT.NA_U.nest_NA
201	Spectrogram 1	1	840.284053721	840.532181165	0.000	22050.000	SAT.NA_U.nest_NA
202	Waveform 1	1	846.766392345	847.753554218	0.000	22050.000	SAT.NA_U.nest_NA
202	Spectrogram 1	1	846.766392345	847.753554218	0.000	22050.000	SAT.NA_U.nest_NA
