Selection	View	Channel	Begin Time (s)	End Time (s)	Low Freq (Hz)	High Freq (Hz)	Annotation
1	Waveform 1	1	53.844193381	54.056742443	0.000	22050.000	
1	Spectrogram 1	1	53.844193381	54.056742443	0.000	22050.000	
2	Waveform 1	1	54.251579084	54.508409201	0.000	22050.000	
2	Spectrogram 1	1	54.251579084	54.508409201	0.000	22050.000	
3	Waveform 1	1	56.208801698	56.509912870	0.000	22050.000	
3	Spectrogram 1	1	56.208801698	56.509912870	0.000	22050.000	
4	Waveform 1	1	222.820697850	223.166090076	0.000	22050.000	
4	Spectrogram 1	1	222.820697850	223.166090076	0.000	22050.000	
5	Waveform 1	1	223.759456208	224.078279801	0.000	22050.000	
5	Spectrogram 1	1	223.759456208	224.078279801	0.000	22050.000	
6	Waveform 1	1	231.827464362	232.190569009	0.000	22050.000	SAT.E59_NA_NA
6	Spectrogram 1	1	231.827464362	232.190569009	0.000	22050.000	SAT.E59_NA_NA
8	Waveform 1	1	238.248217283	238.531616033	0.000	22050.000	
8	Spectrogram 1	1	238.248217283	238.531616033	0.000	22050.000	
9	Waveform 1	1	369.709812269	370.267753557	0.000	22050.000	
9	Spectrogram 1	1	369.709812269	370.267753557	0.000	22050.000	
10	Waveform 1	1	373.376283592	373.686250975	0.000	22050.000	
10	Spectrogram 1	1	373.376283592	373.686250975	0.000	22050.000	
11	Waveform 1	1	396.429000633	396.836386335	0.000	22050.000	
11	Spectrogram 1	1	396.429000633	396.836386335	0.000	22050.000	
12	Waveform 1	1	398.076255865	398.483641568	0.000	22050.000	
12	Spectrogram 1	1	398.076255865	398.483641568	0.000	22050.000	
13	Waveform 1	1	400.662269455	400.963380627	0.000	22050.000	SAT.L09_NA_NA
13	Spectrogram 1	1	400.662269455	400.963380627	0.000	22050.000	SAT.L09_NA_NA
14	Waveform 1	1	403.133152304	403.425407264	0.000	22050.000	
14	Spectrogram 1	1	403.133152304	403.425407264	0.000	22050.000	
15	Waveform 1	1	403.496256952	403.877074021	0.000	22050.000	
15	Spectrogram 1	1	403.496256952	403.877074021	0.000	22050.000	
17	Waveform 1	1	431.819435942	432.160416544	0.000	22050.000	SAT.03_attempt.nest_01
17	Spectrogram 1	1	431.819435942	432.160416544	0.000	22050.000	SAT.03_attempt.nest_01
18	Waveform 1	1	436.895133068	437.109881123	0.000	22050.000	SAT.03_attempt.nest_01
18	Spectrogram 1	1	436.895133068	437.109881123	0.000	22050.000	SAT.03_attempt.nest_01
19	Waveform 1	1	437.232594298	437.414472753	0.000	22050.000	SAT.03_attempt.nest_01
19	Spectrogram 1	1	437.232594298	437.414472753	0.000	22050.000	SAT.03_attempt.nest_01
20	Waveform 1	1	437.517464168	437.721255690	0.000	22050.000	SAT.03_attempt.nest_01
20	Spectrogram 1	1	437.517464168	437.721255690	0.000	22050.000	SAT.03_attempt.nest_01
21	Waveform 1	1	440.339867185	440.699241483	0.000	22050.000	SAT.03_attempt.nest_01
21	Spectrogram 1	1	440.339867185	440.699241483	0.000	22050.000	SAT.03_attempt.nest_01
22	Waveform 1	1	444.061649040	444.226302160	0.000	22050.000	SAT.03_attempt.nest_01
22	Spectrogram 1	1	444.061649040	444.226302160	0.000	22050.000	SAT.03_attempt.nest_01
23	Waveform 1	1	444.300862064	444.425128570	0.000	22050.000	SAT.03_attempt.nest_01
23	Spectrogram 1	1	444.300862064	444.425128570	0.000	22050.000	SAT.03_attempt.nest_01
24	Waveform 1	1	444.502795136	444.611528329	0.000	22050.000	SAT.03_attempt.nest_01
24	Spectrogram 1	1	444.502795136	444.611528329	0.000	22050.000	SAT.03_attempt.nest_01
25	Waveform 1	1	444.686088232	444.813461401	0.000	22050.000	SAT.03_attempt.nest_01
25	Spectrogram 1	1	444.686088232	444.813461401	0.000	22050.000	SAT.03_attempt.nest_01
26	Waveform 1	1	444.891127967	445.030927787	0.000	22050.000	SAT.03_attempt.nest_01
26	Spectrogram 1	1	444.891127967	445.030927787	0.000	22050.000	SAT.03_attempt.nest_01
27	Waveform 1	1	445.071314401	445.223540871	0.000	22050.000	SAT.03_attempt.nest_01
27	Spectrogram 1	1	445.071314401	445.223540871	0.000	22050.000	SAT.03_attempt.nest_01
28	Waveform 1	1	445.307420762	445.437900594	0.000	22050.000	SAT.03_attempt.nest_01
28	Spectrogram 1	1	445.307420762	445.437900594	0.000	22050.000	SAT.03_attempt.nest_01
29	Waveform 1	1	445.481393871	445.602553714	0.000	22050.000	SAT.03_attempt.nest_01
29	Spectrogram 1	1	445.481393871	445.602553714	0.000	22050.000	SAT.03_attempt.nest_01
30	Waveform 1	1	445.649153654	445.788953473	0.000	22050.000	SAT.03_attempt.nest_01
30	Spectrogram 1	1	445.649153654	445.788953473	0.000	22050.000	SAT.03_attempt.nest_01
31	Waveform 1	1	445.844873401	446.034379822	0.000	22050.000	SAT.03_attempt.nest_01
31	Spectrogram 1	1	445.844873401	446.034379822	0.000	22050.000	SAT.03_attempt.nest_01
32	Waveform 1	1	452.800691074	453.148637291	0.000	22050.000	SAT.03_attempt.nest_01
32	Spectrogram 1	1	452.800691074	453.148637291	0.000	22050.000	SAT.03_attempt.nest_01
33	Waveform 1	1	455.082717802	455.550284143	0.000	22050.000	SAT.03_attempt.nest_01
33	Spectrogram 1	1	455.082717802	455.550284143	0.000	22050.000	SAT.03_attempt.nest_01
34	Waveform 1	1	455.661289102	455.802568140	0.000	22050.000	SAT.03_attempt.nest_01
34	Spectrogram 1	1	455.661289102	455.802568140	0.000	22050.000	SAT.03_attempt.nest_01
35	Waveform 1	1	455.853024940	456.007759124	0.000	22050.000	SAT.03_attempt.nest_01
35	Spectrogram 1	1	455.853024940	456.007759124	0.000	22050.000	SAT.03_attempt.nest_01
36	Waveform 1	1	456.068307284	456.519054692	0.000	22050.000	SAT.03_attempt.nest_01
36	Spectrogram 1	1	456.068307284	456.519054692	0.000	22050.000	SAT.03_attempt.nest_01
37	Waveform 1	1	456.646878584	456.784793835	0.000	22050.000	SAT.03_attempt.nest_01
37	Spectrogram 1	1	456.646878584	456.784793835	0.000	22050.000	SAT.03_attempt.nest_01
38	Waveform 1	1	456.862160928	457.417185721	0.000	22050.000	SAT.03_attempt.nest_01
38	Spectrogram 1	1	456.862160928	457.417185721	0.000	22050.000	SAT.03_attempt.nest_01
39	Waveform 1	1	475.237726214	475.361457463	0.000	22050.000	SAT.03_attempt.nest_01
39	Spectrogram 1	1	475.237726214	475.361457463	0.000	22050.000	SAT.03_attempt.nest_01
40	Waveform 1	1	475.414485142	475.591244070	0.000	22050.000	SAT.03_attempt.nest_01
40	Spectrogram 1	1	475.414485142	475.591244070	0.000	22050.000	SAT.03_attempt.nest_01
41	Waveform 1	1	475.632487820	475.856382463	0.000	22050.000	SAT.03_attempt.nest_01
41	Spectrogram 1	1	475.632487820	475.856382463	0.000	22050.000	SAT.03_attempt.nest_01
42	Waveform 1	1	476.934611926	477.182074426	0.000	22050.000	SAT.03_attempt.nest_01
42	Spectrogram 1	1	476.934611926	477.182074426	0.000	22050.000	SAT.03_attempt.nest_01
43	Waveform 1	1	477.240994069	477.411861033	0.000	22050.000	SAT.03_attempt.nest_01
43	Spectrogram 1	1	477.240994069	477.411861033	0.000	22050.000	SAT.03_attempt.nest_01
44	Waveform 1	1	477.447212819	477.688783354	0.000	22050.000	SAT.03_attempt.nest_01
44	Spectrogram 1	1	477.447212819	477.688783354	0.000	22050.000	SAT.03_attempt.nest_01
45	Waveform 1	1	477.712351211	477.936245854	0.000	22050.000	SAT.03_attempt.nest_01
45	Spectrogram 1	1	477.712351211	477.936245854	0.000	22050.000	SAT.03_attempt.nest_01
46	Waveform 1	1	477.953921747	478.207276211	0.000	22050.000	SAT.03_attempt.nest_01
46	Spectrogram 1	1	477.953921747	478.207276211	0.000	22050.000	SAT.03_attempt.nest_01
47	Waveform 1	1	482.803008350	483.121174421	0.000	22050.000	SAT.03_attempt.nest_01
47	Spectrogram 1	1	482.803008350	483.121174421	0.000	22050.000	SAT.03_attempt.nest_01
48	Waveform 1	1	489.107410130	489.555199415	0.000	22050.000	SAT.03_attempt.nest_01
48	Spectrogram 1	1	489.107410130	489.555199415	0.000	22050.000	SAT.03_attempt.nest_01
49	Waveform 1	1	490.285802986	490.874999414	0.000	22050.000	SAT.03_attempt.nest_01
49	Spectrogram 1	1	490.285802986	490.874999414	0.000	22050.000	SAT.03_attempt.nest_01
50	Waveform 1	1	496.083495838	496.766963694	0.000	22050.000	SAT.03_attempt.nest_01
50	Spectrogram 1	1	496.083495838	496.766963694	0.000	22050.000	SAT.03_attempt.nest_01
51	Waveform 1	1	501.480535118	501.904756547	0.000	22050.000	SAT.03_attempt.nest_01
51	Spectrogram 1	1	501.480535118	501.904756547	0.000	22050.000	SAT.03_attempt.nest_01
52	Waveform 1	1	504.279900862	504.885184016	0.000	22050.000	SAT.03_attempt.nest_01
52	Spectrogram 1	1	504.279900862	504.885184016	0.000	22050.000	SAT.03_attempt.nest_01
53	Waveform 1	1	504.939227155	505.047313433	0.000	22050.000	SAT.03_attempt.nest_01
53	Spectrogram 1	1	504.939227155	505.047313433	0.000	22050.000	SAT.03_attempt.nest_01
54	Waveform 1	1	505.115768075	505.717448354	0.000	22050.000	SAT.03_attempt.nest_01
54	Spectrogram 1	1	505.115768075	505.717448354	0.000	22050.000	SAT.03_attempt.nest_01
55	Waveform 1	1	510.849010140	511.152451577	0.000	22050.000	SAT.03_attempt.nest_01
55	Spectrogram 1	1	510.849010140	511.152451577	0.000	22050.000	SAT.03_attempt.nest_01
56	Waveform 1	1	511.918131819	512.094477427	0.000	22050.000	SAT.03_attempt.nest_01
56	Spectrogram 1	1	511.918131819	512.094477427	0.000	22050.000	SAT.03_attempt.nest_01
57	Waveform 1	1	512.195659333	512.369114029	0.000	22050.000	SAT.03_attempt.nest_01
57	Spectrogram 1	1	512.195659333	512.369114029	0.000	22050.000	SAT.03_attempt.nest_01
58	Waveform 1	1	512.458732288	512.606168780	0.000	22050.000	SAT.03_attempt.nest_01
58	Spectrogram 1	1	512.458732288	512.606168780	0.000	22050.000	SAT.03_attempt.nest_01
59	Waveform 1	1	512.684223393	512.889478117	0.000	22050.000	SAT.03_attempt.nest_01
59	Spectrogram 1	1	512.684223393	512.889478117	0.000	22050.000	SAT.03_attempt.nest_01
60	Waveform 1	1	512.961750907	513.178569277	0.000	22050.000	SAT.03_attempt.nest_01
60	Spectrogram 1	1	512.961750907	513.178569277	0.000	22050.000	SAT.03_attempt.nest_01
61	Waveform 1	1	513.288423918	513.487896818	0.000	22050.000	SAT.03_attempt.nest_01
61	Spectrogram 1	1	513.288423918	513.487896818	0.000	22050.000	SAT.03_attempt.nest_01
62	Waveform 1	1	513.545715050	513.750969774	0.000	22050.000	SAT.03_attempt.nest_01
62	Spectrogram 1	1	513.545715050	513.750969774	0.000	22050.000	SAT.03_attempt.nest_01
63	Waveform 1	1	513.814569829	514.352279386	0.000	22050.000	SAT.03_attempt.nest_01
63	Spectrogram 1	1	513.814569829	514.352279386	0.000	22050.000	SAT.03_attempt.nest_01
64	Waveform 1	1	519.094500374	519.510656529	0.000	22050.000	SAT.03_attempt.nest_01
64	Spectrogram 1	1	519.094500374	519.510656529	0.000	22050.000	SAT.03_attempt.nest_01
65	Waveform 1	1	520.249333704	520.389786406	0.000	22050.000	SAT.03_attempt.nest_01
65	Spectrogram 1	1	520.249333704	520.389786406	0.000	22050.000	SAT.03_attempt.nest_01
66	Waveform 1	1	520.473017637	520.587460580	0.000	22050.000	SAT.03_attempt.nest_01
66	Spectrogram 1	1	520.473017637	520.587460580	0.000	22050.000	SAT.03_attempt.nest_01
67	Waveform 1	1	520.644682051	521.305329947	0.000	22050.000	SAT.03_attempt.nest_01
67	Spectrogram 1	1	520.644682051	521.305329947	0.000	22050.000	SAT.03_attempt.nest_01
68	Waveform 1	1	521.350040394	521.517951501	0.000	22050.000	SAT.03_attempt.nest_01
68	Spectrogram 1	1	521.350040394	521.517951501	0.000	22050.000	SAT.03_attempt.nest_01
69	Waveform 1	1	521.540339649	521.692579052	0.000	22050.000	SAT.03_attempt.nest_01
69	Spectrogram 1	1	521.540339649	521.692579052	0.000	22050.000	SAT.03_attempt.nest_01
70	Waveform 1	1	521.730638903	521.858251344	0.000	22050.000	SAT.03_attempt.nest_01
70	Spectrogram 1	1	521.730638903	521.858251344	0.000	22050.000	SAT.03_attempt.nest_01
71	Waveform 1	1	521.903027639	522.050789413	0.000	22050.000	SAT.03_attempt.nest_01
71	Spectrogram 1	1	521.903027639	522.050789413	0.000	22050.000	SAT.03_attempt.nest_01
72	Waveform 1	1	522.104520967	522.250043927	0.000	22050.000	SAT.03_attempt.nest_01
72	Spectrogram 1	1	522.104520967	522.250043927	0.000	22050.000	SAT.03_attempt.nest_01
73	Waveform 1	1	522.276909704	523.024673832	0.000	22050.000	SAT.03_attempt.nest_01
73	Spectrogram 1	1	522.276909704	523.024673832	0.000	22050.000	SAT.03_attempt.nest_01
74	Waveform 1	1	524.710331308	525.022291723	0.000	22050.000	SAT.03_attempt.nest_01
74	Spectrogram 1	1	524.710331308	525.022291723	0.000	22050.000	SAT.03_attempt.nest_01
75	Waveform 1	1	525.660722342	525.958172971	0.000	22050.000	SAT.03_attempt.nest_01
75	Spectrogram 1	1	525.660722342	525.958172971	0.000	22050.000	SAT.03_attempt.nest_01
76	Waveform 1	1	526.005329778	526.299152960	0.000	22050.000	SAT.03_attempt.nest_01
76	Spectrogram 1	1	526.005329778	526.299152960	0.000	22050.000	SAT.03_attempt.nest_01
77	Waveform 1	1	529.186236724	529.351961942	0.000	22050.000	SAT.03_attempt.nest_01
77	Spectrogram 1	1	529.186236724	529.351961942	0.000	22050.000	SAT.03_attempt.nest_01
78	Waveform 1	1	529.381207569	529.907628850	0.000	22050.000	SAT.03_attempt.nest_01
78	Spectrogram 1	1	529.381207569	529.907628850	0.000	22050.000	SAT.03_attempt.nest_01
79	Waveform 1	1	529.968602327	530.142462405	0.000	22050.000	SAT.03_attempt.nest_01
79	Spectrogram 1	1	529.968602327	530.142462405	0.000	22050.000	SAT.03_attempt.nest_01
80	Waveform 1	1	530.206516117	530.327760645	0.000	22050.000	SAT.03_attempt.nest_01
80	Spectrogram 1	1	530.206516117	530.327760645	0.000	22050.000	SAT.03_attempt.nest_01
81	Waveform 1	1	530.387239093	530.515346518	0.000	22050.000	SAT.03_attempt.nest_01
81	Spectrogram 1	1	530.387239093	530.515346518	0.000	22050.000	SAT.03_attempt.nest_01
82	Waveform 1	1	530.577112598	530.725808717	0.000	22050.000	SAT.03_attempt.nest_01
82	Spectrogram 1	1	530.577112598	530.725808717	0.000	22050.000	SAT.03_attempt.nest_01
83	Waveform 1	1	530.766986104	530.904244060	0.000	22050.000	SAT.03_attempt.nest_01
83	Spectrogram 1	1	530.766986104	530.904244060	0.000	22050.000	SAT.03_attempt.nest_01
84	Waveform 1	1	530.959147242	531.078104138	0.000	22050.000	SAT.03_attempt.nest_01
84	Spectrogram 1	1	530.959147242	531.078104138	0.000	22050.000	SAT.03_attempt.nest_01
85	Waveform 1	1	531.128432055	531.279415806	0.000	22050.000	SAT.03_attempt.nest_01
85	Spectrogram 1	1	531.128432055	531.279415806	0.000	22050.000	SAT.03_attempt.nest_01
86	Waveform 1	1	531.306867397	531.476152210	0.000	22050.000	SAT.03_attempt.nest_01
86	Spectrogram 1	1	531.306867397	531.476152210	0.000	22050.000	SAT.03_attempt.nest_01
87	Waveform 1	1	531.501316168	531.656875185	0.000	22050.000	SAT.03_attempt.nest_01
87	Spectrogram 1	1	531.501316168	531.656875185	0.000	22050.000	SAT.03_attempt.nest_01
88	Waveform 1	1	531.691189674	532.112114072	0.000	22050.000	SAT.03_attempt.nest_01
88	Spectrogram 1	1	531.691189674	532.112114072	0.000	22050.000	SAT.03_attempt.nest_01
89	Waveform 1	1	534.303666102	534.715439970	0.000	22050.000	SAT.03_attempt.nest_01
89	Spectrogram 1	1	534.303666102	534.715439970	0.000	22050.000	SAT.03_attempt.nest_01
90	Waveform 1	1	540.187457146	540.590080484	0.000	22050.000	SAT.03_attempt.nest_01
90	Spectrogram 1	1	540.187457146	540.590080484	0.000	22050.000	SAT.03_attempt.nest_01
91	Waveform 1	1	544.442453780	544.845077117	0.000	22050.000	SAT.03_attempt.nest_01
91	Spectrogram 1	1	544.442453780	544.845077117	0.000	22050.000	SAT.03_attempt.nest_01
92	Waveform 1	1	546.239895940	546.448852356	0.000	22050.000	SAT.03_attempt.nest_01
92	Spectrogram 1	1	546.239895940	546.448852356	0.000	22050.000	SAT.03_attempt.nest_01
93	Waveform 1	1	546.510010331	546.688387759	0.000	22050.000	SAT.03_attempt.nest_01
93	Spectrogram 1	1	546.510010331	546.688387759	0.000	22050.000	SAT.03_attempt.nest_01
94	Waveform 1	1	546.757190482	547.326724127	0.000	22050.000	SAT.03_attempt.nest_01
94	Spectrogram 1	1	546.757190482	547.326724127	0.000	22050.000	SAT.03_attempt.nest_01
95	Waveform 1	1	547.460507198	547.594290268	0.000	22050.000	SAT.03_attempt.nest_01
95	Spectrogram 1	1	547.460507198	547.594290268	0.000	22050.000	SAT.03_attempt.nest_01
96	Waveform 1	1	547.672011862	547.791779564	0.000	22050.000	SAT.03_attempt.nest_01
96	Spectrogram 1	1	547.672011862	547.791779564	0.000	22050.000	SAT.03_attempt.nest_01
97	Waveform 1	1	547.859308161	547.977801739	0.000	22050.000	SAT.03_attempt.nest_01
97	Spectrogram 1	1	547.859308161	547.977801739	0.000	22050.000	SAT.03_attempt.nest_01
98	Waveform 1	1	548.022396096	548.157453291	0.000	22050.000	SAT.03_attempt.nest_01
98	Spectrogram 1	1	548.022396096	548.157453291	0.000	22050.000	SAT.03_attempt.nest_01
99	Waveform 1	1	548.191854652	548.337104844	0.000	22050.000	SAT.03_attempt.nest_01
99	Spectrogram 1	1	548.191854652	548.337104844	0.000	22050.000	SAT.03_attempt.nest_01
100	Waveform 1	1	548.393166321	548.534594139	0.000	22050.000	SAT.03_attempt.nest_01
100	Spectrogram 1	1	548.393166321	548.534594139	0.000	22050.000	SAT.03_attempt.nest_01
101	Waveform 1	1	548.589381492	548.718068065	0.000	22050.000	SAT.03_attempt.nest_01
101	Spectrogram 1	1	548.589381492	548.718068065	0.000	22050.000	SAT.03_attempt.nest_01
102	Waveform 1	1	548.752469426	548.910460862	0.000	22050.000	SAT.03_attempt.nest_01
102	Spectrogram 1	1	548.752469426	548.910460862	0.000	22050.000	SAT.03_attempt.nest_01
103	Waveform 1	1	548.955055219	549.104127784	0.000	22050.000	SAT.03_attempt.nest_01
103	Spectrogram 1	1	548.955055219	549.104127784	0.000	22050.000	SAT.03_attempt.nest_01
104	Waveform 1	1	549.166559884	549.688950923	0.000	22050.000	SAT.03_attempt.nest_01
104	Spectrogram 1	1	549.166559884	549.688950923	0.000	22050.000	SAT.03_attempt.nest_01
105	Waveform 1	1	549.765398392	549.885166093	0.000	22050.000	SAT.03_attempt.nest_01
105	Spectrogram 1	1	549.765398392	549.885166093	0.000	22050.000	SAT.03_attempt.nest_01
106	Waveform 1	1	549.936131073	550.106863754	0.000	22050.000	SAT.03_attempt.nest_01
106	Spectrogram 1	1	549.936131073	550.106863754	0.000	22050.000	SAT.03_attempt.nest_01
107	Waveform 1	1	550.151458111	550.779601482	0.000	22050.000	SAT.03_attempt.nest_01
107	Spectrogram 1	1	550.151458111	550.779601482	0.000	22050.000	SAT.03_attempt.nest_01
108	Waveform 1	1	561.294002536	561.479279034	0.000	22050.000	SAT.03_attempt.nest_01
108	Spectrogram 1	1	561.294002536	561.479279034	0.000	22050.000	SAT.03_attempt.nest_01
109	Waveform 1	1	561.525598159	561.731928805	0.000	22050.000	SAT.03_attempt.nest_01
109	Spectrogram 1	1	561.525598159	561.731928805	0.000	22050.000	SAT.03_attempt.nest_01
110	Waveform 1	1	561.807723736	561.938259451	0.000	22050.000	SAT.03_attempt.nest_01
110	Spectrogram 1	1	561.807723736	561.938259451	0.000	22050.000	SAT.03_attempt.nest_01
111	Waveform 1	1	561.993000234	562.157222585	0.000	22050.000	SAT.03_attempt.nest_01
111	Spectrogram 1	1	561.993000234	562.157222585	0.000	22050.000	SAT.03_attempt.nest_01
112	Waveform 1	1	562.203541710	562.346709913	0.000	22050.000	SAT.03_attempt.nest_01
112	Spectrogram 1	1	562.203541710	562.346709913	0.000	22050.000	SAT.03_attempt.nest_01
113	Waveform 1	1	562.346709913	562.506721435	0.000	22050.000	SAT.03_attempt.nest_01
113	Spectrogram 1	1	562.346709913	562.506721435	0.000	22050.000	SAT.03_attempt.nest_01
114	Waveform 1	1	562.578305536	562.679365444	0.000	22050.000	SAT.03_attempt.nest_01
114	Spectrogram 1	1	562.578305536	562.679365444	0.000	22050.000	SAT.03_attempt.nest_01
115	Waveform 1	1	562.734106228	562.919382726	0.000	22050.000	SAT.03_attempt.nest_01
115	Spectrogram 1	1	562.734106228	562.919382726	0.000	22050.000	SAT.03_attempt.nest_01
116	Waveform 1	1	562.932015215	563.092026736	0.000	22050.000	SAT.03_attempt.nest_01
116	Spectrogram 1	1	562.932015215	563.092026736	0.000	22050.000	SAT.03_attempt.nest_01
117	Waveform 1	1	563.121502543	563.264670746	0.000	22050.000	SAT.03_attempt.nest_01
117	Spectrogram 1	1	563.121502543	563.264670746	0.000	22050.000	SAT.03_attempt.nest_01
118	Waveform 1	1	563.315200700	563.492055540	0.000	22050.000	SAT.03_attempt.nest_01
118	Spectrogram 1	1	563.315200700	563.492055540	0.000	22050.000	SAT.03_attempt.nest_01
119	Waveform 1	1	563.513109687	563.656277891	0.000	22050.000	SAT.03_attempt.nest_01
119	Spectrogram 1	1	563.513109687	563.656277891	0.000	22050.000	SAT.03_attempt.nest_01
120	Waveform 1	1	563.698386186	564.106836648	0.000	22050.000	SAT.03_attempt.nest_01
120	Spectrogram 1	1	563.698386186	564.106836648	0.000	22050.000	SAT.03_attempt.nest_01
121	Waveform 1	1	564.199474897	564.418438032	0.000	22050.000	SAT.03_attempt.nest_01
121	Spectrogram 1	1	564.199474897	564.418438032	0.000	22050.000	SAT.03_attempt.nest_01
122	Waveform 1	1	564.435281350	564.679509461	0.000	22050.000	SAT.03_attempt.nest_01
122	Spectrogram 1	1	564.435281350	564.679509461	0.000	22050.000	SAT.03_attempt.nest_01
123	Waveform 1	1	568.456623531	568.755592426	0.000	22050.000	SAT.03_attempt.nest_01
123	Spectrogram 1	1	568.456623531	568.755592426	0.000	22050.000	SAT.03_attempt.nest_01
124	Waveform 1	1	568.831387357	569.155621229	0.000	22050.000	SAT.03_attempt.nest_01
124	Spectrogram 1	1	568.831387357	569.155621229	0.000	22050.000	SAT.03_attempt.nest_01
125	Waveform 1	1	573.532776516	573.977123639	0.000	22050.000	SAT.03_attempt.nest_01
125	Spectrogram 1	1	573.532776516	573.977123639	0.000	22050.000	SAT.03_attempt.nest_01
126	Waveform 1	1	574.540918913	574.789371067	0.000	22050.000	SAT.03_attempt.nest_01
126	Spectrogram 1	1	574.540918913	574.789371067	0.000	22050.000	SAT.03_attempt.nest_01
127	Waveform 1	1	574.856262032	575.061712852	0.000	22050.000	SAT.03_attempt.nest_01
127	Spectrogram 1	1	574.856262032	575.061712852	0.000	22050.000	SAT.03_attempt.nest_01
128	Waveform 1	1	575.066490778	575.281497450	0.000	22050.000	SAT.03_attempt.nest_01
128	Spectrogram 1	1	575.066490778	575.281497450	0.000	22050.000	SAT.03_attempt.nest_01
129	Waveform 1	1	575.305387081	575.520393753	0.000	22050.000	SAT.03_attempt.nest_01
129	Spectrogram 1	1	575.305387081	575.520393753	0.000	22050.000	SAT.03_attempt.nest_01
130	Waveform 1	1	575.553839235	575.773623834	0.000	22050.000	SAT.03_attempt.nest_01
130	Spectrogram 1	1	575.553839235	575.773623834	0.000	22050.000	SAT.03_attempt.nest_01
131	Waveform 1	1	575.816625168	576.327863255	0.000	22050.000	SAT.03_attempt.nest_01
131	Spectrogram 1	1	575.816625168	576.327863255	0.000	22050.000	SAT.03_attempt.nest_01
132	Waveform 1	1	578.540043017	579.084726586	0.000	22050.000	SAT.03_attempt.nest_01
132	Spectrogram 1	1	578.540043017	579.084726586	0.000	22050.000	SAT.03_attempt.nest_01
133	Waveform 1	1	579.177056402	579.318784483	0.000	22050.000	SAT.03_attempt.nest_01
133	Spectrogram 1	1	579.177056402	579.318784483	0.000	22050.000	SAT.03_attempt.nest_01
134	Waveform 1	1	579.375728801	579.506068018	0.000	22050.000	SAT.03_attempt.nest_01
134	Spectrogram 1	1	579.375728801	579.506068018	0.000	22050.000	SAT.03_attempt.nest_01
135	Waveform 1	1	579.579462917	579.700944130	0.000	22050.000	SAT.03_attempt.nest_01
135	Spectrogram 1	1	579.579462917	579.700944130	0.000	22050.000	SAT.03_attempt.nest_01
136	Waveform 1	1	579.750295872	579.881900519	0.000	22050.000	SAT.03_attempt.nest_01
136	Spectrogram 1	1	579.750295872	579.881900519	0.000	22050.000	SAT.03_attempt.nest_01
137	Waveform 1	1	579.912270822	580.038813751	0.000	22050.000	SAT.03_attempt.nest_01
137	Spectrogram 1	1	579.912270822	580.038813751	0.000	22050.000	SAT.03_attempt.nest_01
138	Waveform 1	1	580.064122337	580.232424433	0.000	22050.000	SAT.03_attempt.nest_01
138	Spectrogram 1	1	580.064122337	580.232424433	0.000	22050.000	SAT.03_attempt.nest_01
139	Waveform 1	1	580.290634181	580.441220267	0.000	22050.000	SAT.03_attempt.nest_01
139	Spectrogram 1	1	580.290634181	580.441220267	0.000	22050.000	SAT.03_attempt.nest_01
140	Waveform 1	1	580.487865486	581.042637540	0.000	22050.000	SAT.03_attempt.nest_01
140	Spectrogram 1	1	580.487865486	581.042637540	0.000	22050.000	SAT.03_attempt.nest_01
141	Waveform 1	1	581.128537729	581.332550678	0.000	22050.000	SAT.03_attempt.nest_01
141	Spectrogram 1	1	581.128537729	581.332550678	0.000	22050.000	SAT.03_attempt.nest_01
142	Waveform 1	1	581.332550678	581.540142802	0.000	22050.000	SAT.03_attempt.nest_01
142	Spectrogram 1	1	581.332550678	581.540142802	0.000	22050.000	SAT.03_attempt.nest_01
143	Waveform 1	1	581.579513721	581.740576576	0.000	22050.000	SAT.03_attempt.nest_01
143	Spectrogram 1	1	581.579513721	581.740576576	0.000	22050.000	SAT.03_attempt.nest_01
144	Waveform 1	1	581.776368321	582.277452757	0.000	22050.000	SAT.03_attempt.nest_01
144	Spectrogram 1	1	581.776368321	582.277452757	0.000	22050.000	SAT.03_attempt.nest_01
145	Waveform 1	1	585.344805339	585.763568760	0.000	22050.000	SAT.03_attempt.nest_01
145	Spectrogram 1	1	585.344805339	585.763568760	0.000	22050.000	SAT.03_attempt.nest_01
146	Waveform 1	1	585.810098029	586.128644564	0.000	22050.000	SAT.03_attempt.nest_01
146	Spectrogram 1	1	585.810098029	586.128644564	0.000	22050.000	SAT.03_attempt.nest_01
147	Waveform 1	1	586.150119611	586.508037065	0.000	22050.000	SAT.03_attempt.nest_01
147	Spectrogram 1	1	586.150119611	586.508037065	0.000	22050.000	SAT.03_attempt.nest_01
148	Waveform 1	1	586.583199730	586.812266901	0.000	22050.000	SAT.03_attempt.nest_01
148	Spectrogram 1	1	586.583199730	586.812266901	0.000	22050.000	SAT.03_attempt.nest_01
149	Waveform 1	1	586.848058646	587.030596548	0.000	22050.000	SAT.03_attempt.nest_01
149	Spectrogram 1	1	586.848058646	587.030596548	0.000	22050.000	SAT.03_attempt.nest_01
150	Waveform 1	1	587.052071595	587.503047588	0.000	22050.000	SAT.03_attempt.nest_01
150	Spectrogram 1	1	587.052071595	587.503047588	0.000	22050.000	SAT.03_attempt.nest_01
151	Waveform 1	1	587.592526951	587.882440089	0.000	22050.000	SAT.03_attempt.nest_01
151	Spectrogram 1	1	587.592526951	587.882440089	0.000	22050.000	SAT.03_attempt.nest_01
152	Waveform 1	1	588.022027896	588.290465987	0.000	22050.000	SAT.03_attempt.nest_01
152	Spectrogram 1	1	588.022027896	588.290465987	0.000	22050.000	SAT.03_attempt.nest_01
153	Waveform 1	1	599.514757348	600.116058671	0.000	22050.000	SAT.03_attempt.nest_01
153	Spectrogram 1	1	599.514757348	600.116058671	0.000	22050.000	SAT.03_attempt.nest_01
154	Waveform 1	1	602.392413680	602.993715003	0.000	22050.000	SAT.03_attempt.nest_01
154	Spectrogram 1	1	602.392413680	602.993715003	0.000	22050.000	SAT.03_attempt.nest_01
155	Waveform 1	1	610.295231067	610.953799183	0.000	22050.000	SAT.03_attempt.nest_01
155	Spectrogram 1	1	610.295231067	610.953799183	0.000	22050.000	SAT.03_attempt.nest_01
156	Waveform 1	1	613.688288532	614.418440139	0.000	22050.000	SAT.03_attempt.nest_01
156	Spectrogram 1	1	613.688288532	614.418440139	0.000	22050.000	SAT.03_attempt.nest_01
157	Waveform 1	1	595.719444563	596.152834336	0.000	22050.000	SAT.03_attempt.nest_01
157	Spectrogram 1	1	595.719444563	596.152834336	0.000	22050.000	SAT.03_attempt.nest_01
158	Waveform 1	1	596.342179317	596.499546996	0.000	22050.000	SAT.03_attempt.nest_01
158	Spectrogram 1	1	596.342179317	596.499546996	0.000	22050.000	SAT.03_attempt.nest_01
159	Waveform 1	1	596.545100797	596.685903457	0.000	22050.000	SAT.03_attempt.nest_01
159	Spectrogram 1	1	596.545100797	596.685903457	0.000	22050.000	SAT.03_attempt.nest_01
160	Waveform 1	1	596.739739768	596.868118664	0.000	22050.000	SAT.03_attempt.nest_01
160	Spectrogram 1	1	596.739739768	596.868118664	0.000	22050.000	SAT.03_attempt.nest_01
161	Waveform 1	1	596.915743093	597.077252026	0.000	22050.000	SAT.03_attempt.nest_01
161	Spectrogram 1	1	596.915743093	597.077252026	0.000	22050.000	SAT.03_attempt.nest_01
162	Waveform 1	1	597.139370846	597.300879780	0.000	22050.000	SAT.03_attempt.nest_01
162	Spectrogram 1	1	597.139370846	597.300879780	0.000	22050.000	SAT.03_attempt.nest_01
163	Waveform 1	1	597.334009817	597.464459340	0.000	22050.000	SAT.03_attempt.nest_01
163	Spectrogram 1	1	597.334009817	597.464459340	0.000	22050.000	SAT.03_attempt.nest_01
166	Waveform 1	1	616.026598207	616.610515120	0.000	22050.000	SAT.03_attempt.nest_01
166	Spectrogram 1	1	616.026598207	616.610515120	0.000	22050.000	SAT.03_attempt.nest_01
167	Waveform 1	1	616.714046487	617.430483550	0.000	22050.000	SAT.03_attempt.nest_01
167	Spectrogram 1	1	616.714046487	617.430483550	0.000	22050.000	SAT.03_attempt.nest_01
168	Waveform 1	1	617.517449899	617.691382596	0.000	22050.000	SAT.03_attempt.nest_01
168	Spectrogram 1	1	617.517449899	617.691382596	0.000	22050.000	SAT.03_attempt.nest_01
169	Waveform 1	1	617.741077652	617.894304076	0.000	22050.000	SAT.03_attempt.nest_01
169	Spectrogram 1	1	617.741077652	617.894304076	0.000	22050.000	SAT.03_attempt.nest_01
170	Waveform 1	1	617.910869095	618.072378028	0.000	22050.000	SAT.03_attempt.nest_01
170	Spectrogram 1	1	617.910869095	618.072378028	0.000	22050.000	SAT.03_attempt.nest_01
171	Waveform 1	1	618.101366811	618.258734489	0.000	22050.000	SAT.03_attempt.nest_01
171	Spectrogram 1	1	618.101366811	618.258734489	0.000	22050.000	SAT.03_attempt.nest_01
172	Waveform 1	1	618.283582018	618.424384677	0.000	22050.000	SAT.03_attempt.nest_01
172	Spectrogram 1	1	618.283582018	618.424384677	0.000	22050.000	SAT.03_attempt.nest_01
173	Waveform 1	1	618.449232205	618.606599884	0.000	22050.000	SAT.03_attempt.nest_01
173	Spectrogram 1	1	618.449232205	618.606599884	0.000	22050.000	SAT.03_attempt.nest_01
174	Waveform 1	1	618.619023648	618.784673836	0.000	22050.000	SAT.03_attempt.nest_01
174	Spectrogram 1	1	618.619023648	618.784673836	0.000	22050.000	SAT.03_attempt.nest_01
175	Waveform 1	1	618.801238855	619.277483145	0.000	22050.000	SAT.03_attempt.nest_01
175	Spectrogram 1	1	618.801238855	619.277483145	0.000	22050.000	SAT.03_attempt.nest_01
176	Waveform 1	1	619.337531338	619.493863703	0.000	22050.000	SAT.03_attempt.nest_01
176	Spectrogram 1	1	619.337531338	619.493863703	0.000	22050.000	SAT.03_attempt.nest_01
177	Waveform 1	1	619.518711231	619.689537987	0.000	22050.000	SAT.03_attempt.nest_01
177	Spectrogram 1	1	619.518711231	619.689537987	0.000	22050.000	SAT.03_attempt.nest_01
178	Waveform 1	1	619.719562084	619.887282899	0.000	22050.000	SAT.03_attempt.nest_01
178	Spectrogram 1	1	619.719562084	619.887282899	0.000	22050.000	SAT.03_attempt.nest_01
179	Waveform 1	1	619.906953859	620.072604047	0.000	22050.000	SAT.03_attempt.nest_01
179	Spectrogram 1	1	619.906953859	620.072604047	0.000	22050.000	SAT.03_attempt.nest_01
180	Waveform 1	1	620.097451575	620.257925195	0.000	22050.000	SAT.03_attempt.nest_01
180	Spectrogram 1	1	620.097451575	620.257925195	0.000	22050.000	SAT.03_attempt.nest_01
181	Waveform 1	1	620.283808036	620.448422911	0.000	22050.000	SAT.03_attempt.nest_01
181	Spectrogram 1	1	620.283808036	620.448422911	0.000	22050.000	SAT.03_attempt.nest_01
182	Waveform 1	1	620.457740734	620.627532176	0.000	22050.000	SAT.03_attempt.nest_01
182	Spectrogram 1	1	620.457740734	620.627532176	0.000	22050.000	SAT.03_attempt.nest_01
183	Waveform 1	1	620.654450332	620.818029892	0.000	22050.000	SAT.03_attempt.nest_01
183	Spectrogram 1	1	620.654450332	620.818029892	0.000	22050.000	SAT.03_attempt.nest_01
184	Waveform 1	1	620.849089303	621.003351040	0.000	22050.000	SAT.03_attempt.nest_01
184	Spectrogram 1	1	620.849089303	621.003351040	0.000	22050.000	SAT.03_attempt.nest_01
185	Waveform 1	1	621.035445764	621.209378461	0.000	22050.000	SAT.03_attempt.nest_01
185	Spectrogram 1	1	621.035445764	621.209378461	0.000	22050.000	SAT.03_attempt.nest_01
186	Waveform 1	1	621.247685067	621.420582451	0.000	22050.000	SAT.03_attempt.nest_01
186	Spectrogram 1	1	621.247685067	621.420582451	0.000	22050.000	SAT.03_attempt.nest_01
187	Waveform 1	1	621.438182783	621.600727030	0.000	22050.000	SAT.03_attempt.nest_01
187	Spectrogram 1	1	621.438182783	621.600727030	0.000	22050.000	SAT.03_attempt.nest_01
188	Waveform 1	1	621.631786440	621.802613197	0.000	22050.000	SAT.03_attempt.nest_01
188	Spectrogram 1	1	621.631786440	621.802613197	0.000	22050.000	SAT.03_attempt.nest_01
189	Waveform 1	1	622.669170742	622.842068126	0.000	22050.000	SAT.03_attempt.nest_01
189	Spectrogram 1	1	622.669170742	622.842068126	0.000	22050.000	SAT.03_attempt.nest_01
190	Waveform 1	1	622.877268791	623.412525960	0.000	22050.000	SAT.03_attempt.nest_01
190	Spectrogram 1	1	622.877268791	623.412525960	0.000	22050.000	SAT.03_attempt.nest_01
191	Waveform 1	1	623.522155069	623.738849956	0.000	22050.000	SAT.03_attempt.nest_01
191	Spectrogram 1	1	623.522155069	623.738849956	0.000	22050.000	SAT.03_attempt.nest_01
192	Waveform 1	1	627.217681379	627.487085833	0.000	22050.000	SAT.03_attempt.nest_01
192	Spectrogram 1	1	627.217681379	627.487085833	0.000	22050.000	SAT.03_attempt.nest_01
193	Waveform 1	1	627.516368926	627.782845070	0.000	22050.000	SAT.03_attempt.nest_01
193	Spectrogram 1	1	627.516368926	627.782845070	0.000	22050.000	SAT.03_attempt.nest_01
194	Waveform 1	1	627.815056472	628.104959091	0.000	22050.000	SAT.03_attempt.nest_01
194	Spectrogram 1	1	627.815056472	628.104959091	0.000	22050.000	SAT.03_attempt.nest_01
195	Waveform 1	1	634.585307526	634.740507918	0.000	22050.000	SAT.03_attempt.nest_01
195	Spectrogram 1	1	634.585307526	634.740507918	0.000	22050.000	SAT.03_attempt.nest_01
196	Waveform 1	1	634.772719320	634.924991402	0.000	22050.000	SAT.03_attempt.nest_01
196	Spectrogram 1	1	634.772719320	634.924991402	0.000	22050.000	SAT.03_attempt.nest_01
197	Waveform 1	1	634.948417876	635.132901361	0.000	22050.000	SAT.03_attempt.nest_01
197	Spectrogram 1	1	634.948417876	635.132901361	0.000	22050.000	SAT.03_attempt.nest_01
198	Waveform 1	1	635.153399526	635.326169773	0.000	22050.000	SAT.03_attempt.nest_01
198	Spectrogram 1	1	635.153399526	635.326169773	0.000	22050.000	SAT.03_attempt.nest_01
199	Waveform 1	1	635.355452866	635.510653258	0.000	22050.000	SAT.03_attempt.nest_01
199	Spectrogram 1	1	635.355452866	635.510653258	0.000	22050.000	SAT.03_attempt.nest_01
200	Waveform 1	1	635.545792969	636.277870289	0.000	22050.000	SAT.03_attempt.nest_01
200	Spectrogram 1	1	635.545792969	636.277870289	0.000	22050.000	SAT.03_attempt.nest_01
201	Waveform 1	1	636.356934640	636.509206722	0.000	22050.000	SAT.03_attempt.nest_01
201	Spectrogram 1	1	636.356934640	636.509206722	0.000	22050.000	SAT.03_attempt.nest_01
202	Waveform 1	1	636.547274743	636.681976970	0.000	22050.000	SAT.03_attempt.nest_01
202	Spectrogram 1	1	636.547274743	636.681976970	0.000	22050.000	SAT.03_attempt.nest_01
203	Waveform 1	1	636.728829918	636.884030310	0.000	22050.000	SAT.03_attempt.nest_01
203	Spectrogram 1	1	636.728829918	636.884030310	0.000	22050.000	SAT.03_attempt.nest_01
204	Waveform 1	1	636.901600166	637.071442104	0.000	22050.000	SAT.03_attempt.nest_01
204	Spectrogram 1	1	636.901600166	637.071442104	0.000	22050.000	SAT.03_attempt.nest_01
205	Waveform 1	1	637.086083650	637.252997279	0.000	22050.000	SAT.03_attempt.nest_01
205	Spectrogram 1	1	637.086083650	637.252997279	0.000	22050.000	SAT.03_attempt.nest_01
206	Waveform 1	1	637.267638825	637.416982599	0.000	22050.000	SAT.03_attempt.nest_01
206	Spectrogram 1	1	637.267638825	637.416982599	0.000	22050.000	SAT.03_attempt.nest_01
207	Waveform 1	1	637.443337382	637.589752846	0.000	22050.000	SAT.03_attempt.nest_01
207	Spectrogram 1	1	637.443337382	637.589752846	0.000	22050.000	SAT.03_attempt.nest_01
208	Waveform 1	1	637.613179320	637.785949568	0.000	22050.000	SAT.03_attempt.nest_01
208	Spectrogram 1	1	637.613179320	637.785949568	0.000	22050.000	SAT.03_attempt.nest_01
209	Waveform 1	1	637.797662805	637.955791506	0.000	22050.000	SAT.03_attempt.nest_01
209	Spectrogram 1	1	637.797662805	637.955791506	0.000	22050.000	SAT.03_attempt.nest_01
210	Waveform 1	1	637.982146290	638.146131609	0.000	22050.000	SAT.03_attempt.nest_01
210	Spectrogram 1	1	637.982146290	638.146131609	0.000	22050.000	SAT.03_attempt.nest_01
211	Waveform 1	1	638.163701465	638.345256640	0.000	22050.000	SAT.03_attempt.nest_01
211	Spectrogram 1	1	638.163701465	638.345256640	0.000	22050.000	SAT.03_attempt.nest_01
212	Waveform 1	1	638.362826496	638.845997527	0.000	22050.000	SAT.03_attempt.nest_01
212	Spectrogram 1	1	638.362826496	638.845997527	0.000	22050.000	SAT.03_attempt.nest_01
213	Waveform 1	1	638.884065548	639.089047197	0.000	22050.000	SAT.03_attempt.nest_01
213	Spectrogram 1	1	638.884065548	639.089047197	0.000	22050.000	SAT.03_attempt.nest_01
214	Waveform 1	1	639.100760434	639.270602372	0.000	22050.000	SAT.03_attempt.nest_01
214	Spectrogram 1	1	639.100760434	639.270602372	0.000	22050.000	SAT.03_attempt.nest_01
215	Waveform 1	1	639.285243919	639.481440640	0.000	22050.000	SAT.03_attempt.nest_01
215	Spectrogram 1	1	639.285243919	639.481440640	0.000	22050.000	SAT.03_attempt.nest_01
216	Waveform 1	1	639.499010496	639.698135527	0.000	22050.000	SAT.03_attempt.nest_01
216	Spectrogram 1	1	639.499010496	639.698135527	0.000	22050.000	SAT.03_attempt.nest_01
217	Waveform 1	1	639.709848764	639.888475630	0.000	22050.000	SAT.03_attempt.nest_01
217	Spectrogram 1	1	639.709848764	639.888475630	0.000	22050.000	SAT.03_attempt.nest_01
218	Waveform 1	1	639.926543651	640.157880084	0.000	22050.000	SAT.03_attempt.nest_01
218	Spectrogram 1	1	639.926543651	640.157880084	0.000	22050.000	SAT.03_attempt.nest_01
219	Waveform 1	1	646.966199158	647.443513570	0.000	22050.000	SAT.03_attempt.nest_01
219	Spectrogram 1	1	646.966199158	647.443513570	0.000	22050.000	SAT.03_attempt.nest_01
220	Waveform 1	1	647.481581591	647.953039385	0.000	22050.000	SAT.03_attempt.nest_01
220	Spectrogram 1	1	647.481581591	647.953039385	0.000	22050.000	SAT.03_attempt.nest_01
221	Waveform 1	1	648.114096395	648.313221426	0.000	22050.000	SAT.03_attempt.nest_01
221	Spectrogram 1	1	648.114096395	648.313221426	0.000	22050.000	SAT.03_attempt.nest_01
222	Waveform 1	1	648.324934663	648.480135055	0.000	22050.000	SAT.03_attempt.nest_01
222	Spectrogram 1	1	648.324934663	648.480135055	0.000	22050.000	SAT.03_attempt.nest_01
223	Waveform 1	1	648.503561530	648.655833612	0.000	22050.000	SAT.03_attempt.nest_01
223	Spectrogram 1	1	648.503561530	648.655833612	0.000	22050.000	SAT.03_attempt.nest_01
224	Waveform 1	1	648.673403468	648.846173715	0.000	22050.000	SAT.03_attempt.nest_01
224	Spectrogram 1	1	648.673403468	648.846173715	0.000	22050.000	SAT.03_attempt.nest_01
225	Waveform 1	1	648.869600189	649.036513818	0.000	22050.000	SAT.03_attempt.nest_01
225	Spectrogram 1	1	648.869600189	649.036513818	0.000	22050.000	SAT.03_attempt.nest_01
226	Waveform 1	1	649.045298746	649.220997303	0.000	22050.000	SAT.03_attempt.nest_01
226	Spectrogram 1	1	649.045298746	649.220997303	0.000	22050.000	SAT.03_attempt.nest_01
227	Waveform 1	1	649.247352086	649.414265715	0.000	22050.000	SAT.03_attempt.nest_01
227	Spectrogram 1	1	649.247352086	649.414265715	0.000	22050.000	SAT.03_attempt.nest_01
228	Waveform 1	1	649.425978952	649.592892581	0.000	22050.000	SAT.03_attempt.nest_01
228	Spectrogram 1	1	649.425978952	649.592892581	0.000	22050.000	SAT.03_attempt.nest_01
229	Waveform 1	1	649.604605818	649.756877901	0.000	22050.000	SAT.03_attempt.nest_01
229	Spectrogram 1	1	649.604605818	649.756877901	0.000	22050.000	SAT.03_attempt.nest_01
230	Waveform 1	1	649.777376066	649.964787860	0.000	22050.000	SAT.03_attempt.nest_01
230	Spectrogram 1	1	649.777376066	649.964787860	0.000	22050.000	SAT.03_attempt.nest_01
231	Waveform 1	1	649.976501097	650.442102272	0.000	22050.000	SAT.03_attempt.nest_01
231	Spectrogram 1	1	649.976501097	650.442102272	0.000	22050.000	SAT.03_attempt.nest_01
232	Waveform 1	1	653.961930026	654.459742603	0.000	22050.000	SAT.03_attempt.nest_01
232	Spectrogram 1	1	653.961930026	654.459742603	0.000	22050.000	SAT.03_attempt.nest_01
233	Waveform 1	1	658.380748728	658.723360914	0.000	22050.000	SAT.03_attempt.nest_01
233	Spectrogram 1	1	658.380748728	658.723360914	0.000	22050.000	SAT.03_attempt.nest_01
234	Waveform 1	1	658.778998790	659.054259862	0.000	22050.000	SAT.03_attempt.nest_01
234	Spectrogram 1	1	658.778998790	659.054259862	0.000	22050.000	SAT.03_attempt.nest_01
235	Waveform 1	1	659.092327883	659.314879388	0.000	22050.000	SAT.03_attempt.nest_01
235	Spectrogram 1	1	659.092327883	659.314879388	0.000	22050.000	SAT.03_attempt.nest_01
236	Waveform 1	1	659.344162481	659.560857368	0.000	22050.000	SAT.03_attempt.nest_01
236	Spectrogram 1	1	659.344162481	659.560857368	0.000	22050.000	SAT.03_attempt.nest_01
237	Waveform 1	1	659.795122110	660.046956708	0.000	22050.000	SAT.03_attempt.nest_01
237	Spectrogram 1	1	659.795122110	660.046956708	0.000	22050.000	SAT.03_attempt.nest_01
238	Waveform 1	1	660.167017388	660.421780296	0.000	22050.000	SAT.03_attempt.nest_01
238	Spectrogram 1	1	660.167017388	660.421780296	0.000	22050.000	SAT.03_attempt.nest_01
239	Waveform 1	1	675.060398382	675.423508733	0.000	22050.000	SAT.03_attempt.nest_01
239	Spectrogram 1	1	675.060398382	675.423508733	0.000	22050.000	SAT.03_attempt.nest_01
240	Waveform 1	1	677.464540300	678.006277517	0.000	22050.000	SAT.03_attempt.nest_01
240	Spectrogram 1	1	677.464540300	678.006277517	0.000	22050.000	SAT.03_attempt.nest_01
241	Waveform 1	1	692.313996655	692.718103335	0.000	22050.000	SAT.03_attempt.nest_01
241	Spectrogram 1	1	692.313996655	692.718103335	0.000	22050.000	SAT.03_attempt.nest_01
242	Waveform 1	1	692.838164016	693.034360738	0.000	22050.000	SAT.03_attempt.nest_01
242	Spectrogram 1	1	692.838164016	693.034360738	0.000	22050.000	SAT.03_attempt.nest_01
243	Waveform 1	1	693.107568470	693.265697171	0.000	22050.000	SAT.03_attempt.nest_01
243	Spectrogram 1	1	693.107568470	693.265697171	0.000	22050.000	SAT.03_attempt.nest_01
244	Waveform 1	1	693.318406738	693.479463748	0.000	22050.000	SAT.03_attempt.nest_01
244	Spectrogram 1	1	693.318406738	693.479463748	0.000	22050.000	SAT.03_attempt.nest_01
245	Waveform 1	1	693.523388387	693.655162305	0.000	22050.000	SAT.03_attempt.nest_01
245	Spectrogram 1	1	693.523388387	693.655162305	0.000	22050.000	SAT.03_attempt.nest_01
246	Waveform 1	1	693.699086944	693.825004243	0.000	22050.000	SAT.03_attempt.nest_01
246	Spectrogram 1	1	693.699086944	693.825004243	0.000	22050.000	SAT.03_attempt.nest_01
247	Waveform 1	1	693.848430717	693.988989563	0.000	22050.000	SAT.03_attempt.nest_01
247	Spectrogram 1	1	693.848430717	693.988989563	0.000	22050.000	SAT.03_attempt.nest_01
248	Waveform 1	1	694.021200965	694.179329666	0.000	22050.000	SAT.03_attempt.nest_01
248	Spectrogram 1	1	694.021200965	694.179329666	0.000	22050.000	SAT.03_attempt.nest_01
249	Waveform 1	1	694.214469377	694.357956532	0.000	22050.000	SAT.03_attempt.nest_01
249	Spectrogram 1	1	694.214469377	694.357956532	0.000	22050.000	SAT.03_attempt.nest_01
250	Waveform 1	1	694.410666099	694.551224944	0.000	22050.000	SAT.03_attempt.nest_01
250	Spectrogram 1	1	694.410666099	694.551224944	0.000	22050.000	SAT.03_attempt.nest_01
251	Waveform 1	1	694.586364655	694.756206594	0.000	22050.000	SAT.03_attempt.nest_01
251	Spectrogram 1	1	694.586364655	694.756206594	0.000	22050.000	SAT.03_attempt.nest_01
252	Waveform 1	1	694.794274614	695.330155212	0.000	22050.000	SAT.03_attempt.nest_01
252	Spectrogram 1	1	694.794274614	695.330155212	0.000	22050.000	SAT.03_attempt.nest_01
253	Waveform 1	1	695.470714058	695.646412615	0.000	22050.000	SAT.03_attempt.nest_01
253	Spectrogram 1	1	695.470714058	695.646412615	0.000	22050.000	SAT.03_attempt.nest_01
254	Waveform 1	1	695.681552326	695.833824408	0.000	22050.000	SAT.03_attempt.nest_01
254	Spectrogram 1	1	695.681552326	695.833824408	0.000	22050.000	SAT.03_attempt.nest_01
255	Waveform 1	1	695.886533975	696.053447604	0.000	22050.000	SAT.03_attempt.nest_01
255	Spectrogram 1	1	695.886533975	696.053447604	0.000	22050.000	SAT.03_attempt.nest_01
256	Waveform 1	1	703.927671256	704.355204411	0.000	22050.000	SAT.03_attempt.nest_01
256	Spectrogram 1	1	703.927671256	704.355204411	0.000	22050.000	SAT.03_attempt.nest_01
257	Waveform 1	1	706.264462061	706.624644102	0.000	22050.000	SAT.03_attempt.nest_01
257	Spectrogram 1	1	706.264462061	706.624644102	0.000	22050.000	SAT.03_attempt.nest_01
258	Waveform 1	1	706.697851834	707.151739772	0.000	22050.000	SAT.03_attempt.nest_01
258	Spectrogram 1	1	706.697851834	707.151739772	0.000	22050.000	SAT.03_attempt.nest_01
259	Waveform 1	1	712.665746145	712.844373011	0.000	22050.000	SAT.03_attempt.nest_01
259	Spectrogram 1	1	712.665746145	712.844373011	0.000	22050.000	SAT.03_attempt.nest_01
260	Waveform 1	1	712.894154269	713.623303279	0.000	22050.000	SAT.03_attempt.nest_01
260	Spectrogram 1	1	712.894154269	713.623303279	0.000	22050.000	SAT.03_attempt.nest_01
261	Waveform 1	1	713.670156228	714.173825424	0.000	22050.000	SAT.03_attempt.nest_01
261	Spectrogram 1	1	713.670156228	714.173825424	0.000	22050.000	SAT.03_attempt.nest_01
262	Waveform 1	1	714.249961465	714.405161857	0.000	22050.000	SAT.03_attempt.nest_01
262	Spectrogram 1	1	714.249961465	714.405161857	0.000	22050.000	SAT.03_attempt.nest_01
263	Waveform 1	1	714.411018475	714.621856743	0.000	22050.000	SAT.03_attempt.nest_01
263	Spectrogram 1	1	714.411018475	714.621856743	0.000	22050.000	SAT.03_attempt.nest_01
264	Waveform 1	1	714.624785053	714.777057135	0.000	22050.000	SAT.03_attempt.nest_01
264	Spectrogram 1	1	714.624785053	714.777057135	0.000	22050.000	SAT.03_attempt.nest_01
265	Waveform 1	1	714.788770372	714.961540620	0.000	22050.000	SAT.03_attempt.nest_01
265	Spectrogram 1	1	714.788770372	714.961540620	0.000	22050.000	SAT.03_attempt.nest_01
266	Waveform 1	1	714.979110475	715.151880723	0.000	22050.000	SAT.03_attempt.nest_01
266	Spectrogram 1	1	714.979110475	715.151880723	0.000	22050.000	SAT.03_attempt.nest_01
267	Waveform 1	1	715.166522269	715.315866043	0.000	22050.000	SAT.03_attempt.nest_01
267	Spectrogram 1	1	715.166522269	715.315866043	0.000	22050.000	SAT.03_attempt.nest_01
268	Waveform 1	1	715.336364208	715.494492909	0.000	22050.000	SAT.03_attempt.nest_01
268	Spectrogram 1	1	715.336364208	715.494492909	0.000	22050.000	SAT.03_attempt.nest_01
269	Waveform 1	1	715.526704311	715.678976393	0.000	22050.000	SAT.03_attempt.nest_01
269	Spectrogram 1	1	715.526704311	715.678976393	0.000	22050.000	SAT.03_attempt.nest_01
270	Waveform 1	1	715.690689630	715.883958043	0.000	22050.000	SAT.03_attempt.nest_01
270	Spectrogram 1	1	715.690689630	715.883958043	0.000	22050.000	SAT.03_attempt.nest_01
271	Waveform 1	1	715.910312826	716.074298146	0.000	22050.000	SAT.03_attempt.nest_01
271	Spectrogram 1	1	715.910312826	716.074298146	0.000	22050.000	SAT.03_attempt.nest_01
272	Waveform 1	1	716.097724620	716.279279795	0.000	22050.000	SAT.03_attempt.nest_01
272	Spectrogram 1	1	716.097724620	716.279279795	0.000	22050.000	SAT.03_attempt.nest_01
273	Waveform 1	1	717.201697218	717.664370084	0.000	22050.000	SAT.03_attempt.nest_01
273	Spectrogram 1	1	717.201697218	717.664370084	0.000	22050.000	SAT.03_attempt.nest_01
274	Waveform 1	1	717.775645837	717.971842559	0.000	22050.000	SAT.03_attempt.nest_01
274	Spectrogram 1	1	717.775645837	717.971842559	0.000	22050.000	SAT.03_attempt.nest_01
275	Waveform 1	1	718.501866538	718.709776497	0.000	22050.000	SAT.03_attempt.nest_01
275	Spectrogram 1	1	718.501866538	718.709776497	0.000	22050.000	SAT.03_attempt.nest_01
276	Waveform 1	1	718.759557755	718.958682786	0.000	22050.000	SAT.03_attempt.nest_01
276	Spectrogram 1	1	718.759557755	718.958682786	0.000	22050.000	SAT.03_attempt.nest_01
277	Waveform 1	1	718.982109260	719.216374002	0.000	22050.000	SAT.03_attempt.nest_01
277	Spectrogram 1	1	718.982109260	719.216374002	0.000	22050.000	SAT.03_attempt.nest_01
278	Waveform 1	1	719.251513714	719.474065219	0.000	22050.000	SAT.03_attempt.nest_01
278	Spectrogram 1	1	719.251513714	719.474065219	0.000	22050.000	SAT.03_attempt.nest_01
279	Waveform 1	1	719.517989858	719.737613054	0.000	22050.000	SAT.03_attempt.nest_01
279	Spectrogram 1	1	719.517989858	719.737613054	0.000	22050.000	SAT.03_attempt.nest_01
280	Waveform 1	1	719.755182910	719.992375961	0.000	22050.000	SAT.03_attempt.nest_01
280	Spectrogram 1	1	719.755182910	719.992375961	0.000	22050.000	SAT.03_attempt.nest_01
281	Waveform 1	1	720.027515673	720.361342931	0.000	22050.000	SAT.03_attempt.nest_01
281	Spectrogram 1	1	720.027515673	720.361342931	0.000	22050.000	SAT.03_attempt.nest_01
282	Waveform 1	1	721.409677652	721.802071096	0.000	22050.000	SAT.03_attempt.nest_01
282	Spectrogram 1	1	721.409677652	721.802071096	0.000	22050.000	SAT.03_attempt.nest_01
283	Waveform 1	1	721.892848684	722.279385508	0.000	22050.000	SAT.03_attempt.nest_01
283	Spectrogram 1	1	721.892848684	722.279385508	0.000	22050.000	SAT.03_attempt.nest_01
284	Waveform 1	1	722.346736622	722.613212766	0.000	22050.000	SAT.03_attempt.nest_01
284	Spectrogram 1	1	722.346736622	722.613212766	0.000	22050.000	SAT.03_attempt.nest_01
285	Waveform 1	1	722.683492189	722.935326787	0.000	22050.000	SAT.03_attempt.nest_01
285	Spectrogram 1	1	722.683492189	722.935326787	0.000	22050.000	SAT.03_attempt.nest_01
286	Waveform 1	1	723.986589818	724.153503447	0.000	22050.000	SAT.03_attempt.nest_01
286	Spectrogram 1	1	723.986589818	724.153503447	0.000	22050.000	SAT.03_attempt.nest_01
287	Waveform 1	1	724.188643158	724.335058622	0.000	22050.000	SAT.03_attempt.nest_01
287	Spectrogram 1	1	724.188643158	724.335058622	0.000	22050.000	SAT.03_attempt.nest_01
288	Waveform 1	1	724.352628478	724.557610128	0.000	22050.000	SAT.03_attempt.nest_01
288	Spectrogram 1	1	724.352628478	724.557610128	0.000	22050.000	SAT.03_attempt.nest_01
289	Waveform 1	1	724.572251674	724.756735159	0.000	22050.000	SAT.03_attempt.nest_01
289	Spectrogram 1	1	724.572251674	724.756735159	0.000	22050.000	SAT.03_attempt.nest_01
290	Waveform 1	1	735.084881986	735.272293780	0.000	22050.000	SAT.03_attempt.nest_01
290	Spectrogram 1	1	735.084881986	735.272293780	0.000	22050.000	SAT.03_attempt.nest_01
291	Waveform 1	1	735.301576873	735.486060357	0.000	22050.000	SAT.03_attempt.nest_01
291	Spectrogram 1	1	735.301576873	735.486060357	0.000	22050.000	SAT.03_attempt.nest_01
292	Waveform 1	1	736.130288399	736.288417100	0.000	22050.000	SAT.03_attempt.nest_01
292	Spectrogram 1	1	736.130288399	736.288417100	0.000	22050.000	SAT.03_attempt.nest_01
293	Waveform 1	1	736.314771883	736.472900584	0.000	22050.000	SAT.03_attempt.nest_01
293	Spectrogram 1	1	736.314771883	736.472900584	0.000	22050.000	SAT.03_attempt.nest_01
294	Waveform 1	1	736.484613822	736.642742523	0.000	22050.000	SAT.03_attempt.nest_01
294	Spectrogram 1	1	736.484613822	736.642742523	0.000	22050.000	SAT.03_attempt.nest_01
295	Waveform 1	1	736.683738853	736.841867554	0.000	22050.000	SAT.03_attempt.nest_01
295	Spectrogram 1	1	736.683738853	736.841867554	0.000	22050.000	SAT.03_attempt.nest_01
296	Waveform 1	1	736.874078956	737.023422729	0.000	22050.000	SAT.03_attempt.nest_01
296	Spectrogram 1	1	736.874078956	737.023422729	0.000	22050.000	SAT.03_attempt.nest_01
297	Waveform 1	1	737.046849203	737.234260997	0.000	22050.000	SAT.03_attempt.nest_01
297	Spectrogram 1	1	737.046849203	737.234260997	0.000	22050.000	SAT.03_attempt.nest_01
298	Waveform 1	1	737.243045925	737.427529409	0.000	22050.000	SAT.03_attempt.nest_01
298	Spectrogram 1	1	737.243045925	737.427529409	0.000	22050.000	SAT.03_attempt.nest_01
299	Waveform 1	1	737.439242647	737.603227966	0.000	22050.000	SAT.03_attempt.nest_01
299	Spectrogram 1	1	737.439242647	737.603227966	0.000	22050.000	SAT.03_attempt.nest_01
300	Waveform 1	1	737.737930193	738.188889822	0.000	22050.000	SAT.03_attempt.nest_01
300	Spectrogram 1	1	737.737930193	738.188889822	0.000	22050.000	SAT.03_attempt.nest_01
301	Waveform 1	1	739.761391905	740.185996750	0.000	22050.000	SAT.03_attempt.nest_01
301	Spectrogram 1	1	739.761391905	740.185996750	0.000	22050.000	SAT.03_attempt.nest_01
302	Waveform 1	1	740.300200812	740.695522565	0.000	22050.000	SAT.03_attempt.nest_01
302	Spectrogram 1	1	740.300200812	740.695522565	0.000	22050.000	SAT.03_attempt.nest_01
303	Waveform 1	1	741.128912338	741.389531864	0.000	22050.000	SAT.03_attempt.nest_01
303	Spectrogram 1	1	741.128912338	741.389531864	0.000	22050.000	SAT.03_attempt.nest_01
304	Waveform 1	1	741.421743266	741.732144050	0.000	22050.000	SAT.03_attempt.nest_01
304	Spectrogram 1	1	741.421743266	741.732144050	0.000	22050.000	SAT.03_attempt.nest_01
305	Waveform 1	1	741.773140380	742.112824256	0.000	22050.000	SAT.03_attempt.nest_01
305	Spectrogram 1	1	741.773140380	742.112824256	0.000	22050.000	SAT.03_attempt.nest_01
306	Waveform 1	1	742.244598174	742.657489782	0.000	22050.000	SAT.03_attempt.nest_01
306	Spectrogram 1	1	742.244598174	742.657489782	0.000	22050.000	SAT.03_attempt.nest_01
307	Waveform 1	1	742.798048627	742.976675493	0.000	22050.000	SAT.03_attempt.nest_01
307	Spectrogram 1	1	742.798048627	742.976675493	0.000	22050.000	SAT.03_attempt.nest_01
308	Waveform 1	1	747.026527226	747.427705598	0.000	22050.000	SAT.03_attempt.nest_01
308	Spectrogram 1	1	747.026527226	747.427705598	0.000	22050.000	SAT.03_attempt.nest_01
309	Waveform 1	1	747.623902319	748.019224072	0.000	22050.000	SAT.03_attempt.nest_01
309	Spectrogram 1	1	747.623902319	748.019224072	0.000	22050.000	SAT.03_attempt.nest_01
310	Waveform 1	1	748.139284753	748.303270072	0.000	22050.000	SAT.03_attempt.nest_01
310	Spectrogram 1	1	748.139284753	748.303270072	0.000	22050.000	SAT.03_attempt.nest_01
311	Waveform 1	1	748.329624856	748.476040320	0.000	22050.000	SAT.03_attempt.nest_01
311	Spectrogram 1	1	748.329624856	748.476040320	0.000	22050.000	SAT.03_attempt.nest_01
312	Waveform 1	1	748.514108340	748.672237041	0.000	22050.000	SAT.03_attempt.nest_01
312	Spectrogram 1	1	748.514108340	748.672237041	0.000	22050.000	SAT.03_attempt.nest_01
313	Waveform 1	1	748.692735206	748.868433763	0.000	22050.000	SAT.03_attempt.nest_01
313	Spectrogram 1	1	748.692735206	748.868433763	0.000	22050.000	SAT.03_attempt.nest_01
314	Waveform 1	1	748.894788547	749.044132320	0.000	22050.000	SAT.03_attempt.nest_01
314	Spectrogram 1	1	748.894788547	749.044132320	0.000	22050.000	SAT.03_attempt.nest_01
315	Waveform 1	1	749.073415413	749.234472423	0.000	22050.000	SAT.03_attempt.nest_01
315	Spectrogram 1	1	749.073415413	749.234472423	0.000	22050.000	SAT.03_attempt.nest_01
316	Waveform 1	1	749.260827206	749.462880547	0.000	22050.000	SAT.03_attempt.nest_01
316	Spectrogram 1	1	749.260827206	749.462880547	0.000	22050.000	SAT.03_attempt.nest_01
317	Waveform 1	1	749.530231660	749.743998238	0.000	22050.000	SAT.03_attempt.nest_01
317	Spectrogram 1	1	749.530231660	749.743998238	0.000	22050.000	SAT.03_attempt.nest_01
318	Waveform 1	1	754.036899641	754.230168053	0.000	22050.000	SAT.03_attempt.nest_01
318	Spectrogram 1	1	754.036899641	754.230168053	0.000	22050.000	SAT.03_attempt.nest_01
319	Waveform 1	1	754.303375785	754.484930960	0.000	22050.000	SAT.03_attempt.nest_01
319	Spectrogram 1	1	754.303375785	754.484930960	0.000	22050.000	SAT.03_attempt.nest_01
320	Waveform 1	1	761.659288694	761.911123292	0.000	22050.000	SAT.03_attempt.nest_01
320	Spectrogram 1	1	761.659288694	761.911123292	0.000	22050.000	SAT.03_attempt.nest_01
321	Waveform 1	1	764.183491293	764.479250530	0.000	22050.000	SAT.03_attempt.nest_01
321	Spectrogram 1	1	764.183491293	764.479250530	0.000	22050.000	SAT.03_attempt.nest_01
322	Waveform 1	1	764.540745025	764.836504262	0.000	22050.000	SAT.03_attempt.nest_01
322	Spectrogram 1	1	764.540745025	764.836504262	0.000	22050.000	SAT.03_attempt.nest_01
323	Waveform 1	1	764.921425231	765.220112778	0.000	22050.000	SAT.03_attempt.nest_01
323	Spectrogram 1	1	764.921425231	765.220112778	0.000	22050.000	SAT.03_attempt.nest_01
324	Waveform 1	1	765.281607273	765.483660613	0.000	22050.000	SAT.03_attempt.nest_01
324	Spectrogram 1	1	765.281607273	765.483660613	0.000	22050.000	SAT.03_attempt.nest_01
325	Waveform 1	1	765.551011726	765.767706613	0.000	22050.000	SAT.03_attempt.nest_01
325	Spectrogram 1	1	765.551011726	765.767706613	0.000	22050.000	SAT.03_attempt.nest_01
326	Waveform 1	1	767.407559809	767.814594799	0.000	22050.000	SAT.03_attempt.nest_01
326	Spectrogram 1	1	767.407559809	767.814594799	0.000	22050.000	SAT.03_attempt.nest_01
327	Waveform 1	1	768.013719830	768.309479067	0.000	22050.000	SAT.03_attempt.nest_01
327	Spectrogram 1	1	768.013719830	768.309479067	0.000	22050.000	SAT.03_attempt.nest_01
328	Waveform 1	1	768.722370676	769.026914841	0.000	22050.000	SAT.03_attempt.nest_01
328	Spectrogram 1	1	768.722370676	769.026914841	0.000	22050.000	SAT.03_attempt.nest_01
329	Waveform 1	1	769.149903830	769.518870800	0.000	22050.000	SAT.03_attempt.nest_01
329	Spectrogram 1	1	769.149903830	769.518870800	0.000	22050.000	SAT.03_attempt.nest_01
330	Waveform 1	1	772.209987027	772.479391481	0.000	22050.000	SAT.03_attempt.nest_01
330	Spectrogram 1	1	772.209987027	772.479391481	0.000	22050.000	SAT.03_attempt.nest_01
331	Waveform 1	1	773.217325419	773.466231708	0.000	22050.000	SAT.03_attempt.nest_01
331	Spectrogram 1	1	773.217325419	773.466231708	0.000	22050.000	SAT.03_attempt.nest_01
332	Waveform 1	1	786.620196990	786.983307340	0.000	22050.000	SAT.03_attempt.nest_01
332	Spectrogram 1	1	786.620196990	786.983307340	0.000	22050.000	SAT.03_attempt.nest_01
333	Waveform 1	1	790.306938372	790.640765630	0.000	22050.000	SAT.03_attempt.nest_01
333	Spectrogram 1	1	790.306938372	790.640765630	0.000	22050.000	SAT.03_attempt.nest_01
334	Waveform 1	1	821.159604937	821.443650937	0.000	22050.000	SAT.03_attempt.nest_01
334	Spectrogram 1	1	821.159604937	821.443650937	0.000	22050.000	SAT.03_attempt.nest_01
335	Waveform 1	1	821.470005721	821.686700608	0.000	22050.000	SAT.03_attempt.nest_01
335	Spectrogram 1	1	821.470005721	821.686700608	0.000	22050.000	SAT.03_attempt.nest_01
336	Waveform 1	1	821.701342154	821.950248443	0.000	22050.000	SAT.03_attempt.nest_01
336	Spectrogram 1	1	821.701342154	821.950248443	0.000	22050.000	SAT.03_attempt.nest_01
337	Waveform 1	1	821.959033371	822.169871639	0.000	22050.000	SAT.03_attempt.nest_01
337	Spectrogram 1	1	821.959033371	822.169871639	0.000	22050.000	SAT.03_attempt.nest_01
338	Waveform 1	1	822.219652896	822.474415804	0.000	22050.000	SAT.03_attempt.nest_01
338	Spectrogram 1	1	822.219652896	822.474415804	0.000	22050.000	SAT.03_attempt.nest_01
339	Waveform 1	1	832.688358569	833.069038776	0.000	22050.000	SAT.03_attempt.nest_01
339	Spectrogram 1	1	832.688358569	833.069038776	0.000	22050.000	SAT.03_attempt.nest_01
340	Waveform 1	1	847.886283728	848.202541130	0.000	22050.000	SAT.03_attempt.nest_01
340	Spectrogram 1	1	847.886283728	848.202541130	0.000	22050.000	SAT.03_attempt.nest_01
341	Waveform 1	1	849.572989873	849.933171914	0.000	22050.000	SAT.03_attempt.nest_01
341	Spectrogram 1	1	849.572989873	849.933171914	0.000	22050.000	SAT.03_attempt.nest_01
342	Waveform 1	1	850.410486327	850.735528657	0.000	22050.000	SAT.03_attempt.nest_01
342	Spectrogram 1	1	850.410486327	850.735528657	0.000	22050.000	SAT.03_attempt.nest_01
343	Waveform 1	1	850.858517646	851.277265873	0.000	22050.000	SAT.03_attempt.nest_01
343	Spectrogram 1	1	850.858517646	851.277265873	0.000	22050.000	SAT.03_attempt.nest_01
344	Waveform 1	1	851.452964430	852.144045420	0.000	22050.000	SAT.03_attempt.nest_01
344	Spectrogram 1	1	851.452964430	852.144045420	0.000	22050.000	SAT.03_attempt.nest_01
345	Waveform 1	1	854.647749854	855.063569771	0.000	22050.000	SAT.03_attempt.nest_01
345	Spectrogram 1	1	854.647749854	855.063569771	0.000	22050.000	SAT.03_attempt.nest_01
346	Waveform 1	1	858.100226494	858.445766989	0.000	22050.000	SAT.03_attempt.nest_01
346	Spectrogram 1	1	858.100226494	858.445766989	0.000	22050.000	SAT.03_attempt.nest_01
347	Waveform 1	1	861.110528433	861.734258309	0.000	22050.000	SAT.03_attempt.nest_01
347	Spectrogram 1	1	861.110528433	861.734258309	0.000	22050.000	SAT.03_attempt.nest_01
348	Waveform 1	1	866.621606496	866.794376744	0.000	22050.000	SAT.03_attempt.nest_01
348	Spectrogram 1	1	866.621606496	866.794376744	0.000	22050.000	SAT.03_attempt.nest_01
349	Waveform 1	1	866.835373073	866.987645156	0.000	22050.000	SAT.03_attempt.nest_01
349	Spectrogram 1	1	866.835373073	866.987645156	0.000	22050.000	SAT.03_attempt.nest_01
350	Waveform 1	1	867.022784867	867.183841878	0.000	22050.000	SAT.03_attempt.nest_01
350	Spectrogram 1	1	867.022784867	867.183841878	0.000	22050.000	SAT.03_attempt.nest_01
351	Waveform 1	1	867.201411733	867.385895218	0.000	22050.000	SAT.03_attempt.nest_01
351	Spectrogram 1	1	867.201411733	867.385895218	0.000	22050.000	SAT.03_attempt.nest_01
352	Waveform 1	1	881.734610686	882.018656686	0.000	22050.000	SAT.03_attempt.nest_01
352	Spectrogram 1	1	881.734610686	882.018656686	0.000	22050.000	SAT.03_attempt.nest_01
353	Waveform 1	1	886.516539739	886.826940522	0.000	22050.000	SAT.03_attempt.nest_01
353	Spectrogram 1	1	886.516539739	886.826940522	0.000	22050.000	SAT.03_attempt.nest_01
354	Waveform 1	1	891.644009286	892.018832874	0.000	22050.000	SAT.03_attempt.nest_01
354	Spectrogram 1	1	891.644009286	892.018832874	0.000	22050.000	SAT.03_attempt.nest_01
355	Waveform 1	1	893.506413988	893.892950813	0.000	22050.000	SAT.03_attempt.nest_01
355	Spectrogram 1	1	893.506413988	893.892950813	0.000	22050.000	SAT.03_attempt.nest_01
356	Waveform 1	1	893.910520668	894.285344256	0.000	22050.000	SAT.03_attempt.nest_01
356	Spectrogram 1	1	893.910520668	894.285344256	0.000	22050.000	SAT.03_attempt.nest_01
357	Waveform 1	1	894.361480297	894.648454607	0.000	22050.000	SAT.03_attempt.nest_01
357	Spectrogram 1	1	894.361480297	894.648454607	0.000	22050.000	SAT.03_attempt.nest_01
358	Waveform 1	1	894.712877411	894.947142153	0.000	22050.000	SAT.03_attempt.nest_01
358	Spectrogram 1	1	894.712877411	894.947142153	0.000	22050.000	SAT.03_attempt.nest_01
359	Waveform 1	1	917.129084943	917.474625438	0.000	22050.000	SAT.03_attempt.nest_01
359	Spectrogram 1	1	917.129084943	917.474625438	0.000	22050.000	SAT.03_attempt.nest_01
360	Waveform 1	1	920.771901686	921.240431171	0.000	22050.000	SAT.03_attempt.nest_01
360	Spectrogram 1	1	920.771901686	921.240431171	0.000	22050.000	SAT.03_attempt.nest_01
361	Waveform 1	1	937.428124866	937.744382268	0.000	22050.000	SAT.03_attempt.nest_01
361	Spectrogram 1	1	937.428124866	937.744382268	0.000	22050.000	SAT.03_attempt.nest_01
362	Waveform 1	1	943.729846435	944.169092826	0.000	22050.000	SAT.03_attempt.nest_01
362	Spectrogram 1	1	943.729846435	944.169092826	0.000	22050.000	SAT.03_attempt.nest_01
363	Waveform 1	1	947.173538147	947.700633817	0.000	22050.000	SAT.03_attempt.nest_01
363	Spectrogram 1	1	947.173538147	947.700633817	0.000	22050.000	SAT.03_attempt.nest_01
364	Waveform 1	1	947.847049281	948.028604456	0.000	22050.000	SAT.03_attempt.nest_01
364	Spectrogram 1	1	947.847049281	948.028604456	0.000	22050.000	SAT.03_attempt.nest_01
365	Waveform 1	1	948.087170642	948.221872869	0.000	22050.000	SAT.03_attempt.nest_01
365	Spectrogram 1	1	948.087170642	948.221872869	0.000	22050.000	SAT.03_attempt.nest_01
366	Waveform 1	1	950.090134189	950.646512952	0.000	22050.000	SAT.03_attempt.nest_01
366	Spectrogram 1	1	950.090134189	950.646512952	0.000	22050.000	SAT.03_attempt.nest_01
367	Waveform 1	1	954.670009901	955.296668087	0.000	22050.000	SAT.03_attempt.nest_01
367	Spectrogram 1	1	954.670009901	955.296668087	0.000	22050.000	SAT.03_attempt.nest_01
368	Waveform 1	1	963.785012688	964.052252493	0.000	22050.000	SAT.03_attempt.nest_01
368	Spectrogram 1	1	963.785012688	964.052252493	0.000	22050.000	SAT.03_attempt.nest_01
369	Waveform 1	1	964.139818934	964.361653918	0.000	22050.000	SAT.03_attempt.nest_01
369	Spectrogram 1	1	964.139818934	964.361653918	0.000	22050.000	SAT.03_attempt.nest_01
370	Waveform 1	1	973.022947897	973.521103650	0.000	22050.000	SAT.03_attempt.nest_01
370	Spectrogram 1	1	973.022947897	973.521103650	0.000	22050.000	SAT.03_attempt.nest_01
371	Waveform 1	1	980.713227340	981.159491869	0.000	22050.000	SAT.03_attempt.nest_01
371	Spectrogram 1	1	980.713227340	981.159491869	0.000	22050.000	SAT.03_attempt.nest_01
