Selection	View	Channel	Begin Time (s)	End Time (s)	Low Freq (Hz)	High Freq (Hz)	Annotation
1	Waveform 1	1	75.318843625	75.764171596	0.000	22050.000	NA_arriving_02
1	Spectrogram 1	1	75.318843625	75.764171596	0.000	22050.000	NA_arriving_02
2	Waveform 1	1	75.954311628	76.399639599	0.000	22050.000	NA_arriving_02
2	Spectrogram 1	1	75.954311628	76.399639599	0.000	22050.000	NA_arriving_02
3	Waveform 1	1	77.285291856	77.735623512	0.000	22050.000	NA_arriving_02
3	Spectrogram 1	1	77.285291856	77.735623512	0.000	22050.000	NA_arriving_02
5	Waveform 1	1	140.236965653	140.772359955	0.000	22050.000	sqs.01_moving.tree_u.02
5	Spectrogram 1	1	140.236965653	140.772359955	0.000	22050.000	sqs.01_moving.tree_u.02
6	Waveform 1	1	141.032551579	141.487886920	0.000	22050.000	sqs.01_moving.tree_u.02
6	Spectrogram 1	1	141.032551579	141.487886920	0.000	22050.000	sqs.01_moving.tree_u.02
7	Waveform 1	1	141.728063803	142.273465475	0.000	22050.000	sqs.01_moving.tree_u.02
7	Spectrogram 1	1	141.728063803	142.273465475	0.000	22050.000	sqs.01_moving.tree_u.02
8	Waveform 1	1	142.898926108	143.374276190	0.000	22050.000	sqs.01_moving.tree_u.02
8	Spectrogram 1	1	142.898926108	143.374276190	0.000	22050.000	sqs.01_moving.tree_u.02
9	Waveform 1	1	226.597513199	227.077866965	0.000	22050.000	
9	Spectrogram 1	1	226.597513199	227.077866965	0.000	22050.000	
10	Waveform 1	1	242.193796452	242.554061777	0.000	22050.000	NA_nest_u.02
10	Spectrogram 1	1	242.193796452	242.554061777	0.000	22050.000	NA_nest_u.02
11	Waveform 1	1	242.914327102	243.414695608	0.000	22050.000	NA_nest_u.02
11	Spectrogram 1	1	242.914327102	243.414695608	0.000	22050.000	NA_nest_u.02
12	Waveform 1	1	251.593066267	252.223530585	0.000	22050.000	
12	Spectrogram 1	1	251.593066267	252.223530585	0.000	22050.000	
13	Waveform 1	1	252.513744319	253.054142306	0.000	22050.000	
13	Spectrogram 1	1	252.513744319	253.054142306	0.000	22050.000	
14	Waveform 1	1	253.079160731	253.334348670	0.000	22050.000	
14	Spectrogram 1	1	253.079160731	253.334348670	0.000	22050.000	
15	Waveform 1	1	253.419411316	253.674599254	0.000	22050.000	
15	Spectrogram 1	1	253.419411316	253.674599254	0.000	22050.000	
16	Waveform 1	1	256.424073165	256.744309009	0.000	22050.000	
16	Spectrogram 1	1	256.424073165	256.744309009	0.000	22050.000	
17	Waveform 1	1	265.346153757	265.601341696	0.000	22050.000	NA_nest_NA
17	Spectrogram 1	1	265.346153757	265.601341696	0.000	22050.000	NA_nest_NA
18	Waveform 1	1	265.631363806	266.046669667	0.000	22050.000	NA_nest_NA
18	Spectrogram 1	1	265.631363806	266.046669667	0.000	22050.000	NA_nest_NA
19	Waveform 1	1	266.046669667	266.431953417	0.000	22050.000	NA_nest_NA
19	Spectrogram 1	1	266.046669667	266.431953417	0.000	22050.000	NA_nest_NA
20	Waveform 1	1	283.951489842	284.241703576	0.000	22050.000	NA_nest_NA
20	Spectrogram 1	1	283.951489842	284.241703576	0.000	22050.000	NA_nest_NA
21	Waveform 1	1	291.544429348	291.994761004	0.000	22050.000	NA_nest_NA
21	Spectrogram 1	1	291.544429348	291.994761004	0.000	22050.000	NA_nest_NA
22	Waveform 1	1	301.080738399	301.245860007	0.000	22050.000	NA_nest_NA
22	Spectrogram 1	1	301.080738399	301.245860007	0.000	22050.000	NA_nest_NA
23	Waveform 1	1	310.433749644	310.728967063	0.000	22050.000	NA_nest_NA
23	Spectrogram 1	1	310.433749644	310.728967063	0.000	22050.000	NA_nest_NA
24	Waveform 1	1	310.728967063	311.044199222	0.000	22050.000	NA_nest_NA
24	Spectrogram 1	1	310.728967063	311.044199222	0.000	22050.000	NA_nest_NA
25	Waveform 1	1	311.044199222	311.319401900	0.000	22050.000	NA_nest_NA
25	Spectrogram 1	1	311.044199222	311.319401900	0.000	22050.000	NA_nest_NA
26	Waveform 1	1	322.199762495	322.454950433	0.000	22050.000	NA_nest_NA
26	Spectrogram 1	1	322.199762495	322.454950433	0.000	22050.000	NA_nest_NA
27	Waveform 1	1	336.541346201	336.766512029	0.000	22050.000	
27	Spectrogram 1	1	336.541346201	336.766512029	0.000	22050.000	
28	Waveform 1	1	366.178378837	366.568666272	0.000	22050.000	NA_u.nest_06
28	Spectrogram 1	1	366.178378837	366.568666272	0.000	22050.000	NA_u.nest_06
29	Waveform 1	1	375.281205828	375.756555909	0.000	22050.000	sqs.02_nest_06
29	Spectrogram 1	1	375.281205828	375.756555909	0.000	22050.000	sqs.02_nest_06
30	Waveform 1	1	382.866078137	383.236350831	0.000	22050.000	
30	Spectrogram 1	1	382.866078137	383.236350831	0.000	22050.000	
31	Waveform 1	1	403.315221652	403.700505402	0.000	22050.000	sqs.03_nest_NA
31	Spectrogram 1	1	403.315221652	403.700505402	0.000	22050.000	sqs.03_nest_NA
32	Waveform 1	1	411.701908459	411.967103768	0.000	22050.000	sqs.03_moving.tree_NA
32	Spectrogram 1	1	411.701908459	411.967103768	0.000	22050.000	sqs.03_moving.tree_NA
33	Waveform 1	1	412.002129563	412.307354353	0.000	22050.000	sqs.03_moving.tree_NA
33	Spectrogram 1	1	412.002129563	412.307354353	0.000	22050.000	sqs.03_moving.tree_NA
34	Waveform 1	1	418.314226987	418.589429666	0.000	22050.000	
34	Spectrogram 1	1	418.314226987	418.589429666	0.000	22050.000	
35	Waveform 1	1	418.714521793	418.984720786	0.000	22050.000	
35	Spectrogram 1	1	418.714521793	418.984720786	0.000	22050.000	
36	Waveform 1	1	420.695981079	421.186342216	0.000	22050.000	
36	Spectrogram 1	1	420.695981079	421.186342216	0.000	22050.000	
37	Waveform 1	1	421.659139421	422.474740087	0.000	22050.000	
37	Spectrogram 1	1	421.659139421	422.474740087	0.000	22050.000	
38	Waveform 1	1	422.474740087	423.085189665	0.000	22050.000	
38	Spectrogram 1	1	422.474740087	423.085189665	0.000	22050.000	
39	Waveform 1	1	423.085189665	423.830738740	0.000	22050.000	
39	Spectrogram 1	1	423.085189665	423.830738740	0.000	22050.000	
40	Waveform 1	1	423.915801386	424.901527344	0.000	22050.000	
40	Spectrogram 1	1	423.915801386	424.901527344	0.000	22050.000	
41	Waveform 1	1	549.702939191	550.173285587	0.000	22050.000	
41	Spectrogram 1	1	549.702939191	550.173285587	0.000	22050.000	
42	Waveform 1	1	550.173285587	550.443484581	0.000	22050.000	
42	Spectrogram 1	1	550.173285587	550.443484581	0.000	22050.000	
43	Waveform 1	1	556.808070388	557.168335713	0.000	22050.000	
43	Spectrogram 1	1	556.808070388	557.168335713	0.000	22050.000	
44	Waveform 1	1	557.168335713	557.573634203	0.000	22050.000	
44	Spectrogram 1	1	557.168335713	557.573634203	0.000	22050.000	
45	Waveform 1	1	557.573634203	557.938903213	0.000	22050.000	
45	Spectrogram 1	1	557.573634203	557.938903213	0.000	22050.000	
46	Waveform 1	1	557.938903213	558.314179593	0.000	22050.000	
46	Spectrogram 1	1	557.938903213	558.314179593	0.000	22050.000	
47	Waveform 1	1	558.369220129	558.819551785	0.000	22050.000	
47	Spectrogram 1	1	558.369220129	558.819551785	0.000	22050.000	
48	Waveform 1	1	558.954651282	559.435005048	0.000	22050.000	
48	Spectrogram 1	1	558.954651282	559.435005048	0.000	22050.000	
49	Waveform 1	1	559.815285113	560.390708896	0.000	22050.000	
49	Spectrogram 1	1	559.815285113	560.390708896	0.000	22050.000	
50	Waveform 1	1	560.760981591	561.516538036	0.000	22050.000	
50	Spectrogram 1	1	560.760981591	561.516538036	0.000	22050.000	
51	Waveform 1	1	561.516538036	562.131991299	0.000	22050.000	
51	Spectrogram 1	1	561.516538036	562.131991299	0.000	22050.000	
52	Waveform 1	1	562.131991299	562.767459302	0.000	22050.000	
52	Spectrogram 1	1	562.131991299	562.767459302	0.000	22050.000	
53	Waveform 1	1	563.855709423	564.511192166	0.000	22050.000	
53	Spectrogram 1	1	563.855709423	564.511192166	0.000	22050.000	
54	Waveform 1	1	564.511192166	564.876461176	0.000	22050.000	sqs.04_agitated_NA
54	Spectrogram 1	1	564.511192166	564.876461176	0.000	22050.000	sqs.04_agitated_NA
55	Waveform 1	1	564.936505397	565.196697021	0.000	22050.000	sqs.04_agitated_NA
55	Spectrogram 1	1	564.936505397	565.196697021	0.000	22050.000	sqs.04_agitated_NA
56	Waveform 1	1	565.196697021	565.481907069	0.000	22050.000	sqs.04_agitated_NA
56	Spectrogram 1	1	565.196697021	565.481907069	0.000	22050.000	sqs.04_agitated_NA
57	Waveform 1	1	565.481907069	565.737095008	0.000	22050.000	sqs.04_agitated_NA
57	Spectrogram 1	1	565.481907069	565.737095008	0.000	22050.000	sqs.04_agitated_NA
58	Waveform 1	1	565.737095008	566.022305057	0.000	22050.000	sqs.04_agitated_NA
58	Spectrogram 1	1	565.737095008	566.022305057	0.000	22050.000	sqs.04_agitated_NA
59	Waveform 1	1	570.025151560	570.305357924	0.000	22050.000	sqs.04_agitated_NA
59	Spectrogram 1	1	570.025151560	570.305357924	0.000	22050.000	sqs.04_agitated_NA
60	Waveform 1	1	570.305357924	570.530523752	0.000	22050.000	sqs.04_agitated_NA
60	Spectrogram 1	1	570.305357924	570.530523752	0.000	22050.000	sqs.04_agitated_NA
61	Waveform 1	1	570.530523752	570.750685895	0.000	22050.000	sqs.04_agitated_NA
61	Spectrogram 1	1	570.530523752	570.750685895	0.000	22050.000	sqs.04_agitated_NA
62	Waveform 1	1	570.890789077	571.090936479	0.000	22050.000	sqs.04_agitated_NA
62	Spectrogram 1	1	570.890789077	571.090936479	0.000	22050.000	sqs.04_agitated_NA
63	Waveform 1	1	571.130965960	571.326109677	0.000	22050.000	sqs.04_agitated_NA
63	Spectrogram 1	1	571.130965960	571.326109677	0.000	22050.000	sqs.04_agitated_NA
64	Waveform 1	1	571.386153898	571.606316041	0.000	22050.000	sqs.04_agitated_NA
64	Spectrogram 1	1	571.386153898	571.606316041	0.000	22050.000	sqs.04_agitated_NA
65	Waveform 1	1	571.606316041	571.846492924	0.000	22050.000	sqs.04_agitated_NA
65	Spectrogram 1	1	571.606316041	571.846492924	0.000	22050.000	sqs.04_agitated_NA
66	Waveform 1	1	571.846492924	572.096677178	0.000	22050.000	
66	Spectrogram 1	1	571.846492924	572.096677178	0.000	22050.000	
67	Waveform 1	1	572.216765619	572.486964613	0.000	22050.000	sqs.04_agitated_NA
67	Spectrogram 1	1	572.216765619	572.486964613	0.000	22050.000	sqs.04_agitated_NA
68	Waveform 1	1	572.567023574	572.932292584	0.000	22050.000	sqs.04_agitated_NA
68	Spectrogram 1	1	572.567023574	572.932292584	0.000	22050.000	sqs.04_agitated_NA
69	Waveform 1	1	572.992336805	573.192484207	0.000	22050.000	sqs.04_agitated_NA
69	Spectrogram 1	1	572.992336805	573.192484207	0.000	22050.000	sqs.04_agitated_NA
70	Waveform 1	1	573.292557909	573.502712681	0.000	22050.000	sqs.04_agitated_NA
70	Spectrogram 1	1	573.292557909	573.502712681	0.000	22050.000	sqs.04_agitated_NA
71	Waveform 1	1	573.557753217	573.732882194	0.000	22050.000	sqs.04_agitated_NA
71	Spectrogram 1	1	573.557753217	573.732882194	0.000	22050.000	sqs.04_agitated_NA
72	Waveform 1	1	573.732882194	573.953044337	0.000	22050.000	sqs.04_agitated_NA
72	Spectrogram 1	1	573.732882194	573.953044337	0.000	22050.000	sqs.04_agitated_NA
73	Waveform 1	1	573.953044337	574.223243331	0.000	22050.000	sqs.04_agitated_NA
73	Spectrogram 1	1	573.953044337	574.223243331	0.000	22050.000	sqs.04_agitated_NA
74	Waveform 1	1	574.243258071	574.493442325	0.000	22050.000	sqs.04_agitated_NA
74	Spectrogram 1	1	574.243258071	574.493442325	0.000	22050.000	sqs.04_agitated_NA
75	Waveform 1	1	580.397689153	581.058175582	0.000	22050.000	sqs.04_agitated_NA
75	Spectrogram 1	1	580.397689153	581.058175582	0.000	22050.000	sqs.04_agitated_NA
76	Waveform 1	1	581.225135296	581.410271644	0.000	22050.000	sqs.04_agitated_NA
76	Spectrogram 1	1	581.225135296	581.410271644	0.000	22050.000	sqs.04_agitated_NA
77	Waveform 1	1	581.450301124	581.675466952	0.000	22050.000	sqs.04_agitated_NA
77	Spectrogram 1	1	581.450301124	581.675466952	0.000	22050.000	sqs.04_agitated_NA
78	Waveform 1	1	581.750522228	581.955673316	0.000	22050.000	sqs.04_agitated_NA
78	Spectrogram 1	1	581.750522228	581.955673316	0.000	22050.000	sqs.04_agitated_NA
79	Waveform 1	1	581.955673316	582.155820719	0.000	22050.000	sqs.04_agitated_NA
79	Spectrogram 1	1	581.955673316	582.155820719	0.000	22050.000	sqs.04_agitated_NA
80	Waveform 1	1	582.155820719	582.421016027	0.000	22050.000	sqs.04_agitated_NA
80	Spectrogram 1	1	582.155820719	582.421016027	0.000	22050.000	sqs.04_agitated_NA
81	Waveform 1	1	587.590333854	588.320871873	0.000	22050.000	sqs.04_agitated_NA
81	Spectrogram 1	1	587.590333854	588.320871873	0.000	22050.000	sqs.04_agitated_NA
82	Waveform 1	1	592.273783076	592.879228969	0.000	22050.000	sqs.04_agitated_NA
82	Spectrogram 1	1	592.273783076	592.879228969	0.000	22050.000	sqs.04_agitated_NA
83	Waveform 1	1	592.984306355	593.234490609	0.000	22050.000	sqs.04_agitated_NA
83	Spectrogram 1	1	592.984306355	593.234490609	0.000	22050.000	sqs.04_agitated_NA
84	Waveform 1	1	593.224483239	593.424630641	0.000	22050.000	sqs.04_agitated_NA
84	Spectrogram 1	1	593.224483239	593.424630641	0.000	22050.000	sqs.04_agitated_NA
85	Waveform 1	1	593.459656437	593.664807524	0.000	22050.000	sqs.04_agitated_NA
85	Spectrogram 1	1	593.459656437	593.664807524	0.000	22050.000	sqs.04_agitated_NA
86	Waveform 1	1	593.674814895	593.940010203	0.000	22050.000	sqs.04_agitated_NA
86	Spectrogram 1	1	593.674814895	593.940010203	0.000	22050.000	sqs.04_agitated_NA
87	Waveform 1	1	593.940010203	594.180187086	0.000	22050.000	sqs.04_agitated_NA
87	Spectrogram 1	1	593.940010203	594.180187086	0.000	22050.000	sqs.04_agitated_NA
88	Waveform 1	1	594.200201827	594.430371340	0.000	22050.000	sqs.04_agitated_NA
88	Spectrogram 1	1	594.200201827	594.430371340	0.000	22050.000	sqs.04_agitated_NA
89	Waveform 1	1	596.204126412	597.540110324	0.000	22050.000	sqs.04_agitated_NA
89	Spectrogram 1	1	596.204126412	597.540110324	0.000	22050.000	sqs.04_agitated_NA
90	Waveform 1	1	597.690220876	598.305674140	0.000	22050.000	sqs.04_agitated_NA
90	Spectrogram 1	1	597.690220876	598.305674140	0.000	22050.000	sqs.04_agitated_NA
91	Waveform 1	1	599.724780525	601.295937636	0.000	22050.000	sqs.04_agitated_NA
91	Spectrogram 1	1	599.724780525	601.295937636	0.000	22050.000	sqs.04_agitated_NA
92	Waveform 1	1	601.370992912	602.066505136	0.000	22050.000	sqs.04_agitated_NA
92	Spectrogram 1	1	601.370992912	602.066505136	0.000	22050.000	sqs.04_agitated_NA
93	Waveform 1	1	602.251641484	602.506829422	0.000	22050.000	sqs.04_agitated_NA
93	Spectrogram 1	1	602.251641484	602.506829422	0.000	22050.000	sqs.04_agitated_NA
94	Waveform 1	1	602.506829422	602.711980510	0.000	22050.000	sqs.04_agitated_NA
94	Spectrogram 1	1	602.506829422	602.711980510	0.000	22050.000	sqs.04_agitated_NA
95	Waveform 1	1	602.711980510	602.907124227	0.000	22050.000	\sqs.04_agitated_NA
95	Spectrogram 1	1	602.711980510	602.907124227	0.000	22050.000	\sqs.04_agitated_NA
96	Waveform 1	1	602.907124227	603.612643822	0.000	22050.000	sqs.04_agitated_NA
96	Spectrogram 1	1	602.907124227	603.612643822	0.000	22050.000	sqs.04_agitated_NA
97	Waveform 1	1	604.281197447	604.576414866	0.000	22050.000	sqs.04_agitated_NA
97	Spectrogram 1	1	604.281197447	604.576414866	0.000	22050.000	sqs.04_agitated_NA
98	Waveform 1	1	604.576414866	604.856621230	0.000	22050.000	sqs.04_agitated_NA
98	Spectrogram 1	1	604.576414866	604.856621230	0.000	22050.000	sqs.04_agitated_NA
99	Waveform 1	1	604.856621230	605.091794428	0.000	22050.000	sqs.04_agitated_NA
99	Spectrogram 1	1	604.856621230	605.091794428	0.000	22050.000	sqs.04_agitated_NA
100	Waveform 1	1	605.091794428	605.336974996	0.000	22050.000	sqs.04_agitated_NA
100	Spectrogram 1	1	605.091794428	605.336974996	0.000	22050.000	sqs.04_agitated_NA
101	Waveform 1	1	605.336974996	605.597166620	0.000	22050.000	sqs.04_agitated_NA
101	Spectrogram 1	1	605.336974996	605.597166620	0.000	22050.000	sqs.04_agitated_NA
102	Waveform 1	1	605.597166620	605.832339818	0.000	22050.000	sqs.04_agitated_NA
102	Spectrogram 1	1	605.597166620	605.832339818	0.000	22050.000	sqs.04_agitated_NA
103	Waveform 1	1	605.882376668	606.152575662	0.000	22050.000	sqs.04_agitated_NA
103	Spectrogram 1	1	605.882376668	606.152575662	0.000	22050.000	sqs.04_agitated_NA
104	Waveform 1	1	606.152575662	606.437785711	0.000	22050.000	sqs.04_agitated_NA
104	Spectrogram 1	1	606.152575662	606.437785711	0.000	22050.000	sqs.04_agitated_NA
105	Waveform 1	1	606.437785711	606.712988389	0.000	22050.000	sqs.04_agitated_NA
105	Spectrogram 1	1	606.437785711	606.712988389	0.000	22050.000	sqs.04_agitated_NA
106	Waveform 1	1	606.712988389	606.988191068	0.000	22050.000	sqs.04_agitated_NA
106	Spectrogram 1	1	606.712988389	606.988191068	0.000	22050.000	sqs.04_agitated_NA
107	Waveform 1	1	606.988191068	607.313430597	0.000	22050.000	sqs.04_agitated_NA
107	Spectrogram 1	1	606.988191068	607.313430597	0.000	22050.000	sqs.04_agitated_NA
108	Waveform 1	1	612.953707522	613.163862295	0.000	22050.000	sqs.04_agitated_NA
108	Spectrogram 1	1	612.953707522	613.163862295	0.000	22050.000	sqs.04_agitated_NA
109	Waveform 1	1	613.163862295	613.399035493	0.000	22050.000	sqs.04_agitated_NA
109	Spectrogram 1	1	613.163862295	613.399035493	0.000	22050.000	sqs.04_agitated_NA
110	Waveform 1	1	613.399035493	613.644216062	0.000	22050.000	sqs.04_agitated_NA
110	Spectrogram 1	1	613.399035493	613.644216062	0.000	22050.000	sqs.04_agitated_NA
111	Waveform 1	1	613.644216062	613.889396630	0.000	22050.000	sqs.04_agitated_NA
111	Spectrogram 1	1	613.644216062	613.889396630	0.000	22050.000	sqs.04_agitated_NA
112	Waveform 1	1	613.939433480	614.149588253	0.000	22050.000	sqs.04_agitated_NA
112	Spectrogram 1	1	613.939433480	614.149588253	0.000	22050.000	sqs.04_agitated_NA
113	Waveform 1	1	614.149588253	614.384761451	0.000	22050.000	sqs.04_agitated_NA
113	Spectrogram 1	1	614.149588253	614.384761451	0.000	22050.000	sqs.04_agitated_NA
114	Waveform 1	1	614.474827783	614.715004666	0.000	22050.000	sqs.04_agitated_NA
114	Spectrogram 1	1	614.474827783	614.715004666	0.000	22050.000	sqs.04_agitated_NA
115	Waveform 1	1	889.326475513	889.861869815	0.000	22050.000	
115	Spectrogram 1	1	889.326475513	889.861869815	0.000	22050.000	
