Selection	View	Channel	Begin Time (s)	End Time (s)	Low Freq (Hz)	High Freq (Hz)	Annotation
1	Waveform 1	1	92.889381636	93.277564114	0.000	22050.000	
1	Spectrogram 1	1	92.889381636	93.277564114	0.000	22050.000	
2	Waveform 1	1	93.445776521	93.840428707	0.000	22050.000	
2	Spectrogram 1	1	93.445776521	93.840428707	0.000	22050.000	
3	Waveform 1	1	93.840428707	94.163914106	0.000	22050.000	
3	Spectrogram 1	1	93.840428707	94.163914106	0.000	22050.000	
4	Waveform 1	1	94.163914106	94.513278336	0.000	22050.000	
4	Spectrogram 1	1	94.163914106	94.513278336	0.000	22050.000	
5	Waveform 1	1	95.250825045	95.613128691	0.000	22050.000	
5	Spectrogram 1	1	95.250825045	95.613128691	0.000	22050.000	
6	Waveform 1	1	96.169523576	96.434781603	0.000	22050.000	
6	Spectrogram 1	1	96.169523576	96.434781603	0.000	22050.000	
7	Waveform 1	1	96.480069559	96.764736710	0.000	22050.000	
7	Spectrogram 1	1	96.480069559	96.764736710	0.000	22050.000	
8	Waveform 1	1	96.764736710	97.004115905	0.000	22050.000	
8	Spectrogram 1	1	96.764736710	97.004115905	0.000	22050.000	
9	Waveform 1	1	101.920428067	102.082170766	0.000	22050.000	
9	Spectrogram 1	1	101.920428067	102.082170766	0.000	22050.000	
10	Waveform 1	1	104.094249945	104.385386804	0.000	22050.000	
10	Spectrogram 1	1	104.094249945	104.385386804	0.000	22050.000	
11	Waveform 1	1	108.095015193	108.282636724	0.000	22050.000	
11	Spectrogram 1	1	108.095015193	108.282636724	0.000	22050.000	
12	Waveform 1	1	139.893618483	140.365907164	0.000	22050.000	
12	Spectrogram 1	1	139.893618483	140.365907164	0.000	22050.000	
13	Waveform 1	1	140.682922855	141.148741829	0.000	22050.000	
13	Spectrogram 1	1	140.682922855	141.148741829	0.000	22050.000	
14	Waveform 1	1	141.439878687	141.860409705	0.000	22050.000	
14	Spectrogram 1	1	141.439878687	141.860409705	0.000	22050.000	
15	Waveform 1	1	141.860409705	142.248592184	0.000	22050.000	
15	Spectrogram 1	1	141.860409705	142.248592184	0.000	22050.000	
16	Waveform 1	1	142.306819555	142.779108237	0.000	22050.000	
16	Spectrogram 1	1	142.306819555	142.779108237	0.000	22050.000	
17	Waveform 1	1	143.529594361	143.924246548	0.000	22050.000	
17	Spectrogram 1	1	143.529594361	143.924246548	0.000	22050.000	
18	Waveform 1	1	143.924246548	144.396535229	0.000	22050.000	
18	Spectrogram 1	1	143.924246548	144.396535229	0.000	22050.000	
19	Waveform 1	1	171.284796644	171.634160874	0.000	22050.000	
19	Spectrogram 1	1	171.284796644	171.634160874	0.000	22050.000	
20	Waveform 1	1	172.455813786	172.740480937	0.000	22050.000	
20	Spectrogram 1	1	172.455813786	172.740480937	0.000	22050.000	
21	Waveform 1	1	172.740480937	172.953981300	0.000	22050.000	
21	Spectrogram 1	1	172.740480937	172.953981300	0.000	22050.000	
22	Waveform 1	1	183.521333664	183.941864682	0.000	22050.000	
22	Spectrogram 1	1	183.521333664	183.941864682	0.000	22050.000	
23	Waveform 1	1	184.174774168	184.537077815	0.000	22050.000	
23	Spectrogram 1	1	184.174774168	184.537077815	0.000	22050.000	
24	Waveform 1	1	185.695155541	186.102747143	0.000	22050.000	
24	Spectrogram 1	1	185.695155541	186.102747143	0.000	22050.000	
25	Waveform 1	1	186.458581082	186.678551153	0.000	22050.000	
25	Spectrogram 1	1	186.458581082	186.678551153	0.000	22050.000	
26	Waveform 1	1	186.678551153	186.969688011	0.000	22050.000	
26	Spectrogram 1	1	186.678551153	186.969688011	0.000	22050.000	
27	Waveform 1	1	195.663643734	196.045356504	0.000	22050.000	
27	Spectrogram 1	1	195.663643734	196.045356504	0.000	22050.000	
28	Waveform 1	1	200.457031445	200.838744215	0.000	22050.000	
28	Spectrogram 1	1	200.457031445	200.838744215	0.000	22050.000	
29	Waveform 1	1	204.921129944	205.251085050	0.000	22050.000	
29	Spectrogram 1	1	204.921129944	205.251085050	0.000	22050.000	
30	Waveform 1	1	209.433168595	209.724305454	0.000	22050.000	
30	Spectrogram 1	1	209.433168595	209.724305454	0.000	22050.000	
31	Waveform 1	1	212.955341927	213.272357618	0.000	22050.000	
31	Spectrogram 1	1	212.955341927	213.272357618	0.000	22050.000	
32	Waveform 1	1	216.319590071	216.714242257	0.000	22050.000	
32	Spectrogram 1	1	216.319590071	216.714242257	0.000	22050.000	
33	Waveform 1	1	222.176995033	222.442253060	0.000	22050.000	
33	Spectrogram 1	1	222.176995033	222.442253060	0.000	22050.000	
34	Waveform 1	1	276.840701169	277.151247151	0.000	22050.000	
34	Spectrogram 1	1	276.840701169	277.151247151	0.000	22050.000	
35	Waveform 1	1	282.044998573	282.530226671	0.000	22050.000	
35	Spectrogram 1	1	282.044998573	282.530226671	0.000	22050.000	
36	Waveform 1	1	287.384993371	287.676130229	0.000	22050.000	
36	Spectrogram 1	1	287.384993371	287.676130229	0.000	22050.000	
37	Waveform 1	1	293.770595137	294.158777615	0.000	22050.000	
37	Spectrogram 1	1	293.770595137	294.158777615	0.000	22050.000	
38	Waveform 1	1	296.209009147	296.513085421	0.000	22050.000	
38	Spectrogram 1	1	296.209009147	296.513085421	0.000	22050.000	
39	Waveform 1	1	296.513085421	296.739525200	0.000	22050.000	
39	Spectrogram 1	1	296.513085421	296.739525200	0.000	22050.000	
40	Waveform 1	1	296.726585784	296.901267900	0.000	22050.000	
40	Spectrogram 1	1	296.726585784	296.901267900	0.000	22050.000	
41	Waveform 1	1	302.927051742	303.244067433	0.000	22050.000	
41	Spectrogram 1	1	302.927051742	303.244067433	0.000	22050.000	
42	Waveform 1	1	305.819011205	306.155436019	0.000	22050.000	
42	Spectrogram 1	1	305.819011205	306.155436019	0.000	22050.000	
43	Waveform 1	1	307.300574330	307.578771772	0.000	22050.000	
43	Spectrogram 1	1	307.300574330	307.578771772	0.000	22050.000	
44	Waveform 1	1	307.578771772	307.850499507	0.000	22050.000	
44	Spectrogram 1	1	307.578771772	307.850499507	0.000	22050.000	
45	Waveform 1	1	310.974702562	311.375824456	0.000	22050.000	
45	Spectrogram 1	1	310.974702562	311.375824456	0.000	22050.000	
46	Waveform 1	1	311.375824456	311.692840147	0.000	22050.000	
46	Spectrogram 1	1	311.375824456	311.692840147	0.000	22050.000	
47	Waveform 1	1	315.237574220	315.722802317	0.000	22050.000	
47	Spectrogram 1	1	315.237574220	315.722802317	0.000	22050.000	
48	Waveform 1	1	328.088400549	328.444234488	0.000	22050.000	
48	Spectrogram 1	1	328.088400549	328.444234488	0.000	22050.000	
49	Waveform 1	1	334.622805599	334.926881873	0.000	22050.000	
49	Spectrogram 1	1	334.622805599	334.926881873	0.000	22050.000	
50	Waveform 1	1	337.135538014	337.620766111	0.000	22050.000	
50	Spectrogram 1	1	337.135538014	337.620766111	0.000	22050.000	
51	Waveform 1	1	375.354910279	375.697804802	0.000	22050.000	
51	Spectrogram 1	1	375.354910279	375.697804802	0.000	22050.000	
52	Waveform 1	1	412.626387564	413.072797414	0.000	22050.000	
52	Spectrogram 1	1	412.626387564	413.072797414	0.000	22050.000	
53	Waveform 1	1	431.787498414	432.091574688	0.000	22050.000	
53	Spectrogram 1	1	431.787498414	432.091574688	0.000	22050.000	
54	Waveform 1	1	436.600961143	436.924446541	0.000	22050.000	
54	Spectrogram 1	1	436.600961143	436.924446541	0.000	22050.000	
55	Waveform 1	1	451.718837458	452.035853149	0.000	22050.000	
55	Spectrogram 1	1	451.718837458	452.035853149	0.000	22050.000	
56	Waveform 1	1	477.210307846	477.533793244	0.000	22050.000	
56	Spectrogram 1	1	477.210307846	477.533793244	0.000	22050.000	
57	Waveform 1	1	477.553202368	477.889627182	0.000	22050.000	
57	Spectrogram 1	1	477.553202368	477.889627182	0.000	22050.000	
58	Waveform 1	1	479.228856732	479.597630086	0.000	22050.000	
58	Spectrogram 1	1	479.228856732	479.597630086	0.000	22050.000	
59	Waveform 1	1	553.322249835	553.665144357	0.000	22050.000	
59	Spectrogram 1	1	553.322249835	553.665144357	0.000	22050.000	
60	Waveform 1	1	594.772825521	595.161007999	0.000	22050.000	
60	Spectrogram 1	1	594.772825521	595.161007999	0.000	22050.000	
61	Waveform 1	1	617.297852041	617.731322475	0.000	22050.000	
61	Spectrogram 1	1	617.297852041	617.731322475	0.000	22050.000	
62	Waveform 1	1	631.125437801	631.474802031	0.000	22050.000	
62	Spectrogram 1	1	631.125437801	631.474802031	0.000	22050.000	
63	Waveform 1	1	684.686141965	684.990218239	0.000	22050.000	
63	Spectrogram 1	1	684.686141965	684.990218239	0.000	22050.000	
64	Waveform 1	1	731.823091535	732.133637518	0.000	22050.000	
64	Spectrogram 1	1	731.823091535	732.133637518	0.000	22050.000	
65	Waveform 1	1	734.909142237	735.213218511	0.000	22050.000	
65	Spectrogram 1	1	734.909142237	735.213218511	0.000	22050.000	
66	Waveform 1	1	734.372156475	734.708581290	0.000	22050.000	
66	Spectrogram 1	1	734.372156475	734.708581290	0.000	22050.000	
67	Waveform 1	1	737.467329081	737.810223604	0.000	22050.000	
67	Spectrogram 1	1	737.467329081	737.810223604	0.000	22050.000	
68	Waveform 1	1	747.976287600	748.299772998	0.000	22050.000	
68	Spectrogram 1	1	747.976287600	748.299772998	0.000	22050.000	
69	Waveform 1	1	748.299772998	748.558561317	0.000	22050.000	
69	Spectrogram 1	1	748.299772998	748.558561317	0.000	22050.000	
70	Waveform 1	1	753.662661484	754.012025714	0.000	22050.000	
70	Spectrogram 1	1	753.662661484	754.012025714	0.000	22050.000	
71	Waveform 1	1	756.159968760	756.412287371	0.000	22050.000	
71	Spectrogram 1	1	756.159968760	756.412287371	0.000	22050.000	
72	Waveform 1	1	802.462159529	802.805054052	0.000	22050.000	
72	Spectrogram 1	1	802.462159529	802.805054052	0.000	22050.000	
73	Waveform 1	1	812.547102465	812.831769616	0.000	22050.000	
73	Spectrogram 1	1	812.547102465	812.831769616	0.000	22050.000	
74	Waveform 1	1	818.014005700	818.434536718	0.000	22050.000	
74	Spectrogram 1	1	818.014005700	818.434536718	0.000	22050.000	
75	Waveform 1	1	821.118966104	821.410102963	0.000	22050.000	
75	Spectrogram 1	1	821.118966104	821.410102963	0.000	22050.000	
76	Waveform 1	1	822.225286167	822.613468645	0.000	22050.000	
76	Spectrogram 1	1	822.225286167	822.613468645	0.000	22050.000	
77	Waveform 1	1	831.107029894	831.411106169	0.000	22050.000	
77	Spectrogram 1	1	831.107029894	831.411106169	0.000	22050.000	
78	Waveform 1	1	829.250223707	829.560769689	0.000	22050.000	
78	Spectrogram 1	1	829.250223707	829.560769689	0.000	22050.000	
79	Waveform 1	1	830.485937929	830.783544496	0.000	22050.000	
79	Spectrogram 1	1	830.485937929	830.783544496	0.000	22050.000	
80	Waveform 1	1	872.123968673	872.570378523	0.000	22050.000	
80	Spectrogram 1	1	872.123968673	872.570378523	0.000	22050.000	
81	Waveform 1	1	877.558523367	877.791432854	0.000	22050.000	
81	Spectrogram 1	1	877.558523367	877.791432854	0.000	22050.000	
